https://www.CryptoDataDownload.com
unix,date,symbol,open,high,low,close,Volume ETH,Volume BTC
1663545600000.0,2022-09-19 00:00:00,ETH/BTC,0.06872,0.06894,0.06864,0.06889,322.95866021919,22.2486221025
1663542000000.0,2022-09-18 23:00:00,ETH/BTC,0.06894,0.0693875,0.0686225,0.06872,930.5217968931897,63.9454578825
1663538400000.0,2022-09-18 22:00:00,ETH/BTC,0.0685425,0.0690575,0.0683875,0.06894,564.0120994342907,38.882994135
1663534800000.0,2022-09-18 21:00:00,ETH/BTC,0.069575,0.0695875,0.0681275,0.0685425,3286.2664807601122,225.2489202575
1663531200000.0,2022-09-18 20:00:00,ETH/BTC,0.0699925,0.0700025,0.0695,0.0695825,1422.1715810728272,98.95825404
1663527600000.0,2022-09-18 19:00:00,ETH/BTC,0.0699875,0.0703625,0.0698325,0.0699925,583.6415395578098,40.8505304575
1663524000000.0,2022-09-18 18:00:00,ETH/BTC,0.070175,0.0703675,0.069835,0.0699875,1067.7072807644224,74.7261633125
1663520400000.0,2022-09-18 17:00:00,ETH/BTC,0.0706975,0.0707425,0.07,0.070175,1668.8782511578197,117.113531275
1663516800000.0,2022-09-18 16:00:00,ETH/BTC,0.0715225,0.07166,0.07053,0.0706975,1341.4719230878038,94.8387112825
1663513200000.0,2022-09-18 15:00:00,ETH/BTC,0.071705,0.0718825,0.071355,0.0715225,664.6394450347792,47.5366747075
1663509600000.0,2022-09-18 14:00:00,ETH/BTC,0.0718675,0.07194,0.0713375,0.07171,1124.19612407614,80.6161040575
1663506000000.0,2022-09-18 13:00:00,ETH/BTC,0.0719275,0.07197,0.071735,0.0718675,438.0961814450203,31.48487732
1663502400000.0,2022-09-18 12:00:00,ETH/BTC,0.071955,0.0719825,0.07172,0.0719275,770.4155097146431,55.414061575
1663498800000.0,2022-09-18 11:00:00,ETH/BTC,0.071875,0.07203,0.07182,0.071955,322.3504575429087,23.1947271725
1663495200000.0,2022-09-18 10:00:00,ETH/BTC,0.0717975,0.07204,0.0716625,0.071875,1031.736232173913,74.1560416875
1663491600000.0,2022-09-18 09:00:00,ETH/BTC,0.07255,0.07266,0.071785,0.0717975,1170.2542978167764,84.0213329475
1663488000000.0,2022-09-18 08:00:00,ETH/BTC,0.0724625,0.072635,0.072455,0.07255,539.8677041006202,39.1674019325
1663484400000.0,2022-09-18 07:00:00,ETH/BTC,0.07254,0.0725975,0.072405,0.0724625,504.7752691737105,36.5772779425
1663480800000.0,2022-09-18 06:00:00,ETH/BTC,0.07263,0.0726325,0.072395,0.07254,425.8688418114144,30.892525785
1663477200000.0,2022-09-18 05:00:00,ETH/BTC,0.0726075,0.0726975,0.07256,0.0726325,364.03533700478437,26.440796615
1663473600000.0,2022-09-18 04:00:00,ETH/BTC,0.0725625,0.0727075,0.0725125,0.0726075,599.9315892297627,43.559532865
1663470000000.0,2022-09-18 03:00:00,ETH/BTC,0.0726425,0.072645,0.0724575,0.0725625,331.5608368992248,24.0588832275
1663466400000.0,2022-09-18 02:00:00,ETH/BTC,0.0726075,0.072685,0.072535,0.0726425,276.1692268644389,20.0616230625
1663462800000.0,2022-09-18 01:00:00,ETH/BTC,0.0726325,0.07272,0.0725125,0.0726075,520.6279641565953,37.8014949075
1663459200000.0,2022-09-18 00:00:00,ETH/BTC,0.07302,0.07305,0.07251,0.0726325,1135.5848078683784,82.4803635575
1663455600000.0,2022-09-17 23:00:00,ETH/BTC,0.07281,0.0731725,0.0726775,0.0730175,912.7346626151266,66.6456032275
1663452000000.0,2022-09-17 22:00:00,ETH/BTC,0.072485,0.0728525,0.0724375,0.07281,822.1690098887516,59.86212561
1663448400000.0,2022-09-17 21:00:00,ETH/BTC,0.0728175,0.0728175,0.072395,0.072485,937.2675908808719,67.937841325
1663444800000.0,2022-09-17 20:00:00,ETH/BTC,0.073185,0.07323,0.07278,0.0728175,908.0759659765854,66.1238216525
1663441200000.0,2022-09-17 19:00:00,ETH/BTC,0.073125,0.0732275,0.072965,0.073185,513.9003539318167,37.6097974025
1663437600000.0,2022-09-17 18:00:00,ETH/BTC,0.0732225,0.0734525,0.073065,0.073125,1169.9553003760684,85.55298134
1663434000000.0,2022-09-17 17:00:00,ETH/BTC,0.0728475,0.073295,0.0727975,0.0732225,1162.8907952815052,85.1497712575
1663430400000.0,2022-09-17 16:00:00,ETH/BTC,0.07234,0.0729925,0.0723275,0.0728475,2450.3733634304544,178.5035735925
1663426800000.0,2022-09-17 15:00:00,ETH/BTC,0.0725325,0.07257,0.072235,0.07234,1780.501101638098,128.8014496925
1663423200000.0,2022-09-17 14:00:00,ETH/BTC,0.0714975,0.07255,0.0714625,0.0725325,1298.9368881535863,94.21513984
1663419600000.0,2022-09-17 13:00:00,ETH/BTC,0.07176,0.0718225,0.071415,0.0714975,750.5984824644217,53.665915
1663416000000.0,2022-09-17 12:00:00,ETH/BTC,0.0716525,0.0718525,0.0712925,0.07176,1148.8687088210702,82.442818545
1663412400000.0,2022-09-17 11:00:00,ETH/BTC,0.0718075,0.07185,0.0715325,0.0716525,842.3984150936814,60.3599524375
1663408800000.0,2022-09-17 10:00:00,ETH/BTC,0.07203,0.0720525,0.071525,0.0718075,801.2457223131289,57.535452205
1663405200000.0,2022-09-17 09:00:00,ETH/BTC,0.0721425,0.0721825,0.07195,0.07203,324.5560166944329,23.3777698825
1663401600000.0,2022-09-17 08:00:00,ETH/BTC,0.0721775,0.0721775,0.071995,0.0721425,491.7250388120733,35.4742736125
1663398000000.0,2022-09-17 07:00:00,ETH/BTC,0.0721425,0.0721925,0.071955,0.0721775,400.21254421391706,28.88634091
1663394400000.0,2022-09-17 06:00:00,ETH/BTC,0.072095,0.07218,0.071925,0.0721425,629.8371354610667,45.438025545
1663390800000.0,2022-09-17 05:00:00,ETH/BTC,0.072275,0.0723475,0.071985,0.072095,860.7014857132949,62.0522736125
1663387200000.0,2022-09-17 04:00:00,ETH/BTC,0.072435,0.0725275,0.0722625,0.072275,1067.463675164303,77.1509371225
1663383600000.0,2022-09-17 03:00:00,ETH/BTC,0.0723175,0.07251,0.0722475,0.072435,518.4143980810381,37.551346925
1663380000000.0,2022-09-17 02:00:00,ETH/BTC,0.0722775,0.0724475,0.0722275,0.0723175,526.3685067929615,38.06565449
1663376400000.0,2022-09-17 01:00:00,ETH/BTC,0.0723375,0.0723375,0.0719675,0.0722775,1230.0775159281936,88.9069276575
1663372800000.0,2022-09-17 00:00:00,ETH/BTC,0.0724125,0.07292,0.0722325,0.072305,1128.1898730724017,81.5737687725
1663369200000.0,2022-09-16 23:00:00,ETH/BTC,0.0725875,0.0726375,0.0722625,0.0724125,807.4661547384774,58.47064293
1663365600000.0,2022-09-16 22:00:00,ETH/BTC,0.072905,0.072995,0.0725825,0.0725875,528.7340125365938,38.379480135
1663362000000.0,2022-09-16 21:00:00,ETH/BTC,0.072785,0.073255,0.0727,0.072905,590.9809393388656,43.0854653825
1663358400000.0,2022-09-16 20:00:00,ETH/BTC,0.0727575,0.0729975,0.072565,0.072785,688.5172671223467,50.1137292875
1663354800000.0,2022-09-16 19:00:00,ETH/BTC,0.073015,0.0733,0.0727575,0.0727575,632.2818540356664,46.003246995
1663351200000.0,2022-09-16 18:00:00,ETH/BTC,0.0731,0.073255,0.072765,0.073015,951.6912034513456,69.48773322
1663347600000.0,2022-09-16 17:00:00,ETH/BTC,0.0730875,0.0735875,0.0727125,0.0731,1014.1093702462381,74.131394965
1663344000000.0,2022-09-16 16:00:00,ETH/BTC,0.0738625,0.0738625,0.0725575,0.0730875,2133.2122329741746,155.9111490775
1663340400000.0,2022-09-16 15:00:00,ETH/BTC,0.07361,0.073875,0.0734725,0.0738625,1401.7442960568624,103.5363380675
1663336800000.0,2022-09-16 14:00:00,ETH/BTC,0.0732375,0.073785,0.0730625,0.07361,1069.096812559435,78.6962163725
1663333200000.0,2022-09-16 13:00:00,ETH/BTC,0.0739,0.07406,0.0729375,0.0732425,2394.0490341331874,175.3461363825
1663329600000.0,2022-09-16 12:00:00,ETH/BTC,0.0744,0.0744075,0.07377,0.0739,1042.0672646481732,77.0087708575
1663326000000.0,2022-09-16 11:00:00,ETH/BTC,0.07425,0.0745175,0.07405,0.0744,1046.7006633736562,77.874529355
1663322400000.0,2022-09-16 10:00:00,ETH/BTC,0.0740375,0.074345,0.07383,0.07425,742.1177212794613,55.102240805
1663318800000.0,2022-09-16 09:00:00,ETH/BTC,0.0737175,0.0741375,0.07367,0.0740375,830.2177324328886,61.467245365
1663315200000.0,2022-09-16 08:00:00,ETH/BTC,0.074515,0.0745225,0.0735225,0.0737175,1372.9699837555531,101.2119147775
1663311600000.0,2022-09-16 07:00:00,ETH/BTC,0.07448,0.07462,0.07444,0.074515,1922.0430831376234,143.22104034
1663308000000.0,2022-09-16 06:00:00,ETH/BTC,0.0745125,0.07459,0.07427,0.07448,1368.2227371441998,101.9052294625
1663304400000.0,2022-09-16 05:00:00,ETH/BTC,0.074135,0.07476,0.0741275,0.0745125,895.7248893138736,66.742700815
1663300800000.0,2022-09-16 04:00:00,ETH/BTC,0.074625,0.0747475,0.0741,0.074135,624.0703527011533,46.2654555975
1663297200000.0,2022-09-16 03:00:00,ETH/BTC,0.074255,0.07463,0.0741375,0.074625,656.1999973199331,48.9689248
1663293600000.0,2022-09-16 02:00:00,ETH/BTC,0.0745825,0.0746325,0.07389,0.074255,850.1173844522255,63.1254663825
1663290000000.0,2022-09-16 01:00:00,ETH/BTC,0.0749225,0.0749325,0.0743675,0.0745825,638.4808522106392,47.61949816
1663286400000.0,2022-09-16 00:00:00,ETH/BTC,0.0747325,0.07495,0.0738925,0.0749225,1198.7115463979446,89.810465835
1663282800000.0,2022-09-15 23:00:00,ETH/BTC,0.07474,0.0749675,0.074425,0.0747325,809.2517059177735,60.4774031125
1663279200000.0,2022-09-15 22:00:00,ETH/BTC,0.0751575,0.0751575,0.07426,0.07474,767.8574803987154,57.389668085
1663275600000.0,2022-09-15 21:00:00,ETH/BTC,0.07577,0.0758325,0.0749675,0.0751575,445.052928350464,33.4490654625
1663272000000.0,2022-09-15 20:00:00,ETH/BTC,0.0757075,0.0760525,0.0755875,0.07577,524.2234512010031,39.7204108975
1663268400000.0,2022-09-15 19:00:00,ETH/BTC,0.07582,0.0759475,0.0756,0.0757075,664.6621059010006,50.3199063825
1663264800000.0,2022-09-15 18:00:00,ETH/BTC,0.076055,0.07613,0.07562,0.07582,1114.9667597929308,84.5367797275
1663261200000.0,2022-09-15 17:00:00,ETH/BTC,0.0759825,0.076375,0.075875,0.076055,1772.4873562882126,134.8065258825
1663257600000.0,2022-09-15 16:00:00,ETH/BTC,0.0756225,0.0760375,0.075385,0.0759825,2044.725528575659,155.363357475
1663254000000.0,2022-09-15 15:00:00,ETH/BTC,0.0756825,0.075765,0.074645,0.0756225,3935.4297188006217,297.60703391
1663250400000.0,2022-09-15 14:00:00,ETH/BTC,0.07887,0.0789525,0.0755075,0.0756825,4744.657458131008,359.087538075
1663246800000.0,2022-09-15 13:00:00,ETH/BTC,0.07894,0.079165,0.0785825,0.07887,891.1098616711045,70.28183479
1663243200000.0,2022-09-15 12:00:00,ETH/BTC,0.079,0.07927,0.07868,0.07894,1508.5419597162404,119.0843023
1663239600000.0,2022-09-15 11:00:00,ETH/BTC,0.0786,0.0790725,0.0783125,0.079,2239.8989779746835,176.95201926
1663236000000.0,2022-09-15 10:00:00,ETH/BTC,0.07894,0.079065,0.0783625,0.0786,3847.1097771628497,302.382828485
1663232400000.0,2022-09-15 09:00:00,ETH/BTC,0.0797825,0.0798075,0.0787525,0.07894,3390.9419543324043,267.680957875
1663228800000.0,2022-09-15 08:00:00,ETH/BTC,0.08099,0.08101,0.07972,0.0797825,4832.23916197161,385.52812094
1663225200000.0,2022-09-15 07:00:00,ETH/BTC,0.079635,0.08134,0.0795525,0.08099,6813.54475929127,551.828990055
1663221600000.0,2022-09-15 06:00:00,ETH/BTC,0.0804125,0.080485,0.0779375,0.079635,14684.198924938784,1169.3761813875
1663218000000.0,2022-09-15 05:00:00,ETH/BTC,0.079945,0.0804875,0.0797525,0.0804125,1643.3343349292709,132.1446222075
1663214400000.0,2022-09-15 04:00:00,ETH/BTC,0.0801825,0.0802325,0.07963,0.079945,901.8120646694601,72.09536551
1663210800000.0,2022-09-15 03:00:00,ETH/BTC,0.080425,0.080475,0.0793575,0.0801825,4009.7111024225983,321.50866047
1663207200000.0,2022-09-15 02:00:00,ETH/BTC,0.080645,0.080645,0.08004,0.080425,1377.549818433323,110.7894441475
1663203600000.0,2022-09-15 01:00:00,ETH/BTC,0.0807925,0.08093,0.0799075,0.080645,1569.086272924546,126.53896248
1663200000000.0,2022-09-15 00:00:00,ETH/BTC,0.08102,0.081665,0.080555,0.0807925,5601.460078503574,452.5559633925
1663196400000.0,2022-09-14 23:00:00,ETH/BTC,0.0807375,0.081045,0.0803,0.08102,1149.3084418970625,93.1169699625
1663192800000.0,2022-09-14 22:00:00,ETH/BTC,0.0802,0.0811675,0.080015,0.0807375,2408.5359663725035,194.459172585
1663189200000.0,2022-09-14 21:00:00,ETH/BTC,0.0803675,0.08039,0.0798375,0.0802,1795.8312524625935,144.0256664475
1663185600000.0,2022-09-14 20:00:00,ETH/BTC,0.080205,0.08038,0.08001,0.0803675,1240.186519084207,99.6706900725
1663182000000.0,2022-09-14 19:00:00,ETH/BTC,0.07986,0.080205,0.0797475,0.0802025,594.7719981920764,47.702201185
1663178400000.0,2022-09-14 18:00:00,ETH/BTC,0.07907,0.07994,0.0787275,0.07986,4152.133437734787,331.5893763375
1663174800000.0,2022-09-14 17:00:00,ETH/BTC,0.07872,0.0791925,0.0787075,0.07907,610.7827256544833,48.2945901175
1663171200000.0,2022-09-14 16:00:00,ETH/BTC,0.0790475,0.079295,0.07862,0.07872,1017.2821559324187,80.080451315
1663167600000.0,2022-09-14 15:00:00,ETH/BTC,0.078925,0.0790825,0.0787175,0.0790475,506.7099474682944,40.0541545725
1663164000000.0,2022-09-14 14:00:00,ETH/BTC,0.079015,0.0792,0.0788275,0.078925,726.7942506810263,57.362236235
1663160400000.0,2022-09-14 13:00:00,ETH/BTC,0.079035,0.07922,0.0787775,0.079015,1941.2436095678036,153.38736381
1663156800000.0,2022-09-14 12:00:00,ETH/BTC,0.07887,0.079305,0.0787125,0.079035,780.9188943189727,61.7199248125
1663153200000.0,2022-09-14 11:00:00,ETH/BTC,0.078765,0.0789825,0.0786325,0.07887,732.4510796246989,57.76841665
1663149600000.0,2022-09-14 10:00:00,ETH/BTC,0.0788775,0.0788925,0.07849,0.078765,820.1128139084619,64.5961857875
1663146000000.0,2022-09-14 09:00:00,ETH/BTC,0.0786575,0.079055,0.07858,0.0788775,1845.2587784856264,145.5493993
1663142400000.0,2022-09-14 08:00:00,ETH/BTC,0.0796325,0.0796375,0.0784675,0.0786575,2498.933972380256,196.5598989325
1663138800000.0,2022-09-14 07:00:00,ETH/BTC,0.0794375,0.07967,0.0793825,0.0796325,1547.987170564782,123.27008836
1663135200000.0,2022-09-14 06:00:00,ETH/BTC,0.07941,0.0796925,0.0792375,0.0794375,911.964546970889,72.4441837
1663131600000.0,2022-09-14 05:00:00,ETH/BTC,0.079525,0.0796625,0.0792775,0.07941,1568.2253515615164,124.5327751675
1663128000000.0,2022-09-14 04:00:00,ETH/BTC,0.0788675,0.0795625,0.0784925,0.079525,1374.9965253065075,109.346598675
1663124400000.0,2022-09-14 03:00:00,ETH/BTC,0.0783225,0.0791775,0.07821,0.0788675,3304.033858877231,260.580890365
1663120800000.0,2022-09-14 02:00:00,ETH/BTC,0.0779875,0.0783225,0.077755,0.0783225,642.8541008011746,50.34994031
1663117200000.0,2022-09-14 01:00:00,ETH/BTC,0.077895,0.0780075,0.077645,0.0779875,477.3257957364963,37.225445495
1663113600000.0,2022-09-14 00:00:00,ETH/BTC,0.07803,0.07808,0.07744,0.077895,1092.700142403235,85.1158775925
1663110000000.0,2022-09-13 23:00:00,ETH/BTC,0.078485,0.0785125,0.077655,0.07803,6733.801246251442,525.438511245
1663106400000.0,2022-09-13 22:00:00,ETH/BTC,0.0792525,0.0792875,0.078485,0.078485,785.3943385997324,61.641674665
1663102800000.0,2022-09-13 21:00:00,ETH/BTC,0.07944,0.079455,0.078795,0.0792525,1729.3578551465253,137.055933415
1663099200000.0,2022-09-13 20:00:00,ETH/BTC,0.0791375,0.079885,0.0790675,0.07944,3334.818667296073,264.91799493
1663095600000.0,2022-09-13 19:00:00,ETH/BTC,0.07801,0.0791375,0.07801,0.0791375,1444.5956799873638,114.321690625
1663092000000.0,2022-09-13 18:00:00,ETH/BTC,0.07798,0.0782475,0.07773,0.07801,1596.4799289834639,124.54139926
1663088400000.0,2022-09-13 17:00:00,ETH/BTC,0.077615,0.078075,0.0776,0.07798,1752.915644844832,136.692361985
1663084800000.0,2022-09-13 16:00:00,ETH/BTC,0.07648,0.077625,0.07648,0.077615,6041.6305488951875,468.9211550525
1663081200000.0,2022-09-13 15:00:00,ETH/BTC,0.0757,0.07648,0.07561,0.07648,3514.260441782165,268.7706385875
1663077600000.0,2022-09-13 14:00:00,ETH/BTC,0.0756575,0.075965,0.0752475,0.0757,11140.798590719947,843.3584533175
1663074000000.0,2022-09-13 13:00:00,ETH/BTC,0.0761425,0.07622,0.07509,0.0756575,2124.088426791792,160.70322015
1663070400000.0,2022-09-13 12:00:00,ETH/BTC,0.077145,0.0773525,0.075705,0.0761425,7164.951997537512,545.5573574725
1663066800000.0,2022-09-13 11:00:00,ETH/BTC,0.076865,0.0771475,0.07676,0.077145,1631.2649024564132,125.8439309
1663063200000.0,2022-09-13 10:00:00,ETH/BTC,0.0768375,0.0770825,0.0767,0.076865,3214.7881620048133,247.1046920725
1663059600000.0,2022-09-13 09:00:00,ETH/BTC,0.077175,0.077215,0.07679,0.0768775,1463.4828144450587,112.5089000675
1663056000000.0,2022-09-13 08:00:00,ETH/BTC,0.0770625,0.0773525,0.076925,0.077175,3053.621600485909,235.6632470175
1663052400000.0,2022-09-13 07:00:00,ETH/BTC,0.07647,0.077175,0.0762275,0.0770625,4513.388953868613,347.8130362575
1663048800000.0,2022-09-13 06:00:00,ETH/BTC,0.0767675,0.076845,0.076445,0.07647,1206.4579907806983,92.257842555
1663045200000.0,2022-09-13 05:00:00,ETH/BTC,0.076945,0.0769875,0.0765875,0.0767675,1449.3346939785715,111.26180112
1663041600000.0,2022-09-13 04:00:00,ETH/BTC,0.077195,0.077265,0.076925,0.07695,2599.9841408706952,200.06877964
1663038000000.0,2022-09-13 03:00:00,ETH/BTC,0.07677,0.0772375,0.0766325,0.077195,1343.0915416801606,103.67995156
1663034400000.0,2022-09-13 02:00:00,ETH/BTC,0.076265,0.076835,0.07616,0.07677,3563.6358484108373,273.5803240825
1663030800000.0,2022-09-13 01:00:00,ETH/BTC,0.0759525,0.07635,0.07595,0.076265,440.3441935684784,33.5828499225
1663027200000.0,2022-09-13 00:00:00,ETH/BTC,0.0766475,0.07666,0.0757075,0.0759525,1718.2082899838715,130.502215145
1663023600000.0,2022-09-12 23:00:00,ETH/BTC,0.076435,0.0766575,0.07636,0.0766475,612.1760163736586,46.921761215
1663020000000.0,2022-09-12 22:00:00,ETH/BTC,0.076815,0.07682,0.0764125,0.076435,969.4246779616667,74.09797526
1663016400000.0,2022-09-12 21:00:00,ETH/BTC,0.07695,0.0769975,0.0764025,0.076815,1301.4340875805508,99.9696594375
1663012800000.0,2022-09-12 20:00:00,ETH/BTC,0.0769675,0.0770675,0.07691,0.0769475,602.1239676077845,46.3319339975
1663009200000.0,2022-09-12 19:00:00,ETH/BTC,0.0771825,0.0771825,0.0769,0.0769675,964.0631489589762,74.2015304175
1663005600000.0,2022-09-12 18:00:00,ETH/BTC,0.0773575,0.0774,0.0770525,0.0771825,3970.848848929485,306.4800412825
1663002000000.0,2022-09-12 17:00:00,ETH/BTC,0.0771025,0.0773775,0.076835,0.0773575,796.1953537148952,61.591682075
1662998400000.0,2022-09-12 16:00:00,ETH/BTC,0.0771625,0.0772825,0.0768675,0.0771025,1231.9752000583637,94.9883678625
1662994800000.0,2022-09-12 15:00:00,ETH/BTC,0.07774,0.07774,0.0770875,0.0771625,1525.28464153572,117.6947761525
1662991200000.0,2022-09-12 14:00:00,ETH/BTC,0.078205,0.0782925,0.0777,0.07774,1048.750311905068,81.5298492475
1662987600000.0,2022-09-12 13:00:00,ETH/BTC,0.07813,0.07833,0.0780175,0.078205,865.0073228374146,67.6478976825
1662984000000.0,2022-09-12 12:00:00,ETH/BTC,0.0783775,0.078385,0.0779925,0.07813,986.9814084858568,77.112857445
1662980400000.0,2022-09-12 11:00:00,ETH/BTC,0.07874,0.0789275,0.07826,0.0783775,527.9789747695448,41.381672095
1662976800000.0,2022-09-12 10:00:00,ETH/BTC,0.07897,0.07899,0.0786175,0.0787425,654.7742023049814,51.558557625
1662973200000.0,2022-09-12 09:00:00,ETH/BTC,0.07894,0.0790525,0.0788125,0.07897,481.38429270609095,38.014917595
1662969600000.0,2022-09-12 08:00:00,ETH/BTC,0.07925,0.07925,0.0789225,0.07894,2696.282979604763,212.84457841
1662966000000.0,2022-09-12 07:00:00,ETH/BTC,0.0796075,0.0796075,0.0790525,0.07925,1029.1416005678234,81.559471845
1662962400000.0,2022-09-12 06:00:00,ETH/BTC,0.0793325,0.0796075,0.07932,0.0796075,524.7496076374714,41.77400439
1662958800000.0,2022-09-12 05:00:00,ETH/BTC,0.0795275,0.0795925,0.0792475,0.0793325,861.9045018750197,68.377038895
1662955200000.0,2022-09-12 04:00:00,ETH/BTC,0.07968,0.079775,0.079385,0.0795275,787.7932635566314,62.6512287675
1662951600000.0,2022-09-12 03:00:00,ETH/BTC,0.07976,0.0798375,0.079445,0.0796475,1167.0342691861013,92.951361955
1662948000000.0,2022-09-12 02:00:00,ETH/BTC,0.0799425,0.0800025,0.0796825,0.07976,700.0973761283851,55.83976672
1662944400000.0,2022-09-12 01:00:00,ETH/BTC,0.0802,0.08034,0.07947,0.0799425,1946.8129825812302,155.63309686
1662940800000.0,2022-09-12 00:00:00,ETH/BTC,0.08091,0.0810375,0.0802,0.08021,2019.6201504176536,161.993732265
1662937200000.0,2022-09-11 23:00:00,ETH/BTC,0.0806775,0.08108,0.080545,0.08091,2257.5133806389817,182.6554076275
1662933600000.0,2022-09-11 22:00:00,ETH/BTC,0.080555,0.0809325,0.08055,0.0806775,526.973561680766,42.5149095225
1662930000000.0,2022-09-11 21:00:00,ETH/BTC,0.081295,0.0813675,0.0800125,0.080555,628.6155690832351,50.6381271675
1662926400000.0,2022-09-11 20:00:00,ETH/BTC,0.081575,0.0816475,0.08129,0.08129,603.5756322425882,49.064663145
1662922800000.0,2022-09-11 19:00:00,ETH/BTC,0.0817125,0.081735,0.0815625,0.081575,675.3431810910206,55.0911199975
1662919200000.0,2022-09-11 18:00:00,ETH/BTC,0.08192,0.0819775,0.0816225,0.0817125,356.1372002447606,29.100860975
1662915600000.0,2022-09-11 17:00:00,ETH/BTC,0.081695,0.082025,0.0816075,0.08192,588.0283731384277,48.1712843275
1662912000000.0,2022-09-11 16:00:00,ETH/BTC,0.0817175,0.08183,0.081675,0.081695,470.5359260052635,38.440432475
1662908400000.0,2022-09-11 15:00:00,ETH/BTC,0.0819275,0.082155,0.0816375,0.0817175,883.1355381956129,72.1676283425
1662904800000.0,2022-09-11 14:00:00,ETH/BTC,0.0820425,0.08206,0.0817125,0.0819275,2484.851708553294,203.5776883525
1662901200000.0,2022-09-11 13:00:00,ETH/BTC,0.082035,0.0820425,0.0819,0.0820425,389.8938984367858,31.9878701625
1662897600000.0,2022-09-11 12:00:00,ETH/BTC,0.081905,0.08208,0.081905,0.082035,750.0614443834949,61.53129059
1662894000000.0,2022-09-11 11:00:00,ETH/BTC,0.081605,0.0819975,0.0816025,0.081905,2199.8586824369695,180.179425385
1662890400000.0,2022-09-11 10:00:00,ETH/BTC,0.0814475,0.0816075,0.0813675,0.081605,214.6851672997978,17.5193830775
1662886800000.0,2022-09-11 09:00:00,ETH/BTC,0.0814275,0.0814725,0.08127,0.0814475,2343.5000491727797,190.872220255
1662883200000.0,2022-09-11 08:00:00,ETH/BTC,0.08151,0.0818075,0.081355,0.0814275,4313.745860090265,351.2575410225
1662879600000.0,2022-09-11 07:00:00,ETH/BTC,0.081695,0.081795,0.0814575,0.08151,577.8481398601399,47.10040188
1662876000000.0,2022-09-11 06:00:00,ETH/BTC,0.081735,0.0820425,0.0816625,0.081695,1221.1588201848338,99.762569815
1662872400000.0,2022-09-11 05:00:00,ETH/BTC,0.0816175,0.08174,0.08161,0.081735,400.49915547195206,32.7347984725
1662868800000.0,2022-09-11 04:00:00,ETH/BTC,0.0817525,0.0817525,0.081555,0.0816175,432.3411641498454,35.286604965
1662865200000.0,2022-09-11 03:00:00,ETH/BTC,0.0820375,0.0820975,0.08175,0.0817525,611.0645361915538,49.956053495
1662861600000.0,2022-09-11 02:00:00,ETH/BTC,0.0815875,0.0820725,0.0814375,0.0820375,602.8394029864392,49.4554375225
1662858000000.0,2022-09-11 01:00:00,ETH/BTC,0.0822575,0.082295,0.08148,0.0815875,394.7459627393903,32.206336235
1662854400000.0,2022-09-11 00:00:00,ETH/BTC,0.081965,0.08229,0.081965,0.0822575,2251.4962022307996,185.202448855
1662850800000.0,2022-09-10 23:00:00,ETH/BTC,0.08196,0.082205,0.0817425,0.081965,1805.6182029829804,147.9974960075
1662847200000.0,2022-09-10 22:00:00,ETH/BTC,0.08103,0.082105,0.081015,0.08196,740.3333892752562,60.677724585
1662843600000.0,2022-09-10 21:00:00,ETH/BTC,0.0809525,0.0816325,0.0808,0.08103,582.1007259965445,47.1676218275
1662840000000.0,2022-09-10 20:00:00,ETH/BTC,0.08066,0.08104,0.08064,0.0809525,363.08456916092774,29.392603585
1662836400000.0,2022-09-10 19:00:00,ETH/BTC,0.0809075,0.08096,0.08048,0.08066,407.1687385940987,32.842230455
1662832800000.0,2022-09-10 18:00:00,ETH/BTC,0.08092,0.0811975,0.0808775,0.0809075,788.674324011989,63.80966787
1662829200000.0,2022-09-10 17:00:00,ETH/BTC,0.0804925,0.0809225,0.0804925,0.08092,201.0632066856154,16.270034685
1662825600000.0,2022-09-10 16:00:00,ETH/BTC,0.08085,0.080875,0.0804875,0.0804925,661.9003882349288,53.278017
1662822000000.0,2022-09-10 15:00:00,ETH/BTC,0.08087,0.0809125,0.080805,0.08085,281.2563164811379,22.7395731875
1662818400000.0,2022-09-10 14:00:00,ETH/BTC,0.08106,0.0811075,0.08078,0.08087,491.0597163966861,39.711999265
1662814800000.0,2022-09-10 13:00:00,ETH/BTC,0.08102,0.08113,0.08097,0.08106,364.59626224401677,29.5541730175
1662811200000.0,2022-09-10 12:00:00,ETH/BTC,0.08099,0.0811625,0.0809025,0.08102,409.1150897000741,33.1465045675
1662807600000.0,2022-09-10 11:00:00,ETH/BTC,0.080865,0.081075,0.080815,0.08099,365.9300615508087,29.636675685
1662804000000.0,2022-09-10 10:00:00,ETH/BTC,0.0807625,0.08088,0.0806725,0.080865,387.91460471155625,31.36871451
1662800400000.0,2022-09-10 09:00:00,ETH/BTC,0.08046,0.0807625,0.0804325,0.0807625,273.1514143011917,22.0603910975
1662796800000.0,2022-09-10 08:00:00,ETH/BTC,0.080325,0.08046,0.08029,0.08046,362.0178049030574,29.1279525825
1662793200000.0,2022-09-10 07:00:00,ETH/BTC,0.0805575,0.08066,0.08032,0.0803225,377.55586971272055,30.326231345
1662789600000.0,2022-09-10 06:00:00,ETH/BTC,0.080395,0.08061,0.080355,0.0805575,290.9778945784067,23.4404517425
1662786000000.0,2022-09-10 05:00:00,ETH/BTC,0.080775,0.08079,0.08023,0.080395,896.9399897070714,72.1094904725
1662782400000.0,2022-09-10 04:00:00,ETH/BTC,0.081375,0.0815625,0.080775,0.080775,955.843151624884,77.2082305725
1662778800000.0,2022-09-10 03:00:00,ETH/BTC,0.0816825,0.0817,0.0813625,0.081375,584.8115868202765,47.5890428775
1662775200000.0,2022-09-10 02:00:00,ETH/BTC,0.081005,0.08179,0.0809625,0.0816825,696.7145202460747,56.9093838
1662771600000.0,2022-09-10 01:00:00,ETH/BTC,0.0807625,0.08112,0.0807375,0.081005,617.9951137584101,50.06069419
1662768000000.0,2022-09-10 00:00:00,ETH/BTC,0.08043,0.08078,0.0803675,0.0807625,536.1599845844297,43.301620755
1662764400000.0,2022-09-09 23:00:00,ETH/BTC,0.08053,0.080555,0.0801375,0.08043,970.9875006216586,78.096524675
1662760800000.0,2022-09-09 22:00:00,ETH/BTC,0.0806375,0.08076,0.080445,0.08053,492.30513777474226,39.645332745
1662757200000.0,2022-09-09 21:00:00,ETH/BTC,0.080825,0.08088,0.080595,0.0806375,621.6363972407378,50.1272049825
1662753600000.0,2022-09-09 20:00:00,ETH/BTC,0.0808075,0.081075,0.080765,0.0808275,473.34294992422133,38.259127285
1662750000000.0,2022-09-09 19:00:00,ETH/BTC,0.080755,0.081055,0.0803825,0.08081,710.8011958606608,57.4398446375
1662746400000.0,2022-09-09 18:00:00,ETH/BTC,0.08018,0.0808125,0.0800575,0.080755,701.76965989722,56.671408885
1662742800000.0,2022-09-09 17:00:00,ETH/BTC,0.08056,0.08056,0.0800725,0.08018,1350.1290005300573,108.2533432625
1662739200000.0,2022-09-09 16:00:00,ETH/BTC,0.080865,0.0808725,0.0803675,0.08056,899.6004850732372,72.4718150775
1662735600000.0,2022-09-09 15:00:00,ETH/BTC,0.0818025,0.08185,0.0808475,0.080865,1791.251817226241,144.8495782
1662732000000.0,2022-09-09 14:00:00,ETH/BTC,0.0819625,0.0820425,0.0817575,0.0818025,605.9487666636105,49.568123985
1662728400000.0,2022-09-09 13:00:00,ETH/BTC,0.08202,0.08205,0.0814625,0.0819625,476.25587033704437,39.0351217725
1662724800000.0,2022-09-09 12:00:00,ETH/BTC,0.0812075,0.08222,0.08105,0.08202,1268.796932821263,104.06672443
1662721200000.0,2022-09-09 11:00:00,ETH/BTC,0.0810225,0.081225,0.0809675,0.0812075,499.87136034233293,40.593303495
1662717600000.0,2022-09-09 10:00:00,ETH/BTC,0.08171,0.08173,0.08077,0.0810225,1420.706086580888,115.1091589
1662714000000.0,2022-09-09 09:00:00,ETH/BTC,0.082145,0.08221,0.081555,0.08171,1142.174360329213,93.3270669825
1662710400000.0,2022-09-09 08:00:00,ETH/BTC,0.0826275,0.082655,0.08191,0.082145,532.4706954775093,43.73980528
1662706800000.0,2022-09-09 07:00:00,ETH/BTC,0.082765,0.0827725,0.08243,0.0826275,409.19438761308277,33.8107092625
1662703200000.0,2022-09-09 06:00:00,ETH/BTC,0.0831375,0.083165,0.0824225,0.082765,769.7192118347127,63.7058105675
1662699600000.0,2022-09-09 05:00:00,ETH/BTC,0.0833025,0.083355,0.0827425,0.0831375,2815.3782540670577,234.0635095975
1662696000000.0,2022-09-09 04:00:00,ETH/BTC,0.08384,0.08384,0.08249,0.0833025,1589.0158882086373,132.3689960275
1662692400000.0,2022-09-09 03:00:00,ETH/BTC,0.0845475,0.08457,0.08381,0.08384,1576.4461505844465,132.169245265
1662688800000.0,2022-09-09 02:00:00,ETH/BTC,0.0844425,0.0847075,0.0844375,0.0845475,468.2258834087348,39.5873278775
1662685200000.0,2022-09-09 01:00:00,ETH/BTC,0.0846575,0.084935,0.0844425,0.0844425,669.1771672439826,56.506992945
1662681600000.0,2022-09-09 00:00:00,ETH/BTC,0.0846575,0.0849225,0.08453,0.0846575,511.2909861205446,43.2846166575
1662678000000.0,2022-09-08 23:00:00,ETH/BTC,0.0845375,0.084735,0.08437,0.0846575,513.0373459823406,43.4324591175
1662674400000.0,2022-09-08 22:00:00,ETH/BTC,0.0847775,0.0847975,0.0844625,0.0845375,162.30061712257873,13.72048842
1662670800000.0,2022-09-08 21:00:00,ETH/BTC,0.0848775,0.0848925,0.0845625,0.0847775,262.994693019964,22.2960325875
1662667200000.0,2022-09-08 20:00:00,ETH/BTC,0.085275,0.0855225,0.084805,0.0848775,753.8396357691968,63.984023685
1662663600000.0,2022-09-08 19:00:00,ETH/BTC,0.0849175,0.0852775,0.084635,0.085275,653.944146701847,55.76508711
1662660000000.0,2022-09-08 18:00:00,ETH/BTC,0.0849375,0.085045,0.08481,0.0849175,318.9788941325404,27.0868902425
1662656400000.0,2022-09-08 17:00:00,ETH/BTC,0.0849675,0.0852225,0.08476,0.0849375,593.7380033554084,50.43062166
1662652800000.0,2022-09-08 16:00:00,ETH/BTC,0.084665,0.085125,0.0842775,0.0849675,674.3813768499721,57.3004996375
1662649200000.0,2022-09-08 15:00:00,ETH/BTC,0.08513,0.0855075,0.08461,0.084665,1501.7312235870784,127.144074045
1662645600000.0,2022-09-08 14:00:00,ETH/BTC,0.085065,0.08527,0.0846475,0.08513,2742.9863681134734,233.5104295175
1662642000000.0,2022-09-08 13:00:00,ETH/BTC,0.0845075,0.0851975,0.08405,0.085065,3327.4361735731495,283.048358105
1662638400000.0,2022-09-08 12:00:00,ETH/BTC,0.0847075,0.085035,0.08426,0.0845075,3079.4024775907465,260.232604875
1662634800000.0,2022-09-08 11:00:00,ETH/BTC,0.08479,0.084915,0.0845325,0.0847075,1178.3806787474543,99.817681345
1662631200000.0,2022-09-08 10:00:00,ETH/BTC,0.0843175,0.0848375,0.084165,0.08479,1374.4893070232338,116.5429483425
1662627600000.0,2022-09-08 09:00:00,ETH/BTC,0.08446,0.084485,0.084,0.0843175,1560.7187144127847,131.5959002025
1662624000000.0,2022-09-08 08:00:00,ETH/BTC,0.0841825,0.08452,0.0839025,0.08446,2886.2768174579683,243.7749400025
1662620400000.0,2022-09-08 07:00:00,ETH/BTC,0.0845125,0.0847675,0.0837325,0.0841825,4137.122747512844,348.2733356925
1662616800000.0,2022-09-08 06:00:00,ETH/BTC,0.0846975,0.0847475,0.08438,0.0845125,1406.4355645022924,118.861385645
1662613200000.0,2022-09-08 05:00:00,ETH/BTC,0.0848825,0.084905,0.0846475,0.0846975,287.80338401369585,24.3762271175
1662609600000.0,2022-09-08 04:00:00,ETH/BTC,0.0848075,0.085125,0.0846975,0.0848825,794.2063541660531,67.4142208575
1662606000000.0,2022-09-08 03:00:00,ETH/BTC,0.0846525,0.0848325,0.08451,0.0848075,448.8509403354657,38.0659261225
1662602400000.0,2022-09-08 02:00:00,ETH/BTC,0.0843025,0.08479,0.0842725,0.0846525,439.52627400253976,37.20699791
1662598800000.0,2022-09-08 01:00:00,ETH/BTC,0.0843225,0.0844125,0.0840725,0.0843025,597.8152448325969,50.3973196775
1662595200000.0,2022-09-08 00:00:00,ETH/BTC,0.0845125,0.084625,0.083845,0.0843225,550.6749582851552,46.43428917
1662591600000.0,2022-09-07 23:00:00,ETH/BTC,0.084595,0.0849475,0.0842675,0.0845125,559.146079189469,47.2548330175
1662588000000.0,2022-09-07 22:00:00,ETH/BTC,0.085,0.085315,0.084595,0.084595,493.961842514333,41.7867020675
1662584400000.0,2022-09-07 21:00:00,ETH/BTC,0.084595,0.0852225,0.0842025,0.085,640.6487089117646,54.4551402575
1662580800000.0,2022-09-07 20:00:00,ETH/BTC,0.08268,0.08565,0.082585,0.084595,3979.83600401915,336.67422676
1662577200000.0,2022-09-07 19:00:00,ETH/BTC,0.082415,0.082695,0.0822825,0.08268,322.8433288884857,26.6926864325
1662573600000.0,2022-09-07 18:00:00,ETH/BTC,0.0826025,0.08279,0.0822875,0.082415,717.9314125462598,59.168317365
1662570000000.0,2022-09-07 17:00:00,ETH/BTC,0.0821575,0.082685,0.0820975,0.0826025,1155.090508580249,95.413363735
1662566400000.0,2022-09-07 16:00:00,ETH/BTC,0.081825,0.0822725,0.08149,0.0821575,999.3933615312054,82.1076601
1662562800000.0,2022-09-07 15:00:00,ETH/BTC,0.0816525,0.0819175,0.0815875,0.081825,814.9725188512068,66.685126355
1662559200000.0,2022-09-07 14:00:00,ETH/BTC,0.0815475,0.08179,0.08133,0.0816525,774.9619564312177,63.2775811475
1662555600000.0,2022-09-07 13:00:00,ETH/BTC,0.0807975,0.08185,0.0807975,0.0815475,3161.515474692664,257.8136831725
1662552000000.0,2022-09-07 12:00:00,ETH/BTC,0.0807875,0.0808175,0.080345,0.0807975,2270.1862755035736,183.425375595
1662548400000.0,2022-09-07 11:00:00,ETH/BTC,0.08065,0.08086,0.08045,0.0807875,584.10257038527,47.188186405
1662544800000.0,2022-09-07 10:00:00,ETH/BTC,0.080845,0.080895,0.0805875,0.08065,1056.9569018908867,85.2435741375
1662541200000.0,2022-09-07 09:00:00,ETH/BTC,0.08087,0.0810375,0.0807375,0.080845,459.5581790153998,37.1529809825
1662537600000.0,2022-09-07 08:00:00,ETH/BTC,0.0807475,0.0808825,0.0806825,0.08087,2716.9365506368244,219.71865885
1662534000000.0,2022-09-07 07:00:00,ETH/BTC,0.0808225,0.080945,0.0805,0.0807475,2830.4055092108115,228.548168855
1662530400000.0,2022-09-07 06:00:00,ETH/BTC,0.0808475,0.0810525,0.0807375,0.0808225,509.99844368832936,41.219349215
1662526800000.0,2022-09-07 05:00:00,ETH/BTC,0.0807475,0.0809025,0.0805525,0.0808475,2608.4291251430163,210.884973695
1662523200000.0,2022-09-07 04:00:00,ETH/BTC,0.08057,0.08083,0.0802325,0.0807475,1165.9026061797579,94.1437206925
1662519600000.0,2022-09-07 03:00:00,ETH/BTC,0.08048,0.08085,0.080415,0.08057,675.6249973935708,54.43510604
1662516000000.0,2022-09-07 02:00:00,ETH/BTC,0.081275,0.0812825,0.0802875,0.08048,1695.3819328404575,136.444337955
1662512400000.0,2022-09-07 01:00:00,ETH/BTC,0.081655,0.081655,0.08103,0.081275,1353.287988034451,109.9884812275
1662508800000.0,2022-09-07 00:00:00,ETH/BTC,0.082945,0.083145,0.08141,0.081655,2434.673861398567,198.8032941525
1662505200000.0,2022-09-06 23:00:00,ETH/BTC,0.0835325,0.08355,0.0828525,0.082945,563.7223942371451,46.75795399
1662501600000.0,2022-09-06 22:00:00,ETH/BTC,0.0835,0.0835925,0.08328,0.0835325,334.030303504624,27.9023863275
1662498000000.0,2022-09-06 21:00:00,ETH/BTC,0.0833375,0.0835025,0.083225,0.0835,386.0453118263473,32.2347835375
1662494400000.0,2022-09-06 20:00:00,ETH/BTC,0.0837725,0.0837725,0.083085,0.0833375,665.874577681116,55.4923226175
1662490800000.0,2022-09-06 19:00:00,ETH/BTC,0.08299,0.08386,0.08297,0.0837725,867.4527868930735,72.66868859
1662487200000.0,2022-09-06 18:00:00,ETH/BTC,0.0831375,0.083305,0.0824975,0.08299,1792.3371527894926,148.74606031
1662483600000.0,2022-09-06 17:00:00,ETH/BTC,0.08418,0.0849,0.08298,0.0831375,3113.9305523079233,258.8844012925
1662480000000.0,2022-09-06 16:00:00,ETH/BTC,0.084265,0.084355,0.083865,0.08418,1359.9484321988596,114.4804590225
1662476400000.0,2022-09-06 15:00:00,ETH/BTC,0.08396,0.0843475,0.0838825,0.084265,415.22151637690615,34.9886410775
1662472800000.0,2022-09-06 14:00:00,ETH/BTC,0.0833525,0.084055,0.08311,0.08396,692.874860499047,58.1737732875
1662469200000.0,2022-09-06 13:00:00,ETH/BTC,0.083845,0.084045,0.0831575,0.0833525,711.3376591883867,59.2917722375
1662465600000.0,2022-09-06 12:00:00,ETH/BTC,0.0837625,0.0843775,0.0837625,0.083845,1114.9924500268353,93.4865419725
1662462000000.0,2022-09-06 11:00:00,ETH/BTC,0.083555,0.08404,0.08353,0.0837625,453.25315537979407,37.9656174275
1662458400000.0,2022-09-06 10:00:00,ETH/BTC,0.0832625,0.0836375,0.08306,0.083555,369.2941503799892,30.856372735
1662454800000.0,2022-09-06 09:00:00,ETH/BTC,0.083205,0.0833675,0.0828675,0.0832625,382.128796547065,31.8169989225
1662451200000.0,2022-09-06 08:00:00,ETH/BTC,0.0833275,0.083525,0.0829675,0.083205,669.7612139594976,55.7274818075
1662447600000.0,2022-09-06 07:00:00,ETH/BTC,0.0839025,0.08398,0.0832,0.0833275,1220.6181270888962,101.711056985
1662444000000.0,2022-09-06 06:00:00,ETH/BTC,0.0835325,0.08433,0.08349,0.0839025,947.7283839277732,79.5167807325
1662440400000.0,2022-09-06 05:00:00,ETH/BTC,0.08301,0.08389,0.0829175,0.0835325,824.2142589411308,68.848677585
1662436800000.0,2022-09-06 04:00:00,ETH/BTC,0.0828825,0.0833025,0.0828275,0.08301,979.2565309601254,81.288084635
1662433200000.0,2022-09-06 03:00:00,ETH/BTC,0.082955,0.0829925,0.08259,0.0828825,891.2565328024614,73.86956958
1662429600000.0,2022-09-06 02:00:00,ETH/BTC,0.082935,0.08304,0.082565,0.082955,214.88784187209933,17.8260209225
1662426000000.0,2022-09-06 01:00:00,ETH/BTC,0.0827025,0.0834675,0.08262,0.082935,3311.9249107734977,274.674492475
1662422400000.0,2022-09-06 00:00:00,ETH/BTC,0.081705,0.0829275,0.0816625,0.0827025,1302.7560790786254,107.74118463
1662418800000.0,2022-09-05 23:00:00,ETH/BTC,0.0811125,0.0820325,0.08096,0.081705,2365.9033244905454,193.3061311275
1662415200000.0,2022-09-05 22:00:00,ETH/BTC,0.0808675,0.08112,0.0807675,0.0811125,591.4679786099553,47.975446415
1662411600000.0,2022-09-05 21:00:00,ETH/BTC,0.080945,0.0810875,0.0807725,0.0808675,477.99247262497295,38.65405628
1662408000000.0,2022-09-05 20:00:00,ETH/BTC,0.0804675,0.08095,0.0804675,0.080945,690.0964627833714,55.85985818
1662404400000.0,2022-09-05 19:00:00,ETH/BTC,0.0803925,0.0805275,0.0802725,0.0804675,218.9478019386709,17.6181822525
1662400800000.0,2022-09-05 18:00:00,ETH/BTC,0.08042,0.0805825,0.080075,0.0803925,920.4049356905183,73.9936537925
1662397200000.0,2022-09-05 17:00:00,ETH/BTC,0.0806,0.0806375,0.0802875,0.08042,557.9944960830638,44.873917375
1662393600000.0,2022-09-05 16:00:00,ETH/BTC,0.0806075,0.0809,0.080485,0.0806,568.5406404156328,45.8243756175
1662390000000.0,2022-09-05 15:00:00,ETH/BTC,0.0801475,0.08064,0.0801475,0.0806075,1104.252130912136,89.0110036425
1662386400000.0,2022-09-05 14:00:00,ETH/BTC,0.0797425,0.08019,0.0797175,0.0801475,1123.7664328581677,90.0670701775
1662382800000.0,2022-09-05 13:00:00,ETH/BTC,0.07971,0.0799075,0.0795875,0.0797425,1863.2657737404772,148.5814709625
1662379200000.0,2022-09-05 12:00:00,ETH/BTC,0.079535,0.079795,0.079425,0.07971,290.29378164596665,23.139317335
1662375600000.0,2022-09-05 11:00:00,ETH/BTC,0.0793775,0.0796625,0.07937,0.079535,2156.700177374741,171.5331486075
1662372000000.0,2022-09-05 10:00:00,ETH/BTC,0.079175,0.0795075,0.0791525,0.0793775,8375.51321955214,664.827300585
1662368400000.0,2022-09-05 09:00:00,ETH/BTC,0.079135,0.0792475,0.0791,0.079175,456.4313720239975,36.13795388
1662364800000.0,2022-09-05 08:00:00,ETH/BTC,0.07912,0.0792625,0.0790225,0.079135,946.1550249573514,74.8739779
1662361200000.0,2022-09-05 07:00:00,ETH/BTC,0.07924,0.079315,0.079045,0.07912,463.5510232242164,36.6761569575
1662357600000.0,2022-09-05 06:00:00,ETH/BTC,0.07923,0.0793175,0.079105,0.07924,620.9749278773347,49.206053285
1662354000000.0,2022-09-05 05:00:00,ETH/BTC,0.0792975,0.07944,0.07905,0.07923,1975.1359432979932,156.4900207875
1662350400000.0,2022-09-05 04:00:00,ETH/BTC,0.079235,0.0793975,0.0792175,0.0792975,181.19250878022635,14.368112965
1662346800000.0,2022-09-05 03:00:00,ETH/BTC,0.07942,0.0794225,0.079225,0.079235,187.70132788540417,14.872514715
1662343200000.0,2022-09-05 02:00:00,ETH/BTC,0.0793025,0.079445,0.0791575,0.07942,82.69971266683454,6.56801118
1662339600000.0,2022-09-05 01:00:00,ETH/BTC,0.0791225,0.079435,0.0791225,0.0793025,320.9362482267268,25.451046825
1662336000000.0,2022-09-05 00:00:00,ETH/BTC,0.07895,0.07939,0.07894,0.0791225,538.2109110556415,42.58459281
1662332400000.0,2022-09-04 23:00:00,ETH/BTC,0.0790175,0.079135,0.078885,0.07895,136.22307773907536,10.7548119875
1662328800000.0,2022-09-04 22:00:00,ETH/BTC,0.0791,0.07913,0.0789075,0.0790175,145.58274822033093,11.5035848075
1662325200000.0,2022-09-04 21:00:00,ETH/BTC,0.0789425,0.079345,0.078885,0.0791,233.44326431731983,18.4653622075
1662321600000.0,2022-09-04 20:00:00,ETH/BTC,0.078825,0.0790125,0.0787425,0.0789425,126.73213113975362,10.0045512625
1662318000000.0,2022-09-04 19:00:00,ETH/BTC,0.0789,0.0789,0.078745,0.078825,76.03456371709483,5.993424485
1662314400000.0,2022-09-04 18:00:00,ETH/BTC,0.079115,0.07917,0.07881,0.0789,109.33000535487959,8.6261374225
1662310800000.0,2022-09-04 17:00:00,ETH/BTC,0.07881,0.079115,0.07875,0.079115,295.8117100107438,23.4031434375
1662307200000.0,2022-09-04 16:00:00,ETH/BTC,0.0788575,0.0790275,0.0787675,0.07881,223.56369667554878,17.619054935
1662303600000.0,2022-09-04 15:00:00,ETH/BTC,0.0787025,0.0789825,0.0787025,0.0788575,187.86488070253307,14.81455483
1662300000000.0,2022-09-04 14:00:00,ETH/BTC,0.0785725,0.078785,0.0785525,0.0787025,78.99699123280709,6.2172607025
1662296400000.0,2022-09-04 13:00:00,ETH/BTC,0.079035,0.07909,0.07847,0.0785725,490.50688628336883,38.5403523225
1662292800000.0,2022-09-04 12:00:00,ETH/BTC,0.0788075,0.0793775,0.0786875,0.0790375,559.8309458484897,44.2476383825
1662289200000.0,2022-09-04 11:00:00,ETH/BTC,0.0787075,0.0788075,0.07866,0.0788075,141.6898558195603,11.1662233125
1662285600000.0,2022-09-04 10:00:00,ETH/BTC,0.0785375,0.0787075,0.0785325,0.0787075,225.66956052472761,17.761886935
1662282000000.0,2022-09-04 09:00:00,ETH/BTC,0.0787275,0.0789625,0.07852,0.0785375,2175.863715422569,170.88689655
1662278400000.0,2022-09-04 08:00:00,ETH/BTC,0.0786925,0.078845,0.07863,0.0787275,705.0348259185163,55.5056292575
1662274800000.0,2022-09-04 07:00:00,ETH/BTC,0.078605,0.0787,0.078465,0.0786925,154.33981002001462,12.1453855
1662271200000.0,2022-09-04 06:00:00,ETH/BTC,0.0785375,0.07862,0.07845,0.078605,82.7713808281916,6.50624439
1662267600000.0,2022-09-04 05:00:00,ETH/BTC,0.078575,0.0786075,0.0785225,0.0785375,49.385346617857714,3.87860166
1662264000000.0,2022-09-04 04:00:00,ETH/BTC,0.078495,0.0785775,0.0784475,0.078575,85.44863585746101,6.7141265625
1662260400000.0,2022-09-04 03:00:00,ETH/BTC,0.0785,0.078525,0.07837,0.078495,116.99411672718009,9.1834531925
1662256800000.0,2022-09-04 02:00:00,ETH/BTC,0.078625,0.07864,0.0785,0.0785,51.74018318471338,4.06160438
1662253200000.0,2022-09-04 01:00:00,ETH/BTC,0.0786225,0.07875,0.07852,0.078625,110.53922114467409,8.6911462625
1662249600000.0,2022-09-04 00:00:00,ETH/BTC,0.07853,0.07869,0.0784275,0.0786225,67.30735937549684,5.2918728625
1662246000000.0,2022-09-03 23:00:00,ETH/BTC,0.07859,0.07861,0.07844,0.07853,81.67930981790398,6.4142762
1662242400000.0,2022-09-03 22:00:00,ETH/BTC,0.0785975,0.07872,0.0785525,0.07859,349.251153931798,27.4476481875
1662238800000.0,2022-09-03 21:00:00,ETH/BTC,0.07866,0.07873,0.0785575,0.0785975,290.7707323388148,22.853852635
1662235200000.0,2022-09-03 20:00:00,ETH/BTC,0.0786125,0.07874,0.07856,0.07866,192.6551224256293,15.15425193
1662231600000.0,2022-09-03 19:00:00,ETH/BTC,0.0785225,0.07886,0.078195,0.0786125,380.6753743997456,29.92584287
1662228000000.0,2022-09-03 18:00:00,ETH/BTC,0.0784075,0.0786,0.07839,0.0785225,101.40773959693082,7.9627892325
1662224400000.0,2022-09-03 17:00:00,ETH/BTC,0.0783475,0.0784825,0.07824,0.0784075,88.40227117941524,6.9314010775
1662220800000.0,2022-09-03 16:00:00,ETH/BTC,0.078305,0.078415,0.0781875,0.0783475,103.5102659944478,8.109770565
1662217200000.0,2022-09-03 15:00:00,ETH/BTC,0.078225,0.078305,0.07791,0.078305,1194.744855788264,93.5544959325
1662213600000.0,2022-09-03 14:00:00,ETH/BTC,0.0786075,0.0786175,0.0781475,0.078225,241.85427270693512,18.9190504825
1662210000000.0,2022-09-03 13:00:00,ETH/BTC,0.078455,0.078665,0.07837,0.0786075,252.85657545399613,19.876423255
1662206400000.0,2022-09-03 12:00:00,ETH/BTC,0.0782225,0.0785375,0.07812,0.078455,160.2749057102798,12.5743677275
1662202800000.0,2022-09-03 11:00:00,ETH/BTC,0.0784,0.0784075,0.0780875,0.0782225,248.45119681038065,19.4344737425
1662199200000.0,2022-09-03 10:00:00,ETH/BTC,0.07838,0.0785625,0.0782975,0.0784,258.66911358418366,20.279658505
1662195600000.0,2022-09-03 09:00:00,ETH/BTC,0.078055,0.0784875,0.07804,0.07838,445.12326967976526,34.8887618775
1662192000000.0,2022-09-03 08:00:00,ETH/BTC,0.077925,0.0781775,0.07778,0.078055,435.41629197360834,33.98641867
1662188400000.0,2022-09-03 07:00:00,ETH/BTC,0.0786875,0.0787525,0.07767,0.077925,1549.7574223612448,120.7648471375
1662184800000.0,2022-09-03 06:00:00,ETH/BTC,0.078765,0.0787925,0.0785775,0.0786875,120.6532171564734,9.493900025
1662181200000.0,2022-09-03 05:00:00,ETH/BTC,0.0785575,0.07879,0.078525,0.078765,718.725754586428,56.61043406
1662177600000.0,2022-09-03 04:00:00,ETH/BTC,0.07847,0.0786375,0.0784,0.0785575,141.32791649428762,11.1023678
1662174000000.0,2022-09-03 03:00:00,ETH/BTC,0.0786175,0.078635,0.078205,0.07847,359.02424671849116,28.17263264
1662170400000.0,2022-09-03 02:00:00,ETH/BTC,0.0788475,0.0788475,0.07847,0.0786175,949.7911221102172,74.6702035425
1662166800000.0,2022-09-03 01:00:00,ETH/BTC,0.07884,0.07891,0.078715,0.0788475,122.24348593804496,9.6385932575
1662163200000.0,2022-09-03 00:00:00,ETH/BTC,0.0789675,0.0789675,0.0785875,0.07884,299.52629791349574,23.6146533275
1662159600000.0,2022-09-02 23:00:00,ETH/BTC,0.079075,0.0791625,0.0789325,0.0789675,162.09701047899455,12.800395675
1662156000000.0,2022-09-02 22:00:00,ETH/BTC,0.0790575,0.07924,0.0788725,0.079075,188.45791915902623,14.9023099575
1662152400000.0,2022-09-02 21:00:00,ETH/BTC,0.0785425,0.0792175,0.07854,0.0790575,327.1949639186668,25.86721586
1662148800000.0,2022-09-02 20:00:00,ETH/BTC,0.07843,0.07854,0.0781025,0.07854,506.79996737331294,39.8040694375
1662145200000.0,2022-09-02 19:00:00,ETH/BTC,0.07915,0.079175,0.078195,0.07843,929.4830598622976,72.899356385
1662141600000.0,2022-09-02 18:00:00,ETH/BTC,0.0799675,0.08,0.07909,0.07915,828.2879380606444,65.5589902975
1662138000000.0,2022-09-02 17:00:00,ETH/BTC,0.080005,0.080325,0.07977,0.0799675,1094.0996185950544,87.49241125
1662134400000.0,2022-09-02 16:00:00,ETH/BTC,0.08039,0.08043,0.0798575,0.080005,790.067095181551,63.20931795
1662130800000.0,2022-09-02 15:00:00,ETH/BTC,0.08043,0.0805975,0.08036,0.08039,585.6448276526932,47.079987695
1662127200000.0,2022-09-02 14:00:00,ETH/BTC,0.0803975,0.0807475,0.0802775,0.08043,1311.66630846699,105.49732119
1662123600000.0,2022-09-02 13:00:00,ETH/BTC,0.0800775,0.0806575,0.080025,0.0803975,1115.7309052209334,89.7019754525
1662120000000.0,2022-09-02 12:00:00,ETH/BTC,0.079305,0.080765,0.079055,0.0800775,2086.8393239049674,167.10887596
1662116400000.0,2022-09-02 11:00:00,ETH/BTC,0.0792,0.079315,0.0790525,0.079305,114.10778106676754,9.0493175775
1662112800000.0,2022-09-02 10:00:00,ETH/BTC,0.0791775,0.0794575,0.0789775,0.0792,682.3522200441919,54.0422958275
1662109200000.0,2022-09-02 09:00:00,ETH/BTC,0.0791325,0.0792575,0.079025,0.0791775,195.95021524422975,15.5148481675
1662105600000.0,2022-09-02 08:00:00,ETH/BTC,0.07927,0.0793425,0.078955,0.0791325,651.0703345970367,51.5208232525
1662102000000.0,2022-09-02 07:00:00,ETH/BTC,0.0790225,0.0793725,0.0788225,0.07927,636.5754368298221,50.4613348775
1662098400000.0,2022-09-02 06:00:00,ETH/BTC,0.07908,0.079145,0.07871,0.079025,225.07604425814614,17.7866343975
1662094800000.0,2022-09-02 05:00:00,ETH/BTC,0.079075,0.079135,0.07885,0.07908,1731.9260122028325,136.960709045
1662091200000.0,2022-09-02 04:00:00,ETH/BTC,0.07918,0.07934,0.07894,0.079075,668.7231945937401,52.8792866125
1662087600000.0,2022-09-02 03:00:00,ETH/BTC,0.07878,0.0793675,0.07878,0.07918,1154.7635568641072,91.4341784325
1662084000000.0,2022-09-02 02:00:00,ETH/BTC,0.0788025,0.0789275,0.078565,0.07878,551.0645676250317,43.4128666375
1662080400000.0,2022-09-02 01:00:00,ETH/BTC,0.0788,0.07886,0.078565,0.0788025,767.515984454808,60.482178365
1662076800000.0,2022-09-02 00:00:00,ETH/BTC,0.0787975,0.07885,0.078465,0.0788,811.9048950190356,63.9781057275
1662073200000.0,2022-09-01 23:00:00,ETH/BTC,0.07903,0.0791125,0.0787625,0.078835,360.8692144986364,28.449124525
1662069600000.0,2022-09-01 22:00:00,ETH/BTC,0.07875,0.0792375,0.07875,0.07903,1915.1608042515497,151.35515836
1662066000000.0,2022-09-01 21:00:00,ETH/BTC,0.078755,0.0791,0.0786475,0.07875,686.3581266031746,54.05070247
1662062400000.0,2022-09-01 20:00:00,ETH/BTC,0.0787475,0.078985,0.0786775,0.078755,852.7144955240936,67.155530095
1662058800000.0,2022-09-01 19:00:00,ETH/BTC,0.078745,0.0789175,0.078665,0.0787475,376.28565354455696,29.6315545025
1662055200000.0,2022-09-01 18:00:00,ETH/BTC,0.0788675,0.07892,0.078655,0.078745,596.7134899041209,46.9882037625
1662051600000.0,2022-09-01 17:00:00,ETH/BTC,0.0782925,0.0788725,0.078265,0.0788675,1731.509669508987,136.55983886
1662048000000.0,2022-09-01 16:00:00,ETH/BTC,0.0776475,0.0783875,0.077525,0.0782925,2034.4350480250341,159.2810059975
1662044400000.0,2022-09-01 15:00:00,ETH/BTC,0.0771025,0.0779675,0.07695,0.0776475,959.9914114105413,74.5409331175
1662040800000.0,2022-09-01 14:00:00,ETH/BTC,0.0784575,0.0785325,0.0767325,0.0771025,5631.729362828702,434.2204131975
1662037200000.0,2022-09-01 13:00:00,ETH/BTC,0.0782975,0.0786775,0.0780425,0.0784575,904.3650033457604,70.95421725
1662033600000.0,2022-09-01 12:00:00,ETH/BTC,0.07862,0.07867,0.07806,0.0782975,2495.232889396213,195.3704971575
1662030000000.0,2022-09-01 11:00:00,ETH/BTC,0.07819,0.0787825,0.0779275,0.07862,2685.5417153396083,211.13728966
1662026400000.0,2022-09-01 10:00:00,ETH/BTC,0.0777625,0.07825,0.077545,0.07819,4212.897303747282,329.40644018
1662022800000.0,2022-09-01 09:00:00,ETH/BTC,0.077645,0.0781575,0.077525,0.0777625,4460.651559588491,346.8714169025
1662019200000.0,2022-09-01 08:00:00,ETH/BTC,0.0776275,0.07772,0.077385,0.077645,246.95295682271876,19.1746623325
1662015600000.0,2022-09-01 07:00:00,ETH/BTC,0.0775775,0.0776275,0.07711,0.0776275,4771.378693729671,370.3901995475
1662012000000.0,2022-09-01 06:00:00,ETH/BTC,0.0775275,0.0776475,0.07732,0.0775775,525.7289675808064,40.7847389825
1662008400000.0,2022-09-01 05:00:00,ETH/BTC,0.0773825,0.0776475,0.0773,0.0775275,179.91742165683144,13.9485479075
1662004800000.0,2022-09-01 04:00:00,ETH/BTC,0.0774,0.0775275,0.0771625,0.0773825,460.97938548767485,35.6717372975
1662001200000.0,2022-09-01 03:00:00,ETH/BTC,0.077415,0.0775,0.0770775,0.0774025,1139.2238445463647,88.1787736275
1661997600000.0,2022-09-01 02:00:00,ETH/BTC,0.0774925,0.0779575,0.0773225,0.077415,3005.2703307498546,232.653002655
1661994000000.0,2022-09-01 01:00:00,ETH/BTC,0.07733,0.0775825,0.07699,0.0774925,1445.5232165370842,112.0172078575
1661990400000.0,2022-09-01 00:00:00,ETH/BTC,0.07752,0.07778,0.07704,0.07733,1560.1545167787406,120.6467487825
1661986800000.0,2022-08-31 23:00:00,ETH/BTC,0.07783,0.077835,0.0772525,0.07752,1876.1790345394736,145.4413987575
1661983200000.0,2022-08-31 22:00:00,ETH/BTC,0.0779075,0.07808,0.0772925,0.07783,1336.6280019593987,104.0297573925
1661979600000.0,2022-08-31 21:00:00,ETH/BTC,0.0777875,0.078165,0.0776675,0.0779075,403.1062169239162,31.404997595
1661976000000.0,2022-08-31 20:00:00,ETH/BTC,0.07791,0.0780175,0.07759,0.0777875,673.3048080025711,52.3746977525
1661972400000.0,2022-08-31 19:00:00,ETH/BTC,0.077435,0.0782825,0.07743,0.07791,1048.3606840585292,81.677780895
1661968800000.0,2022-08-31 18:00:00,ETH/BTC,0.0773325,0.0775575,0.0771425,0.0774375,666.0829838256658,51.57980106
1661965200000.0,2022-08-31 17:00:00,ETH/BTC,0.077335,0.07763,0.07691,0.0773325,1436.5352580739018,111.090862845
1661961600000.0,2022-08-31 16:00:00,ETH/BTC,0.0774975,0.0776825,0.0771825,0.077335,432.4593073317385,33.4442405325
1661958000000.0,2022-08-31 15:00:00,ETH/BTC,0.0779475,0.0779475,0.077225,0.0774975,2302.7936840543243,178.46075353
1661954400000.0,2022-08-31 14:00:00,ETH/BTC,0.0783425,0.0784775,0.07786,0.0779475,627.6957115366112,48.927311475
1661950800000.0,2022-08-31 13:00:00,ETH/BTC,0.07845,0.07869,0.078155,0.0783425,802.7569650891917,62.8899875375
1661947200000.0,2022-08-31 12:00:00,ETH/BTC,0.07852,0.078835,0.07808,0.07845,934.4590533142128,73.3083127325
1661943600000.0,2022-08-31 11:00:00,ETH/BTC,0.0785475,0.07882,0.07828,0.07852,1634.1627669065203,128.3144604575
1661940000000.0,2022-08-31 10:00:00,ETH/BTC,0.0778225,0.0787825,0.07769,0.0785475,1340.3139293421177,105.278308365
1661936400000.0,2022-08-31 09:00:00,ETH/BTC,0.07789,0.078005,0.0777,0.0778225,1991.7114865559447,154.9999671625
1661932800000.0,2022-08-31 08:00:00,ETH/BTC,0.07824,0.0785925,0.0774425,0.07789,3608.550576518167,281.070004405
1661929200000.0,2022-08-31 07:00:00,ETH/BTC,0.078225,0.0784525,0.07812,0.07824,1073.3830911298567,83.98149305
1661925600000.0,2022-08-31 06:00:00,ETH/BTC,0.0788625,0.0789975,0.0781825,0.078225,3129.7973402364973,244.82839694
1661922000000.0,2022-08-31 05:00:00,ETH/BTC,0.07899,0.079215,0.0786525,0.0788625,766.8427213821525,60.475134115
1661918400000.0,2022-08-31 04:00:00,ETH/BTC,0.0787625,0.07926,0.07871,0.07899,4675.268965691859,369.2994956
1661914800000.0,2022-08-31 03:00:00,ETH/BTC,0.0782875,0.0790375,0.078255,0.0787625,779.6831280114268,61.40979237
1661911200000.0,2022-08-31 02:00:00,ETH/BTC,0.07825,0.078435,0.077985,0.0782875,919.2629214753314,71.966795965
1661907600000.0,2022-08-31 01:00:00,ETH/BTC,0.0778175,0.07886,0.077745,0.07825,1432.6119412460064,112.1018844025
1661904000000.0,2022-08-31 00:00:00,ETH/BTC,0.076965,0.077845,0.0769525,0.0778175,1184.4431779805313,92.1704070025
1661900400000.0,2022-08-30 23:00:00,ETH/BTC,0.077665,0.0777375,0.0768175,0.0769625,1086.5659229819717,83.6248298475
1661896800000.0,2022-08-30 22:00:00,ETH/BTC,0.0773225,0.0777875,0.0771425,0.077665,904.4413244704823,70.243435465
1661893200000.0,2022-08-30 21:00:00,ETH/BTC,0.078,0.0780575,0.0769325,0.0773225,950.4907267612919,73.49431922
1661889600000.0,2022-08-30 20:00:00,ETH/BTC,0.07738,0.0781525,0.07693,0.078,3363.060644230769,262.31873025
1661886000000.0,2022-08-30 19:00:00,ETH/BTC,0.076165,0.078065,0.076165,0.07738,3242.4528854032046,250.9010042725
1661882400000.0,2022-08-30 18:00:00,ETH/BTC,0.07565,0.0762,0.0756075,0.076165,853.0706860762818,64.974128805
1661878800000.0,2022-08-30 17:00:00,ETH/BTC,0.07584,0.075905,0.0753075,0.0756525,1177.2536706982585,89.0621833225
1661875200000.0,2022-08-30 16:00:00,ETH/BTC,0.0772025,0.0772925,0.07574,0.07584,1664.3389461366032,126.223465675
1661871600000.0,2022-08-30 15:00:00,ETH/BTC,0.07684,0.0775025,0.0767575,0.0772025,952.802203523202,73.5587121175
1661868000000.0,2022-08-30 14:00:00,ETH/BTC,0.077305,0.077475,0.076465,0.07684,1304.1636754294639,100.21193682
1661864400000.0,2022-08-30 13:00:00,ETH/BTC,0.0772575,0.0774725,0.077,0.077305,596.6172712955178,46.1214981575
1661860800000.0,2022-08-30 12:00:00,ETH/BTC,0.07768,0.0779675,0.07704,0.0772575,786.3170274407015,60.7488877475
1661857200000.0,2022-08-30 11:00:00,ETH/BTC,0.07773,0.0778225,0.07756,0.07768,984.1549036753347,76.4491529175
1661853600000.0,2022-08-30 10:00:00,ETH/BTC,0.0779575,0.078265,0.0775675,0.07773,828.6234730155668,64.4089025575
1661850000000.0,2022-08-30 09:00:00,ETH/BTC,0.0777975,0.078,0.07775,0.0779575,495.9960301125613,38.6666105175
1661846400000.0,2022-08-30 08:00:00,ETH/BTC,0.07767,0.0779125,0.077665,0.0777975,466.2914451299849,36.2763087025
1661842800000.0,2022-08-30 07:00:00,ETH/BTC,0.07732,0.0778475,0.07732,0.07767,1164.3644246491567,90.4361848625
1661839200000.0,2022-08-30 06:00:00,ETH/BTC,0.077515,0.077715,0.0772,0.07732,476.5506968766166,36.8468998825
1661835600000.0,2022-08-30 05:00:00,ETH/BTC,0.077295,0.07789,0.07723,0.077515,1146.8788207443722,88.90031179
1661832000000.0,2022-08-30 04:00:00,ETH/BTC,0.076175,0.077295,0.07615,0.077295,1222.7284256096773,94.5107936575
1661828400000.0,2022-08-30 03:00:00,ETH/BTC,0.076065,0.076325,0.07591,0.076175,230.43657620610432,17.5535061925
1661824800000.0,2022-08-30 02:00:00,ETH/BTC,0.0759725,0.0760675,0.07581,0.076065,162.49214043909814,12.3599646625
1661821200000.0,2022-08-30 01:00:00,ETH/BTC,0.0763125,0.0763125,0.075755,0.0759725,454.4482232057652,34.5255676375
1661817600000.0,2022-08-30 00:00:00,ETH/BTC,0.0764925,0.076525,0.0761375,0.0763125,294.0892717772318,22.4426875525
1661814000000.0,2022-08-29 23:00:00,ETH/BTC,0.076255,0.076755,0.076065,0.0764925,432.0057344510899,33.0451986425
1661810400000.0,2022-08-29 22:00:00,ETH/BTC,0.07634,0.0765025,0.07618,0.076255,225.0189742967674,17.158821885
1661806800000.0,2022-08-29 21:00:00,ETH/BTC,0.076635,0.0766425,0.076325,0.07634,251.295234870317,19.18387823
1661803200000.0,2022-08-29 20:00:00,ETH/BTC,0.076165,0.0768625,0.07616,0.076635,830.7440122006917,63.664067375
1661799600000.0,2022-08-29 19:00:00,ETH/BTC,0.07596,0.0762075,0.07596,0.076165,360.9183694282151,27.4893476075
1661796000000.0,2022-08-29 18:00:00,ETH/BTC,0.076095,0.07618,0.07581,0.07596,849.7026812796208,64.54341567
1661792400000.0,2022-08-29 17:00:00,ETH/BTC,0.0757,0.0761425,0.0753825,0.076095,1082.7868874104738,82.3946681975
1661788800000.0,2022-08-29 16:00:00,ETH/BTC,0.0751025,0.075785,0.075055,0.0757,1792.9344495706737,135.7251378325
1661785200000.0,2022-08-29 15:00:00,ETH/BTC,0.074875,0.075415,0.07486,0.0751025,1246.8803332445657,93.6438302275
1661781600000.0,2022-08-29 14:00:00,ETH/BTC,0.0745175,0.07509,0.074495,0.074875,1968.586990984975,147.39795095
1661778000000.0,2022-08-29 13:00:00,ETH/BTC,0.0741875,0.0746775,0.07412,0.0745175,1176.1714899184756,87.645359
1661774400000.0,2022-08-29 12:00:00,ETH/BTC,0.073075,0.0746225,0.0730525,0.0741875,852.2803115417017,63.2285456125
1661770800000.0,2022-08-29 11:00:00,ETH/BTC,0.07315,0.07316,0.07298,0.073075,171.76057629148136,12.5514041125
1661767200000.0,2022-08-29 10:00:00,ETH/BTC,0.0731375,0.07328,0.0729725,0.07315,308.0346978810663,22.53273815
1661763600000.0,2022-08-29 09:00:00,ETH/BTC,0.0729825,0.073205,0.07297,0.0731375,121.018601606563,8.850997975
1661760000000.0,2022-08-29 08:00:00,ETH/BTC,0.0731,0.0731025,0.0729,0.0729825,156.4179526598842,11.41577323
1661756400000.0,2022-08-29 07:00:00,ETH/BTC,0.0732425,0.0733375,0.0730425,0.0731,180.46184616963063,13.191760955
1661752800000.0,2022-08-29 06:00:00,ETH/BTC,0.0729325,0.0733625,0.0729325,0.0732425,355.2082077687135,26.0163371575
1661749200000.0,2022-08-29 05:00:00,ETH/BTC,0.0731775,0.0732725,0.0729225,0.0729325,348.8147285160937,25.4399301875
1661745600000.0,2022-08-29 04:00:00,ETH/BTC,0.0733175,0.073385,0.07312,0.0731775,226.93726620204296,16.6067017975
1661742000000.0,2022-08-29 03:00:00,ETH/BTC,0.0731875,0.0734175,0.0731825,0.0733175,391.9919860879054,28.73987244
1661738400000.0,2022-08-29 02:00:00,ETH/BTC,0.0732,0.0733075,0.07304,0.073185,384.96636581949855,28.1737634825
1661734800000.0,2022-08-29 01:00:00,ETH/BTC,0.0728975,0.0732,0.0728725,0.0732,811.8095338797814,59.42445788
1661731200000.0,2022-08-29 00:00:00,ETH/BTC,0.0729425,0.0732525,0.0727325,0.0728975,623.5214011797386,45.4531513425
1661727600000.0,2022-08-28 23:00:00,ETH/BTC,0.07359,0.07369,0.0728725,0.0729425,1095.2715198272613,79.891842835
1661724000000.0,2022-08-28 22:00:00,ETH/BTC,0.0739825,0.0739825,0.07351,0.07359,1137.0109068487566,83.672632635
1661720400000.0,2022-08-28 21:00:00,ETH/BTC,0.0742125,0.0744,0.0737525,0.0739825,285.3489037948163,21.110825275
1661716800000.0,2022-08-28 20:00:00,ETH/BTC,0.074285,0.074435,0.0741925,0.0742125,201.04754586491495,14.9202409975
1661713200000.0,2022-08-28 19:00:00,ETH/BTC,0.07444,0.07454,0.07427,0.074285,609.4451851315878,45.2726355775
1661709600000.0,2022-08-28 18:00:00,ETH/BTC,0.0742225,0.0744925,0.0742125,0.07444,225.80678983073614,16.809057435
1661706000000.0,2022-08-28 17:00:00,ETH/BTC,0.0740875,0.0743475,0.07401,0.0742225,357.9261435885345,26.5661731925
1661702400000.0,2022-08-28 16:00:00,ETH/BTC,0.074255,0.074495,0.0740675,0.0740875,395.26476038468024,29.284177935
1661698800000.0,2022-08-28 15:00:00,ETH/BTC,0.0740575,0.074385,0.0740275,0.074255,709.5562045653492,52.68809597
1661695200000.0,2022-08-28 14:00:00,ETH/BTC,0.0739325,0.0742,0.07365,0.0740575,1596.163980656922,118.2079139975
1661691600000.0,2022-08-28 13:00:00,ETH/BTC,0.073745,0.0740275,0.0736925,0.0739325,427.8756264498022,31.6339147525
1661688000000.0,2022-08-28 12:00:00,ETH/BTC,0.0741575,0.07425,0.0736,0.073745,624.6627921554003,46.0657576075
1661684400000.0,2022-08-28 11:00:00,ETH/BTC,0.0742825,0.074305,0.07397,0.0741575,445.31428368674773,33.0233939925
1661680800000.0,2022-08-28 10:00:00,ETH/BTC,0.07444,0.074535,0.0742375,0.0742825,267.3752443038401,19.861301585
1661677200000.0,2022-08-28 09:00:00,ETH/BTC,0.0745575,0.074565,0.07432,0.07444,177.43953099811927,13.2085986875
1661673600000.0,2022-08-28 08:00:00,ETH/BTC,0.0746525,0.074835,0.074445,0.0745575,348.592231599772,25.9901653075
1661670000000.0,2022-08-28 07:00:00,ETH/BTC,0.0745825,0.0747925,0.0745425,0.0746525,169.32235400689862,12.6403370325
1661666400000.0,2022-08-28 06:00:00,ETH/BTC,0.0745625,0.07463,0.0744525,0.0745825,644.5484970670065,48.0720382825
1661662800000.0,2022-08-28 05:00:00,ETH/BTC,0.074375,0.0745775,0.07429,0.0745625,613.6820950880134,45.757671215
1661659200000.0,2022-08-28 04:00:00,ETH/BTC,0.07462,0.0746425,0.0743,0.074375,243.85301169747902,18.136567745
1661655600000.0,2022-08-28 03:00:00,ETH/BTC,0.0747425,0.0748425,0.0746075,0.07462,259.9885439225409,19.4003451475
1661652000000.0,2022-08-28 02:00:00,ETH/BTC,0.0746225,0.075005,0.0746225,0.0747425,286.1979047730541,21.3911468975
1661648400000.0,2022-08-28 01:00:00,ETH/BTC,0.0743675,0.07475,0.07425,0.0746225,635.5664921437905,47.42756056
1661644800000.0,2022-08-28 00:00:00,ETH/BTC,0.07443,0.07461,0.074095,0.0743675,909.0436829260094,67.60330609
1661641200000.0,2022-08-27 23:00:00,ETH/BTC,0.0741475,0.074625,0.07411,0.07443,975.8290996573962,72.6309598875
1661637600000.0,2022-08-27 22:00:00,ETH/BTC,0.07357,0.0745725,0.07341,0.0741475,1064.3823067534306,78.92128709
1661634000000.0,2022-08-27 21:00:00,ETH/BTC,0.0740075,0.0740325,0.07332,0.07357,281.9173886434688,20.7406622825
1661630400000.0,2022-08-27 20:00:00,ETH/BTC,0.0739,0.0740325,0.0738475,0.0740075,355.54029770631354,26.3126485825
1661626800000.0,2022-08-27 19:00:00,ETH/BTC,0.07359,0.0740225,0.073575,0.0739,687.4792351150204,50.804715475
1661623200000.0,2022-08-27 18:00:00,ETH/BTC,0.0736925,0.0738325,0.073515,0.0735925,337.4828309950063,24.83620524
1661619600000.0,2022-08-27 17:00:00,ETH/BTC,0.07347,0.0738475,0.07332,0.0736925,380.79012765885267,28.0613764825
1661616000000.0,2022-08-27 16:00:00,ETH/BTC,0.0735675,0.073595,0.072975,0.07347,920.1152929086703,67.60087057
1661612400000.0,2022-08-27 15:00:00,ETH/BTC,0.0742325,0.074265,0.0733725,0.0735675,1084.6681191083019,79.7963218525
1661608800000.0,2022-08-27 14:00:00,ETH/BTC,0.0743575,0.0743825,0.0741425,0.0742325,546.4977501094534,40.567894235
1661605200000.0,2022-08-27 13:00:00,ETH/BTC,0.07442,0.07444,0.0740125,0.0743575,344.27246898429877,25.5992401125
1661601600000.0,2022-08-27 12:00:00,ETH/BTC,0.0744725,0.074555,0.07436,0.07442,252.82824942891693,18.8154783225
1661598000000.0,2022-08-27 11:00:00,ETH/BTC,0.0744825,0.0745925,0.07421,0.0744725,416.2405597368156,30.998475085
1661594400000.0,2022-08-27 10:00:00,ETH/BTC,0.0744125,0.0746775,0.0743725,0.0744825,334.6024398684255,24.9220262275
1661590800000.0,2022-08-27 09:00:00,ETH/BTC,0.0743625,0.07449,0.07425,0.0744125,182.79264763984543,13.6020578925
1661587200000.0,2022-08-27 08:00:00,ETH/BTC,0.0744025,0.07455,0.07426,0.0743625,378.3437276180871,28.134585445
1661583600000.0,2022-08-27 07:00:00,ETH/BTC,0.0743875,0.07445,0.0739275,0.0744025,717.0949117973187,53.353654175
1661580000000.0,2022-08-27 06:00:00,ETH/BTC,0.073955,0.074455,0.0738725,0.0743875,762.1060254747102,56.69116197
1661576400000.0,2022-08-27 05:00:00,ETH/BTC,0.0741275,0.0742325,0.0737,0.073955,829.2011657764856,61.323572215
1661572800000.0,2022-08-27 04:00:00,ETH/BTC,0.074335,0.074385,0.07407,0.0741275,177.06495737074636,13.1253826275
1661569200000.0,2022-08-27 03:00:00,ETH/BTC,0.0741675,0.0743575,0.0738575,0.074335,243.84503080648415,18.126220365
1661565600000.0,2022-08-27 02:00:00,ETH/BTC,0.07444,0.0744875,0.07369,0.0741675,591.680816361614,43.8834869475
1661562000000.0,2022-08-27 01:00:00,ETH/BTC,0.0746175,0.074765,0.074425,0.07444,323.453721252015,24.07789501
1661558400000.0,2022-08-27 00:00:00,ETH/BTC,0.07451,0.0748025,0.0740825,0.0746175,885.9101024893624,66.1043970725
1661554800000.0,2022-08-26 23:00:00,ETH/BTC,0.07516,0.075445,0.07397,0.07451,2997.969912897597,223.37873821
1661551200000.0,2022-08-26 22:00:00,ETH/BTC,0.07541,0.07552,0.075025,0.07516,261.3519155800958,19.643209975
1661547600000.0,2022-08-26 21:00:00,ETH/BTC,0.07538,0.0755225,0.075025,0.07541,774.0491323431905,58.37104507
1661544000000.0,2022-08-26 20:00:00,ETH/BTC,0.0755475,0.07565,0.0752575,0.07538,505.0793614685593,38.0728822675
1661540400000.0,2022-08-26 19:00:00,ETH/BTC,0.0753625,0.0755725,0.075205,0.0755475,277.0304182467984,20.9289555225
1661536800000.0,2022-08-26 18:00:00,ETH/BTC,0.0759475,0.0759775,0.074865,0.0753625,1757.2770240504228,132.432789725
1661533200000.0,2022-08-26 17:00:00,ETH/BTC,0.0762825,0.0763925,0.0758625,0.0759475,1455.4833606767834,110.540322535
1661529600000.0,2022-08-26 16:00:00,ETH/BTC,0.07669,0.07676,0.076085,0.0762825,2085.179563268115,159.062710035
1661526000000.0,2022-08-26 15:00:00,ETH/BTC,0.0772425,0.0775375,0.07654,0.07669,4136.168737579867,317.202780485
1661522400000.0,2022-08-26 14:00:00,ETH/BTC,0.07772,0.07808,0.077,0.0772425,1625.149072984432,125.53057727
1661518800000.0,2022-08-26 13:00:00,ETH/BTC,0.0776525,0.0781,0.0772625,0.07772,2674.6971851518274,207.87746523
1661515200000.0,2022-08-26 12:00:00,ETH/BTC,0.0768625,0.0776525,0.0767525,0.0776525,2301.4698230256595,178.7148854325
1661511600000.0,2022-08-26 11:00:00,ETH/BTC,0.0771075,0.07714,0.07657,0.0768625,1538.1903018376972,118.229152075
1661508000000.0,2022-08-26 10:00:00,ETH/BTC,0.0774625,0.07747,0.077085,0.0771075,245.8810841033622,18.9592756925
1661504400000.0,2022-08-26 09:00:00,ETH/BTC,0.0774875,0.0776,0.0774,0.0774625,222.27828533161207,17.2182316775
1661500800000.0,2022-08-26 08:00:00,ETH/BTC,0.077395,0.0776375,0.077255,0.0774875,217.180103306985,16.828743255
1661497200000.0,2022-08-26 07:00:00,ETH/BTC,0.0774325,0.0775,0.076985,0.077395,1184.6155057174235,91.683317065
1661493600000.0,2022-08-26 06:00:00,ETH/BTC,0.0776075,0.0776875,0.0774325,0.0774325,428.7888389242243,33.20219177
1661490000000.0,2022-08-26 05:00:00,ETH/BTC,0.078145,0.0782275,0.0776,0.0776075,692.6788515929517,53.757073975
1661486400000.0,2022-08-26 04:00:00,ETH/BTC,0.0783025,0.0783025,0.07796,0.078145,315.11339221959173,24.624536035
1661482800000.0,2022-08-26 03:00:00,ETH/BTC,0.07827,0.07834,0.07817,0.0783025,300.4238767600013,23.52394061
1661479200000.0,2022-08-26 02:00:00,ETH/BTC,0.0781475,0.07827,0.0779825,0.07827,111.21134901622588,8.7045122875
1661475600000.0,2022-08-26 01:00:00,ETH/BTC,0.0779925,0.0782075,0.07791,0.0781475,257.26922505518417,20.104946765
1661472000000.0,2022-08-26 00:00:00,ETH/BTC,0.07863,0.0786675,0.0779825,0.0779925,643.9570201942494,50.2238178975
1661468400000.0,2022-08-25 23:00:00,ETH/BTC,0.07854,0.078635,0.0782725,0.07863,447.37520857179186,35.17711265
1661464800000.0,2022-08-25 22:00:00,ETH/BTC,0.0788425,0.0789,0.0784925,0.07854,356.85488158899926,28.0273824
1661461200000.0,2022-08-25 21:00:00,ETH/BTC,0.0789125,0.078955,0.0785575,0.0788425,626.7979645812856,49.4183185225
1661457600000.0,2022-08-25 20:00:00,ETH/BTC,0.078995,0.07906,0.0788525,0.0789125,233.91466117535248,18.4587907
1661454000000.0,2022-08-25 19:00:00,ETH/BTC,0.0790525,0.07926,0.0789325,0.078995,1132.6055844040764,89.47017814
1661450400000.0,2022-08-25 18:00:00,ETH/BTC,0.0790675,0.079185,0.07887,0.0790525,673.3053727902343,53.2264729825
1661446800000.0,2022-08-25 17:00:00,ETH/BTC,0.0790525,0.0793825,0.0790375,0.0790675,608.062603914377,48.077989935
1661443200000.0,2022-08-25 16:00:00,ETH/BTC,0.0789075,0.079085,0.07879,0.0790525,381.6858808386832,30.173223095
1661439600000.0,2022-08-25 15:00:00,ETH/BTC,0.0789525,0.079125,0.078615,0.0789075,958.8513510439437,75.6605629825
1661436000000.0,2022-08-25 14:00:00,ETH/BTC,0.0787175,0.0791375,0.0786525,0.0789525,499.7218676419367,39.454290755
1661432400000.0,2022-08-25 13:00:00,ETH/BTC,0.0786675,0.07879,0.0785725,0.0787175,183.15950128624513,14.4178580425
1661428800000.0,2022-08-25 12:00:00,ETH/BTC,0.0787425,0.078895,0.078565,0.0786675,339.2563833857692,26.68845154
1661425200000.0,2022-08-25 11:00:00,ETH/BTC,0.0783625,0.07881,0.07836,0.0787425,184.40822951392195,14.5207650125
1661421600000.0,2022-08-25 10:00:00,ETH/BTC,0.078545,0.0785775,0.0783625,0.0783625,144.2783321103844,11.3060108
1661418000000.0,2022-08-25 09:00:00,ETH/BTC,0.0788075,0.0788575,0.0784725,0.078545,631.3261503596664,49.58751248
1661414400000.0,2022-08-25 08:00:00,ETH/BTC,0.078595,0.0788725,0.0784925,0.0788075,496.78757802239636,39.150587055
1661410800000.0,2022-08-25 07:00:00,ETH/BTC,0.0784725,0.0786675,0.0782425,0.078595,341.29521149564226,26.8240971475
1661407200000.0,2022-08-25 06:00:00,ETH/BTC,0.0779325,0.0786225,0.077855,0.0784725,843.3869417311797,66.182681785
1661403600000.0,2022-08-25 05:00:00,ETH/BTC,0.0778225,0.0779425,0.0777875,0.0779325,206.2433508164116,16.0730599375
1661400000000.0,2022-08-25 04:00:00,ETH/BTC,0.0777875,0.0779825,0.077725,0.0778225,105.53584818015356,8.213063545
1661396400000.0,2022-08-25 03:00:00,ETH/BTC,0.07791,0.078045,0.077615,0.0777875,573.376951470352,44.6015596125
1661392800000.0,2022-08-25 02:00:00,ETH/BTC,0.0777525,0.07791,0.0776525,0.07791,181.25600972275703,14.1216557175
1661389200000.0,2022-08-25 01:00:00,ETH/BTC,0.07771,0.0778725,0.0774925,0.0777525,147.75727905855118,11.48849784
1661385600000.0,2022-08-25 00:00:00,ETH/BTC,0.077525,0.07787,0.0775225,0.07771,340.056826984944,26.425816025
1661382000000.0,2022-08-24 23:00:00,ETH/BTC,0.077265,0.077555,0.07713,0.077525,163.09544024508224,12.643974005
1661378400000.0,2022-08-24 22:00:00,ETH/BTC,0.07739,0.077665,0.0770475,0.077265,211.02917003170907,16.3051688225
1661374800000.0,2022-08-24 21:00:00,ETH/BTC,0.0776,0.0776225,0.0773875,0.07739,93.98632594650472,7.273601765
1661371200000.0,2022-08-24 20:00:00,ETH/BTC,0.077315,0.07765,0.07726,0.0776,251.85168134664949,19.5436904725
1661367600000.0,2022-08-24 19:00:00,ETH/BTC,0.0769775,0.07755,0.0769775,0.077315,716.0326419517559,55.3600637125
1661364000000.0,2022-08-24 18:00:00,ETH/BTC,0.0771125,0.077195,0.0769275,0.0769775,305.39983524406483,23.5089158175
1661360400000.0,2022-08-24 17:00:00,ETH/BTC,0.0772775,0.077295,0.0769625,0.0771125,211.42425475765924,16.303452845
1661356800000.0,2022-08-24 16:00:00,ETH/BTC,0.0779,0.077975,0.0770975,0.0772775,1710.744901070816,132.2020890925
1661353200000.0,2022-08-24 15:00:00,ETH/BTC,0.0768225,0.0780275,0.076765,0.0779,1179.5386562901156,91.886061325
1661349600000.0,2022-08-24 14:00:00,ETH/BTC,0.07696,0.0771625,0.0766825,0.0768225,764.0137443131895,58.6934458725
1661346000000.0,2022-08-24 13:00:00,ETH/BTC,0.07718,0.0772175,0.076865,0.07696,395.8973223427755,30.4682579275
1661342400000.0,2022-08-24 12:00:00,ETH/BTC,0.077035,0.0772025,0.07681,0.07718,652.826024714952,50.3851125875
1661338800000.0,2022-08-24 11:00:00,ETH/BTC,0.07659,0.07705,0.0765375,0.0770325,576.7025619381429,44.4248401025
1661335200000.0,2022-08-24 10:00:00,ETH/BTC,0.076745,0.07691,0.076555,0.07659,666.0965516712364,51.0163348925
1661331600000.0,2022-08-24 09:00:00,ETH/BTC,0.0765675,0.07682,0.0765675,0.076745,495.906045768454,38.0583094825
1661328000000.0,2022-08-24 08:00:00,ETH/BTC,0.0763375,0.0767925,0.076325,0.0765675,722.4270076403174,55.3144299075
1661324400000.0,2022-08-24 07:00:00,ETH/BTC,0.076875,0.0769375,0.076235,0.0763375,990.3064822990011,75.5975210925
1661320800000.0,2022-08-24 06:00:00,ETH/BTC,0.0764725,0.0768975,0.0764725,0.076875,768.7780796422765,59.0998148725
1661317200000.0,2022-08-24 05:00:00,ETH/BTC,0.0761125,0.076655,0.075995,0.0764725,963.8508349733564,73.7080829775
1661313600000.0,2022-08-24 04:00:00,ETH/BTC,0.0759125,0.076175,0.0758325,0.0761125,283.20518653309244,21.55545476
1661310000000.0,2022-08-24 03:00:00,ETH/BTC,0.0760075,0.076135,0.0757875,0.0759125,710.9723700971514,53.971690045
1661306400000.0,2022-08-24 02:00:00,ETH/BTC,0.0763225,0.0765225,0.0759925,0.0760075,908.081782949051,69.0210261175
1661302800000.0,2022-08-24 01:00:00,ETH/BTC,0.0767075,0.0767475,0.0760825,0.0763225,921.5930935176389,70.33828888
1661299200000.0,2022-08-24 00:00:00,ETH/BTC,0.0773375,0.0773825,0.0765125,0.0767075,868.41187569664,66.613703955
1661295600000.0,2022-08-23 23:00:00,ETH/BTC,0.0770075,0.0774025,0.076955,0.0773375,385.518584612898,29.8150435375
1661292000000.0,2022-08-23 22:00:00,ETH/BTC,0.076715,0.07702,0.07665,0.0770075,460.88850547024634,35.491871585
1661288400000.0,2022-08-23 21:00:00,ETH/BTC,0.0766925,0.0768,0.0765475,0.076715,252.6472476699472,19.381833605
1661284800000.0,2022-08-23 20:00:00,ETH/BTC,0.0766875,0.0769725,0.0765,0.0766925,978.5727976334061,75.0491942825
1661281200000.0,2022-08-23 19:00:00,ETH/BTC,0.07693,0.0770525,0.0765925,0.0766875,2095.51908391198,160.7001197475
1661277600000.0,2022-08-23 18:00:00,ETH/BTC,0.07632,0.0776025,0.076195,0.07693,2556.1990397764202,196.64839213
1661274000000.0,2022-08-23 17:00:00,ETH/BTC,0.07634,0.07651,0.07624,0.07632,502.18349079533544,38.3266440175
1661270400000.0,2022-08-23 16:00:00,ETH/BTC,0.0764125,0.07645,0.0759925,0.07634,1540.2083452318575,117.579505075
1661266800000.0,2022-08-23 15:00:00,ETH/BTC,0.07602,0.076415,0.0759325,0.0764125,1993.2338016685753,152.30797787
1661263200000.0,2022-08-23 14:00:00,ETH/BTC,0.076015,0.0763825,0.07598,0.07602,1932.043393350434,146.8739387625
1661259600000.0,2022-08-23 13:00:00,ETH/BTC,0.0754675,0.076015,0.0753375,0.076015,1383.5153228639085,105.1679172675
1661256000000.0,2022-08-23 12:00:00,ETH/BTC,0.07551,0.07565,0.07537,0.0754675,622.8867619505085,47.0077067075
1661252400000.0,2022-08-23 11:00:00,ETH/BTC,0.07512,0.0755975,0.0749275,0.07551,384.75936491855384,29.053179645
1661248800000.0,2022-08-23 10:00:00,ETH/BTC,0.075145,0.0752525,0.074885,0.07512,386.98444605298187,29.0702715875
1661245200000.0,2022-08-23 09:00:00,ETH/BTC,0.07502,0.07538,0.0745775,0.075145,646.7582592986892,48.600649395
1661241600000.0,2022-08-23 08:00:00,ETH/BTC,0.07523,0.07542,0.07483,0.07502,360.2470345241269,27.02573253
1661238000000.0,2022-08-23 07:00:00,ETH/BTC,0.0746675,0.0753275,0.0746275,0.07523,595.757457563472,44.8188335325
1661234400000.0,2022-08-23 06:00:00,ETH/BTC,0.074955,0.0750875,0.0746675,0.0746675,800.3473971272642,59.759939275
1661230800000.0,2022-08-23 05:00:00,ETH/BTC,0.075755,0.0757625,0.0749175,0.074955,316.53502234674136,23.7258826
1661227200000.0,2022-08-23 04:00:00,ETH/BTC,0.075785,0.0759525,0.0757125,0.075755,217.8713783908653,16.50484627
1661223600000.0,2022-08-23 03:00:00,ETH/BTC,0.07621,0.07641,0.07572,0.075785,183.8098660684832,13.9300307
1661220000000.0,2022-08-23 02:00:00,ETH/BTC,0.0762225,0.0763475,0.0760675,0.07621,256.6591201613962,19.5599915475
1661216400000.0,2022-08-23 01:00:00,ETH/BTC,0.07609,0.0765825,0.07609,0.0762225,673.6814253337269,51.3496824425
1661212800000.0,2022-08-23 00:00:00,ETH/BTC,0.07591,0.076205,0.0756575,0.07609,432.015803292154,32.8720824725
1661209200000.0,2022-08-22 23:00:00,ETH/BTC,0.0749675,0.076025,0.0749675,0.07591,442.92027680806217,33.6220782125
1661205600000.0,2022-08-22 22:00:00,ETH/BTC,0.0744825,0.0749725,0.0743875,0.0749675,157.10678420648946,11.777902845
1661202000000.0,2022-08-22 21:00:00,ETH/BTC,0.074755,0.074825,0.07429,0.0744825,177.7043351122747,13.23586314
1661198400000.0,2022-08-22 20:00:00,ETH/BTC,0.07444,0.0749975,0.074415,0.074755,332.5664987626246,24.861008615
1661194800000.0,2022-08-22 19:00:00,ETH/BTC,0.07415,0.07444,0.07407,0.07444,193.7861291980118,14.4254394575
1661191200000.0,2022-08-22 18:00:00,ETH/BTC,0.07416,0.074245,0.0738175,0.07415,165.91268425488875,12.3024255375
1661187600000.0,2022-08-22 17:00:00,ETH/BTC,0.07415,0.0742025,0.07396,0.07416,117.62859246898597,8.7233364175
1661184000000.0,2022-08-22 16:00:00,ETH/BTC,0.0743075,0.0743925,0.0739075,0.07415,163.4770295347269,12.12182174
1661180400000.0,2022-08-22 15:00:00,ETH/BTC,0.0736825,0.074425,0.07367,0.0743075,1911.584150220368,142.0450392425
1661176800000.0,2022-08-22 14:00:00,ETH/BTC,0.07355,0.07401,0.0734275,0.0736825,1471.189292437146,108.40090504
1661173200000.0,2022-08-22 13:00:00,ETH/BTC,0.0736225,0.0739875,0.07338,0.07355,491.36153303874914,36.139640755
1661169600000.0,2022-08-22 12:00:00,ETH/BTC,0.0737825,0.0740225,0.0734925,0.0736225,463.6773850045842,34.1370882775
1661166000000.0,2022-08-22 11:00:00,ETH/BTC,0.0739375,0.0740925,0.0737275,0.0737825,525.3367074848372,38.76065562
1661162400000.0,2022-08-22 10:00:00,ETH/BTC,0.073875,0.07408,0.073755,0.0739375,294.5039587489434,21.77488645
1661158800000.0,2022-08-22 09:00:00,ETH/BTC,0.0738,0.074015,0.0735175,0.073875,492.698498714044,36.3981015925
1661155200000.0,2022-08-22 08:00:00,ETH/BTC,0.073785,0.073925,0.073125,0.0738,1562.1425184959348,115.286117865
1661151600000.0,2022-08-22 07:00:00,ETH/BTC,0.074215,0.07443,0.07368,0.073785,634.7002092905061,46.8313549425
1661148000000.0,2022-08-22 06:00:00,ETH/BTC,0.0748675,0.0748675,0.0740075,0.074215,684.2706578858721,50.783146875
1661144400000.0,2022-08-22 05:00:00,ETH/BTC,0.0748825,0.07494,0.074695,0.0748675,216.50725815607572,16.20935715
1661140800000.0,2022-08-22 04:00:00,ETH/BTC,0.0745,0.0749,0.07425,0.0748825,1165.902790204654,87.3057156875
1661137200000.0,2022-08-22 03:00:00,ETH/BTC,0.074875,0.0749475,0.0745,0.0745,249.97328976510067,18.6230100875
1661133600000.0,2022-08-22 02:00:00,ETH/BTC,0.0748925,0.0749925,0.0746425,0.074875,220.2378323539232,16.4903076975
1661130000000.0,2022-08-22 01:00:00,ETH/BTC,0.075055,0.07511,0.07456,0.0748925,2151.241397703375,161.1118463775
1661126400000.0,2022-08-22 00:00:00,ETH/BTC,0.0752,0.07531,0.07479,0.075055,493.8259442075812,37.0641062425
1661122800000.0,2022-08-21 23:00:00,ETH/BTC,0.075045,0.075395,0.07499,0.0752,264.4747186835106,19.888498845
1661119200000.0,2022-08-21 22:00:00,ETH/BTC,0.07531,0.07531,0.0743025,0.075045,1831.4656563395297,137.44234018
1661115600000.0,2022-08-21 21:00:00,ETH/BTC,0.0752875,0.0758775,0.0752025,0.07531,1212.6136356725533,91.3219329025
1661112000000.0,2022-08-21 20:00:00,ETH/BTC,0.0754725,0.07555,0.07514,0.0752775,1342.2117780545316,101.0383471225
1661108400000.0,2022-08-21 19:00:00,ETH/BTC,0.0755825,0.075625,0.07533,0.0754725,416.24487180761207,31.4150410875
1661104800000.0,2022-08-21 18:00:00,ETH/BTC,0.075485,0.0756275,0.0753825,0.0755875,593.794175822722,44.883417265
1661101200000.0,2022-08-21 17:00:00,ETH/BTC,0.0758275,0.0759775,0.0754775,0.075485,981.5102743591443,74.08930306
1661097600000.0,2022-08-21 16:00:00,ETH/BTC,0.075665,0.0760225,0.0755225,0.0758275,1505.4217897530577,114.1523707625
1661094000000.0,2022-08-21 15:00:00,ETH/BTC,0.07553,0.07569,0.075425,0.075665,715.3513998546224,54.12706367
1661090400000.0,2022-08-21 14:00:00,ETH/BTC,0.0753375,0.0756425,0.0750825,0.07553,1726.9736216073084,130.43831764
1661086800000.0,2022-08-21 13:00:00,ETH/BTC,0.07567,0.0756875,0.07533,0.0753375,1821.2199202588351,137.2061557425
1661083200000.0,2022-08-21 12:00:00,ETH/BTC,0.07557,0.07603,0.07554,0.07567,807.3963036209858,61.095678295
1661079600000.0,2022-08-21 11:00:00,ETH/BTC,0.075775,0.0758675,0.07557,0.07557,365.13630888580127,27.5933508625
1661076000000.0,2022-08-21 10:00:00,ETH/BTC,0.075455,0.07601,0.075345,0.075775,1082.3331581326297,82.0137950575
1661072400000.0,2022-08-21 09:00:00,ETH/BTC,0.0750025,0.07562,0.0749225,0.075455,1148.2739093168113,86.6430078275
1661068800000.0,2022-08-21 08:00:00,ETH/BTC,0.07461,0.0752025,0.0746075,0.0750025,700.4318796040131,52.53414205
1661065200000.0,2022-08-21 07:00:00,ETH/BTC,0.0744225,0.07468,0.07418,0.07461,588.6394562056025,43.9183898275
1661061600000.0,2022-08-21 06:00:00,ETH/BTC,0.074735,0.074765,0.07427,0.0744225,1025.2850987940476,76.304280265
1661058000000.0,2022-08-21 05:00:00,ETH/BTC,0.0746675,0.07484,0.074515,0.074735,384.27026021944204,28.7184378975
1661054400000.0,2022-08-21 04:00:00,ETH/BTC,0.0747575,0.0749475,0.07464,0.0746675,983.4283418488634,73.430135715
1661050800000.0,2022-08-21 03:00:00,ETH/BTC,0.07501,0.075055,0.0746825,0.0747575,835.5048938902451,62.460257105
1661047200000.0,2022-08-21 02:00:00,ETH/BTC,0.0750125,0.07525,0.074755,0.07501,1121.680095587255,84.13722397
1661043600000.0,2022-08-21 01:00:00,ETH/BTC,0.0744725,0.07508,0.0743875,0.0750125,2100.407256357274,157.5567993175
1661040000000.0,2022-08-21 00:00:00,ETH/BTC,0.0745425,0.0749625,0.07435,0.0744725,2209.739976769949,164.56486042
1661036400000.0,2022-08-20 23:00:00,ETH/BTC,0.074455,0.0747225,0.074255,0.0745425,1444.620807592984,107.68564655
1661032800000.0,2022-08-20 22:00:00,ETH/BTC,0.0742775,0.07477,0.0741975,0.074455,1385.8473616949836,103.183265315
1661029200000.0,2022-08-20 21:00:00,ETH/BTC,0.07363,0.074385,0.07337,0.0742775,4281.56442098886,318.02390128
1661025600000.0,2022-08-20 20:00:00,ETH/BTC,0.0744875,0.074885,0.073425,0.07363,3448.1435873285345,253.886812335
1661022000000.0,2022-08-20 19:00:00,ETH/BTC,0.0748425,0.07487,0.074015,0.0744875,3923.0426557140463,292.2176398175
1661018400000.0,2022-08-20 18:00:00,ETH/BTC,0.07606,0.07611,0.07478,0.0748425,2137.8488010154656,160.00194889
1661014800000.0,2022-08-20 17:00:00,ETH/BTC,0.0761975,0.076475,0.075885,0.07606,1896.2236255259006,144.2267689575
1661011200000.0,2022-08-20 16:00:00,ETH/BTC,0.0767525,0.0767625,0.0761075,0.0761975,1478.5216353554906,112.65965231
1661007600000.0,2022-08-20 15:00:00,ETH/BTC,0.07684,0.07686,0.07664,0.0767525,792.6292255626853,60.836274635
1661004000000.0,2022-08-20 14:00:00,ETH/BTC,0.0767325,0.077025,0.0767325,0.07684,819.5643195601249,62.975322315
1661000400000.0,2022-08-20 13:00:00,ETH/BTC,0.0765975,0.0768125,0.0765025,0.0767325,431.04195327924936,33.07492668
1660996800000.0,2022-08-20 12:00:00,ETH/BTC,0.076835,0.07684,0.07654,0.0765975,624.1957340970658,47.8118327425
1660993200000.0,2022-08-20 11:00:00,ETH/BTC,0.0768625,0.0769825,0.07677,0.076835,316.58558056224376,24.3248530825
1660989600000.0,2022-08-20 10:00:00,ETH/BTC,0.077105,0.077105,0.076615,0.0768625,484.41989988616035,37.233724555
1660986000000.0,2022-08-20 09:00:00,ETH/BTC,0.077235,0.077265,0.0769975,0.077105,223.64721182154202,17.2443182675
1660982400000.0,2022-08-20 08:00:00,ETH/BTC,0.077325,0.0775175,0.077235,0.077235,399.7245238881336,30.8727236025
1660978800000.0,2022-08-20 07:00:00,ETH/BTC,0.0774375,0.0775575,0.0771925,0.077325,511.63584917555767,39.5622420375
1660975200000.0,2022-08-20 06:00:00,ETH/BTC,0.0773875,0.07744,0.07724,0.0774375,338.1249670702179,26.1835521375
1660971600000.0,2022-08-20 05:00:00,ETH/BTC,0.077565,0.0775825,0.077265,0.0773875,552.4238535293167,42.750700965
1660968000000.0,2022-08-20 04:00:00,ETH/BTC,0.07699,0.07766,0.076985,0.077565,528.5498450976601,40.996968735
1660964400000.0,2022-08-20 03:00:00,ETH/BTC,0.077075,0.07721,0.076865,0.07699,498.74475931939213,38.39835902
1660960800000.0,2022-08-20 02:00:00,ETH/BTC,0.07706,0.0772725,0.0769975,0.077075,643.8005373337658,49.620926415
1660957200000.0,2022-08-20 01:00:00,ETH/BTC,0.077405,0.0774875,0.0769875,0.07706,761.0547980794187,58.64688274
1660953600000.0,2022-08-20 00:00:00,ETH/BTC,0.0771875,0.07761,0.07714,0.077405,829.1003144822686,64.1765098425
1660950000000.0,2022-08-19 23:00:00,ETH/BTC,0.07724,0.0774625,0.07703,0.077175,1919.9620749595078,148.173073135
1660946400000.0,2022-08-19 22:00:00,ETH/BTC,0.0782125,0.07824,0.07713,0.07724,1922.0175371245468,148.4566345675
1660942800000.0,2022-08-19 21:00:00,ETH/BTC,0.0792825,0.0793625,0.077915,0.0782125,3370.5633063448936,263.6201825975
1660939200000.0,2022-08-19 20:00:00,ETH/BTC,0.0797525,0.0797975,0.0792825,0.0792825,561.0457700312174,44.4811112625
1660935600000.0,2022-08-19 19:00:00,ETH/BTC,0.079525,0.0797825,0.07928,0.0797525,612.3101260462054,48.8332633275
1660932000000.0,2022-08-19 18:00:00,ETH/BTC,0.0794975,0.079605,0.079265,0.079525,1435.9740299276957,114.19583473
1660928400000.0,2022-08-19 17:00:00,ETH/BTC,0.0798,0.0799975,0.0794625,0.0794975,1176.8785022170507,93.55889873
1660924800000.0,2022-08-19 16:00:00,ETH/BTC,0.079195,0.079885,0.0790825,0.0798,2654.802520050125,211.8532411
1660921200000.0,2022-08-19 15:00:00,ETH/BTC,0.0793075,0.07941,0.07918,0.079195,1033.9752500473514,81.8856699275
1660917600000.0,2022-08-19 14:00:00,ETH/BTC,0.07895,0.0793875,0.07876,0.0793075,1076.9036998077104,85.4065401725
1660914000000.0,2022-08-19 13:00:00,ETH/BTC,0.0789575,0.07906,0.078705,0.07895,1513.1267892653577,119.4613600125
1660910400000.0,2022-08-19 12:00:00,ETH/BTC,0.07952,0.07952,0.07875,0.0789575,1453.3389765063482,114.7520122375
1660906800000.0,2022-08-19 11:00:00,ETH/BTC,0.0800375,0.080135,0.0791,0.07952,1986.0168558538735,157.9280603775
1660903200000.0,2022-08-19 10:00:00,ETH/BTC,0.0798775,0.080105,0.07986,0.0800375,870.6732275183508,69.6865084475
1660899600000.0,2022-08-19 09:00:00,ETH/BTC,0.0796875,0.0799975,0.0795325,0.0798775,676.2152188976871,54.0143811475
1660896000000.0,2022-08-19 08:00:00,ETH/BTC,0.07961,0.07982,0.079305,0.0796875,1333.6525569254902,106.27543813
1660892400000.0,2022-08-19 07:00:00,ETH/BTC,0.07983,0.079835,0.07918,0.0796025,2204.8668836405886,175.512916105
1660888800000.0,2022-08-19 06:00:00,ETH/BTC,0.0796625,0.081025,0.079145,0.07983,1934.0075253664036,154.39182075
1660885200000.0,2022-08-19 05:00:00,ETH/BTC,0.0798075,0.079885,0.0795175,0.0796625,346.69903232386633,27.6189116625
1660881600000.0,2022-08-19 04:00:00,ETH/BTC,0.079845,0.0799125,0.07974,0.0798075,259.33700504338566,20.69703803
1660878000000.0,2022-08-19 03:00:00,ETH/BTC,0.0799925,0.08,0.079815,0.079845,360.36261494144907,28.77315299
1660874400000.0,2022-08-19 02:00:00,ETH/BTC,0.079795,0.0801475,0.0797325,0.0799925,945.419444854205,75.6264649425
1660870800000.0,2022-08-19 01:00:00,ETH/BTC,0.079605,0.0798025,0.079345,0.079795,1046.0726989473023,83.4713710125
1660867200000.0,2022-08-19 00:00:00,ETH/BTC,0.0795875,0.0798475,0.079095,0.079605,741.1718676904717,59.0009865275
1660863600000.0,2022-08-18 23:00:00,ETH/BTC,0.0799725,0.080015,0.07948,0.0795875,458.0784179362336,36.4573160875
1660860000000.0,2022-08-18 22:00:00,ETH/BTC,0.0799825,0.0800525,0.0798775,0.0799725,336.7310257275938,26.929221955
1660856400000.0,2022-08-18 21:00:00,ETH/BTC,0.080175,0.0802,0.07994,0.0799825,193.29674435032663,15.460356855
1660852800000.0,2022-08-18 20:00:00,ETH/BTC,0.0801125,0.08019,0.08005,0.080175,140.2303058933583,11.242964775
1660849200000.0,2022-08-18 19:00:00,ETH/BTC,0.08006,0.0802125,0.079915,0.080115,380.55194498533353,30.4879190725
1660845600000.0,2022-08-18 18:00:00,ETH/BTC,0.079975,0.08014,0.0799575,0.08006,330.4788216650012,26.4581344625
1660842000000.0,2022-08-18 17:00:00,ETH/BTC,0.0801225,0.080305,0.0799625,0.079975,768.0526093466708,61.4250074325
1660838400000.0,2022-08-18 16:00:00,ETH/BTC,0.079875,0.08019,0.079665,0.0801225,1571.0898273269058,125.87964469
1660834800000.0,2022-08-18 15:00:00,ETH/BTC,0.0794525,0.07996,0.07944,0.079875,822.2517570266041,65.6773590925
1660831200000.0,2022-08-18 14:00:00,ETH/BTC,0.07909,0.0796475,0.079025,0.0794525,678.1954523142759,53.884324175
1660827600000.0,2022-08-18 13:00:00,ETH/BTC,0.0797125,0.0798275,0.0789925,0.07909,891.4553135668227,70.50520075
1660824000000.0,2022-08-18 12:00:00,ETH/BTC,0.079015,0.0797475,0.0789975,0.0797125,2583.7072063979926,205.95376069
1660820400000.0,2022-08-18 11:00:00,ETH/BTC,0.07872,0.079075,0.0787125,0.079015,404.0850304688983,31.9287786825
1660816800000.0,2022-08-18 10:00:00,ETH/BTC,0.07887,0.079165,0.07867,0.07872,687.9560427782013,54.1558996875
1660813200000.0,2022-08-18 09:00:00,ETH/BTC,0.07878,0.0788925,0.07871,0.07887,748.0514777481933,58.99882005
1660809600000.0,2022-08-18 08:00:00,ETH/BTC,0.0787975,0.0788625,0.0785725,0.07878,674.1996777418127,53.1134506125
1660806000000.0,2022-08-18 07:00:00,ETH/BTC,0.07874,0.07885,0.078685,0.0787975,329.2671983565468,25.9454320625
1660802400000.0,2022-08-18 06:00:00,ETH/BTC,0.0788275,0.0789625,0.0787325,0.07874,395.91190662306326,31.1741035275
1660798800000.0,2022-08-18 05:00:00,ETH/BTC,0.07888,0.07898,0.07882,0.0788275,402.06000523294534,31.6933850625
1660795200000.0,2022-08-18 04:00:00,ETH/BTC,0.07887,0.0790175,0.0788275,0.07888,366.0604651052231,28.8748494875
1660791600000.0,2022-08-18 03:00:00,ETH/BTC,0.0789525,0.07896,0.0787825,0.07887,431.69611718650947,34.0478727625
1660788000000.0,2022-08-18 02:00:00,ETH/BTC,0.0791175,0.0793625,0.07878,0.0789525,878.9044547354423,69.3917039625
1660784400000.0,2022-08-18 01:00:00,ETH/BTC,0.0787575,0.0792275,0.07868,0.0791175,944.6219463456252,74.73612684
1660780800000.0,2022-08-18 00:00:00,ETH/BTC,0.078575,0.0788725,0.07821,0.0787575,741.0953773608863,58.3668191825
1660777200000.0,2022-08-17 23:00:00,ETH/BTC,0.07833,0.0786375,0.0783,0.078575,595.6126729557748,46.8002657775
1660773600000.0,2022-08-17 22:00:00,ETH/BTC,0.0788675,0.0788675,0.0782725,0.07833,306.4272236052598,24.002444425
1660770000000.0,2022-08-17 21:00:00,ETH/BTC,0.0790825,0.0791,0.078775,0.0788675,206.7765458205218,16.3079492275
1660766400000.0,2022-08-17 20:00:00,ETH/BTC,0.07898,0.07928,0.07887,0.0790825,618.9308196503652,48.946596545
1660762800000.0,2022-08-17 19:00:00,ETH/BTC,0.0789175,0.079175,0.0787575,0.07898,630.253706413016,49.7774377325
1660759200000.0,2022-08-17 18:00:00,ETH/BTC,0.078865,0.0791725,0.0784375,0.0789175,1857.8275658757561,146.61510693
1660755600000.0,2022-08-17 17:00:00,ETH/BTC,0.0785775,0.0789125,0.078525,0.078865,849.9727645660306,67.0331020775
1660752000000.0,2022-08-17 16:00:00,ETH/BTC,0.0782875,0.07858,0.07815,0.0785775,781.5669060163533,61.4135735575
1660748400000.0,2022-08-17 15:00:00,ETH/BTC,0.07808,0.078445,0.0780175,0.0782875,933.1395490020757,73.0531624425
1660744800000.0,2022-08-17 14:00:00,ETH/BTC,0.0782975,0.0784,0.0779375,0.0780825,1397.5004037396343,109.120325275
1660741200000.0,2022-08-17 13:00:00,ETH/BTC,0.079085,0.0790975,0.07791,0.0782975,2491.692126728184,195.0932642925
1660737600000.0,2022-08-17 12:00:00,ETH/BTC,0.079035,0.0794575,0.07882,0.079085,727.008207371815,57.49544408
1660734000000.0,2022-08-17 11:00:00,ETH/BTC,0.0789625,0.07907,0.0788575,0.079035,435.88522784209533,34.4501889825
1660730400000.0,2022-08-17 10:00:00,ETH/BTC,0.0793175,0.0793175,0.0787075,0.0789625,649.1045931613107,51.2549214375
1660726800000.0,2022-08-17 09:00:00,ETH/BTC,0.0791425,0.0793225,0.079075,0.0793175,148.0217782960885,11.7407174
1660723200000.0,2022-08-17 08:00:00,ETH/BTC,0.0794825,0.07972,0.07908,0.0791425,450.8971189310421,35.685125235
1660719600000.0,2022-08-17 07:00:00,ETH/BTC,0.07999,0.0801,0.079175,0.0794825,765.4859381624887,60.84273608
1660716000000.0,2022-08-17 06:00:00,ETH/BTC,0.0796425,0.0800775,0.0796175,0.07999,1119.7440606950868,89.568327415
1660712400000.0,2022-08-17 05:00:00,ETH/BTC,0.078975,0.079665,0.0789225,0.0796425,1744.5093916564647,138.937089225
1660708800000.0,2022-08-17 04:00:00,ETH/BTC,0.0789725,0.0791375,0.07895,0.078975,269.13595539727766,21.2550120775
1660705200000.0,2022-08-17 03:00:00,ETH/BTC,0.078925,0.0790325,0.0788425,0.0789725,122.07278815410427,9.6403932625
1660701600000.0,2022-08-17 02:00:00,ETH/BTC,0.07882,0.07924,0.07872,0.078925,568.4866404814697,44.8678081
1660698000000.0,2022-08-17 01:00:00,ETH/BTC,0.078935,0.07899,0.07871,0.07882,1043.0974615262624,82.2169419175
1660694400000.0,2022-08-17 00:00:00,ETH/BTC,0.0786825,0.0790725,0.078665,0.078935,1134.6437114397922,89.5631013625
1660690800000.0,2022-08-16 23:00:00,ETH/BTC,0.0785025,0.07873,0.07845,0.0786825,111.41875404314808,8.766706115
1660687200000.0,2022-08-16 22:00:00,ETH/BTC,0.078485,0.0785775,0.0783575,0.0785025,206.48220836916022,16.2093695625
1660683600000.0,2022-08-16 21:00:00,ETH/BTC,0.0785775,0.0786475,0.07838,0.078485,133.94316859909537,10.5125295875
1660680000000.0,2022-08-16 20:00:00,ETH/BTC,0.078525,0.07872,0.0784525,0.0785775,162.77507804396933,12.790458695
1660676400000.0,2022-08-16 19:00:00,ETH/BTC,0.0785025,0.07855,0.0782875,0.078525,2301.4895456224135,180.72446657
1660672800000.0,2022-08-16 18:00:00,ETH/BTC,0.0787,0.07909,0.07812,0.0785025,1354.0629554472787,106.29732716
1660669200000.0,2022-08-16 17:00:00,ETH/BTC,0.078965,0.07904,0.0786325,0.0787,488.42317655654375,38.438903995
1660665600000.0,2022-08-16 16:00:00,ETH/BTC,0.07897,0.0790275,0.0787425,0.078965,457.2373438232128,36.105746855
1660662000000.0,2022-08-16 15:00:00,ETH/BTC,0.0790225,0.0791875,0.07892,0.07897,363.7321775357731,28.72393006
1660658400000.0,2022-08-16 14:00:00,ETH/BTC,0.0787325,0.0790425,0.07862,0.0790225,522.3303466101427,41.275849815
1660654800000.0,2022-08-16 13:00:00,ETH/BTC,0.078955,0.07922,0.07862,0.0787325,733.1955508525705,57.7263187075
1660651200000.0,2022-08-16 12:00:00,ETH/BTC,0.0793075,0.079515,0.078845,0.078955,889.3600080108923,70.2194194325
1660647600000.0,2022-08-16 11:00:00,ETH/BTC,0.0786625,0.079395,0.078655,0.0793075,921.9747177127006,73.119509925
1660644000000.0,2022-08-16 10:00:00,ETH/BTC,0.0786225,0.07876,0.07862,0.078665,393.19358084917053,30.9305730375
1660640400000.0,2022-08-16 09:00:00,ETH/BTC,0.07834,0.0787175,0.0783375,0.0786225,866.4755581099558,68.1244745675
1660636800000.0,2022-08-16 08:00:00,ETH/BTC,0.0784025,0.0784025,0.07823,0.07834,422.2293210365075,33.07744501
1660633200000.0,2022-08-16 07:00:00,ETH/BTC,0.0783575,0.07842,0.0782225,0.0784025,139.1015096138516,10.9059061075
1660629600000.0,2022-08-16 06:00:00,ETH/BTC,0.0781275,0.078465,0.0781275,0.0783575,519.3052599304469,40.691461905
1660626000000.0,2022-08-16 05:00:00,ETH/BTC,0.0781425,0.07819,0.07794,0.0781275,318.7001329557454,24.8992446375
1660622400000.0,2022-08-16 04:00:00,ETH/BTC,0.07839,0.07846,0.0779425,0.0781425,343.7596016892216,26.862234675
1660618800000.0,2022-08-16 03:00:00,ETH/BTC,0.0786275,0.0786275,0.078045,0.07839,863.7867718458988,67.712245045
1660615200000.0,2022-08-16 02:00:00,ETH/BTC,0.07876,0.07887,0.0785125,0.0786275,297.98406146068487,23.4297417925
1660611600000.0,2022-08-16 01:00:00,ETH/BTC,0.07865,0.0790075,0.0786275,0.07876,571.2457856462671,44.9913180775
1660608000000.0,2022-08-16 00:00:00,ETH/BTC,0.078835,0.0788725,0.0784275,0.07865,263.0905199936427,20.6920693975
1660604400000.0,2022-08-15 23:00:00,ETH/BTC,0.0789325,0.0791375,0.0788175,0.078835,463.3910328217163,36.5314320725
1660600800000.0,2022-08-15 22:00:00,ETH/BTC,0.07923,0.0794675,0.07891,0.0789325,439.35137991321693,34.679102795
1660597200000.0,2022-08-15 21:00:00,ETH/BTC,0.0790875,0.079405,0.079045,0.07923,333.85624580335735,26.451430355
1660593600000.0,2022-08-15 20:00:00,ETH/BTC,0.0788,0.079175,0.078715,0.0790875,373.70379339339337,29.55529876
1660590000000.0,2022-08-15 19:00:00,ETH/BTC,0.0787,0.0789725,0.0785925,0.0788,536.4619997779188,42.2732055825
1660586400000.0,2022-08-15 18:00:00,ETH/BTC,0.0789225,0.0789225,0.0786775,0.0787,486.9391155336721,38.3221083925
1660582800000.0,2022-08-15 17:00:00,ETH/BTC,0.0795375,0.079625,0.078835,0.0789225,595.0925909278088,46.9661950075
1660579200000.0,2022-08-15 16:00:00,ETH/BTC,0.0791675,0.079575,0.0789325,0.07954,884.4942125660044,70.3526696675
1660575600000.0,2022-08-15 15:00:00,ETH/BTC,0.078925,0.0792125,0.0787525,0.0791675,645.7318123598699,51.120973255
1660572000000.0,2022-08-15 14:00:00,ETH/BTC,0.0793175,0.079355,0.078825,0.078925,664.4091103262591,52.4384890325
1660568400000.0,2022-08-15 13:00:00,ETH/BTC,0.078385,0.0793825,0.078275,0.079315,929.2278840698482,73.701709625
1660564800000.0,2022-08-15 12:00:00,ETH/BTC,0.0786425,0.07879,0.07833,0.078385,413.57184690948526,32.41782922
1660561200000.0,2022-08-15 11:00:00,ETH/BTC,0.0785875,0.0787625,0.0784575,0.0786425,427.49667253711414,33.61940707
1660557600000.0,2022-08-15 10:00:00,ETH/BTC,0.0790175,0.079035,0.078485,0.0785875,747.8640103069825,58.77276291
1660554000000.0,2022-08-15 09:00:00,ETH/BTC,0.0792125,0.0792325,0.078685,0.0790175,419.29086170784956,33.131315665
1660550400000.0,2022-08-15 08:00:00,ETH/BTC,0.0790725,0.079315,0.078575,0.0792125,769.0684528325705,60.91983482
1660546800000.0,2022-08-15 07:00:00,ETH/BTC,0.0789975,0.07952,0.07873,0.0790725,1001.8914286888614,79.222059995
1660543200000.0,2022-08-15 06:00:00,ETH/BTC,0.0793775,0.079385,0.0783175,0.0789975,1291.3283215924555,102.011709085
1660539600000.0,2022-08-15 05:00:00,ETH/BTC,0.07979,0.0798825,0.07933,0.0793775,352.61894831658844,27.99001057
1660536000000.0,2022-08-15 04:00:00,ETH/BTC,0.079885,0.08009,0.079765,0.07979,221.51565778919664,17.674734335
1660532400000.0,2022-08-15 03:00:00,ETH/BTC,0.08027,0.08027,0.0796,0.079885,725.2313393315391,57.9351055425
1660528800000.0,2022-08-15 02:00:00,ETH/BTC,0.080105,0.080605,0.07985,0.08027,735.1818716207799,59.013048835
1660525200000.0,2022-08-15 01:00:00,ETH/BTC,0.080225,0.080365,0.08,0.080105,378.55735469071846,30.3243368975
1660521600000.0,2022-08-15 00:00:00,ETH/BTC,0.0796225,0.080225,0.079545,0.080225,375.9262504518541,30.1586834425
1660518000000.0,2022-08-14 23:00:00,ETH/BTC,0.079685,0.0797875,0.0795475,0.0796225,208.55162843417378,16.605402035
1660514400000.0,2022-08-14 22:00:00,ETH/BTC,0.0800225,0.0800475,0.0793275,0.079685,435.21461981552363,34.68007698
1660510800000.0,2022-08-14 21:00:00,ETH/BTC,0.0798125,0.0802475,0.07979,0.0800225,369.9436857133931,29.60381859
1660507200000.0,2022-08-14 20:00:00,ETH/BTC,0.079525,0.07991,0.079505,0.0798125,486.91142117462806,38.8616178025
1660503600000.0,2022-08-14 19:00:00,ETH/BTC,0.07946,0.079605,0.07942,0.079525,205.64898063502045,16.354235185
1660500000000.0,2022-08-14 18:00:00,ETH/BTC,0.07936,0.07952,0.07894,0.07946,487.88890885351117,38.7676526975
1660496400000.0,2022-08-14 17:00:00,ETH/BTC,0.079865,0.080015,0.079315,0.07936,860.5440320060484,68.29277438
1660492800000.0,2022-08-14 16:00:00,ETH/BTC,0.08089,0.0808925,0.079865,0.079865,589.747069335754,47.1001496925
1660489200000.0,2022-08-14 15:00:00,ETH/BTC,0.08086,0.080975,0.0808175,0.08089,258.5954144208184,20.9177830725
1660485600000.0,2022-08-14 14:00:00,ETH/BTC,0.080765,0.08095,0.0807425,0.08086,243.17241550210238,19.6629215175
1660482000000.0,2022-08-14 13:00:00,ETH/BTC,0.0809325,0.0810125,0.080715,0.080765,427.7158484492045,34.5444705
1660478400000.0,2022-08-14 12:00:00,ETH/BTC,0.08103,0.0810725,0.0808525,0.0809325,554.9491619250609,44.9134230475
1660474800000.0,2022-08-14 11:00:00,ETH/BTC,0.0811275,0.0811775,0.08078,0.08103,169.34188257435517,13.721772745
1660471200000.0,2022-08-14 10:00:00,ETH/BTC,0.081185,0.081185,0.0810175,0.0811275,257.2618472158023,20.87101051
1660467600000.0,2022-08-14 09:00:00,ETH/BTC,0.0811025,0.0812675,0.08109,0.081185,337.8186071626532,27.4258036225
1660464000000.0,2022-08-14 08:00:00,ETH/BTC,0.0810775,0.08112,0.08089,0.0811025,82.49866274159244,6.690847795
1660460400000.0,2022-08-14 07:00:00,ETH/BTC,0.0807775,0.0812,0.080265,0.0810775,704.4860450186551,57.117967315
1660456800000.0,2022-08-14 06:00:00,ETH/BTC,0.0810475,0.0811025,0.0807325,0.0807775,2984.0663860295253,241.0454224975
1660453200000.0,2022-08-14 05:00:00,ETH/BTC,0.0810625,0.08119,0.081005,0.0810475,195.0788338320121,15.810651785
1660449600000.0,2022-08-14 04:00:00,ETH/BTC,0.08084,0.0811125,0.0808075,0.0810625,253.46140826522748,20.5462154075
1660446000000.0,2022-08-14 03:00:00,ETH/BTC,0.080825,0.0808775,0.08076,0.08084,361.48507487011386,29.2224534525
1660442400000.0,2022-08-14 02:00:00,ETH/BTC,0.0808875,0.08095,0.0807875,0.080825,471.4432208165791,38.1043983225
1660438800000.0,2022-08-14 01:00:00,ETH/BTC,0.0810425,0.0811325,0.0807375,0.0808875,620.3137183433781,50.1756258925
1660435200000.0,2022-08-14 00:00:00,ETH/BTC,0.0811575,0.0814225,0.0810325,0.0810425,325.1409358052873,26.35023429
1660431600000.0,2022-08-13 23:00:00,ETH/BTC,0.0811275,0.08119,0.0810025,0.0811575,268.7539413486123,21.811397995
1660428000000.0,2022-08-13 22:00:00,ETH/BTC,0.08108,0.0812175,0.081025,0.0811275,256.06752204862715,20.774117895
1660424400000.0,2022-08-13 21:00:00,ETH/BTC,0.0812525,0.08135,0.080995,0.08108,343.11954831647756,27.8201329775
1660420800000.0,2022-08-13 20:00:00,ETH/BTC,0.0809525,0.0813525,0.0808875,0.0812525,406.7029200332297,33.04562901
1660417200000.0,2022-08-13 19:00:00,ETH/BTC,0.0810875,0.08112,0.0809375,0.0809525,295.72438998177944,23.93962868
1660413600000.0,2022-08-13 18:00:00,ETH/BTC,0.08138,0.08146,0.0809775,0.0810875,286.51718600277474,23.23296232
1660410000000.0,2022-08-13 17:00:00,ETH/BTC,0.08123,0.08139,0.0811925,0.08138,335.9839158884247,27.342371075
1660406400000.0,2022-08-13 16:00:00,ETH/BTC,0.0811025,0.0813,0.081065,0.08123,285.3799743321433,23.181415315
1660402800000.0,2022-08-13 15:00:00,ETH/BTC,0.0809575,0.0811175,0.08089,0.0811025,320.91701137449525,26.027171915
1660399200000.0,2022-08-13 14:00:00,ETH/BTC,0.08086,0.0810325,0.0807725,0.0809575,358.89743572244697,29.0554391525
1660395600000.0,2022-08-13 13:00:00,ETH/BTC,0.0810025,0.0811425,0.080815,0.08086,457.61148209868907,37.0024644425
1660392000000.0,2022-08-13 12:00:00,ETH/BTC,0.0812525,0.0812525,0.08076,0.0810025,774.600371809512,62.7445666175
1660388400000.0,2022-08-13 11:00:00,ETH/BTC,0.0813425,0.0815125,0.08116,0.0812525,349.4553750653826,28.3941228625
1660384800000.0,2022-08-13 10:00:00,ETH/BTC,0.0814,0.0816325,0.0810025,0.0813425,7596.1471173740665,617.889596895
1660381200000.0,2022-08-13 09:00:00,ETH/BTC,0.08144,0.0816175,0.08138,0.0814,3318.271044226044,270.107263
1660377600000.0,2022-08-13 08:00:00,ETH/BTC,0.0812125,0.0815,0.08121,0.08144,326.23363086321217,26.5684668975
1660374000000.0,2022-08-13 07:00:00,ETH/BTC,0.08136,0.08142,0.08111,0.0812125,290.25407729721405,23.5722592525
1660370400000.0,2022-08-13 06:00:00,ETH/BTC,0.0806925,0.0813675,0.0806175,0.0813675,950.873448059729,77.370195285
1660366800000.0,2022-08-13 05:00:00,ETH/BTC,0.080565,0.080875,0.0805375,0.0806925,431.6238027697741,34.828803705
1660363200000.0,2022-08-13 04:00:00,ETH/BTC,0.0805175,0.08089,0.0803425,0.080565,1399.514293613852,112.751869065
1660359600000.0,2022-08-13 03:00:00,ETH/BTC,0.0801725,0.0805725,0.0797725,0.0805175,513.0003536808767,41.3055059775
1660356000000.0,2022-08-13 02:00:00,ETH/BTC,0.080005,0.0801725,0.07988,0.0801725,179.8577586766036,14.4196461575
1660352400000.0,2022-08-13 01:00:00,ETH/BTC,0.080435,0.08045,0.07991,0.080005,622.3126772076745,49.78812574
1660348800000.0,2022-08-13 00:00:00,ETH/BTC,0.080255,0.08045,0.079915,0.0804375,318.13628139860145,25.590087135
1660345200000.0,2022-08-12 23:00:00,ETH/BTC,0.0797125,0.080465,0.0795475,0.080255,1750.515629026229,140.4876318075
1660341600000.0,2022-08-12 22:00:00,ETH/BTC,0.0797475,0.0798475,0.079565,0.0797125,313.0726526266269,24.9558038225
1660338000000.0,2022-08-12 21:00:00,ETH/BTC,0.0797625,0.0798425,0.079685,0.0797475,348.17344007649143,27.7659614125
1660334400000.0,2022-08-12 20:00:00,ETH/BTC,0.0796875,0.0799875,0.079515,0.0797625,875.1976982604607,69.8079564075
1660330800000.0,2022-08-12 19:00:00,ETH/BTC,0.079245,0.07973,0.079245,0.0796875,1126.8501260549021,89.79586942
1660327200000.0,2022-08-12 18:00:00,ETH/BTC,0.0791175,0.0793625,0.07901,0.079245,529.4098791721875,41.953085875
1660323600000.0,2022-08-12 17:00:00,ETH/BTC,0.0789475,0.079125,0.078855,0.0791175,245.36185856479287,19.412416845
1660320000000.0,2022-08-12 16:00:00,ETH/BTC,0.079155,0.079275,0.0789225,0.0789475,435.6445621773963,34.3930490725
1660316400000.0,2022-08-12 15:00:00,ETH/BTC,0.079005,0.0793775,0.078845,0.079155,658.0384276103846,52.0870317375
1660312800000.0,2022-08-12 14:00:00,ETH/BTC,0.07906,0.07914,0.07891,0.079005,407.7270392063793,32.2124747325
1660309200000.0,2022-08-12 13:00:00,ETH/BTC,0.0790825,0.07922,0.078775,0.07906,554.064779376423,43.8043614575
1660305600000.0,2022-08-12 12:00:00,ETH/BTC,0.0789375,0.07916,0.07891,0.0790825,360.80656741377675,28.5334853675
1660302000000.0,2022-08-12 11:00:00,ETH/BTC,0.0789,0.0790075,0.078465,0.0789375,473.84314973871733,37.4039936325
1660298400000.0,2022-08-12 10:00:00,ETH/BTC,0.0789375,0.0791125,0.0788125,0.0789,392.2965602978454,30.9521986075
1660294800000.0,2022-08-12 09:00:00,ETH/BTC,0.0789,0.079195,0.07881,0.0789375,395.7701609184482,31.2411070775
1660291200000.0,2022-08-12 08:00:00,ETH/BTC,0.0788375,0.07907,0.0787575,0.0789,444.47385142585557,35.0689868775
1660287600000.0,2022-08-12 07:00:00,ETH/BTC,0.0789825,0.0789825,0.07871,0.0788375,1336.9353841446011,105.4006433475
1660284000000.0,2022-08-12 06:00:00,ETH/BTC,0.0790625,0.0790925,0.0788475,0.0789825,279.82559601810533,22.1013251375
1660280400000.0,2022-08-12 05:00:00,ETH/BTC,0.0790175,0.0791575,0.07901,0.0790625,263.82902159683795,20.85898202
1660276800000.0,2022-08-12 04:00:00,ETH/BTC,0.079315,0.0794175,0.07898,0.0790175,817.870391400639,64.6260736525
1660273200000.0,2022-08-12 03:00:00,ETH/BTC,0.0792525,0.0793725,0.07911,0.079315,419.49534829477403,33.27227355
1660269600000.0,2022-08-12 02:00:00,ETH/BTC,0.078655,0.07939,0.0786,0.0792525,1639.4025181855461,129.9267480725
1660266000000.0,2022-08-12 01:00:00,ETH/BTC,0.078675,0.078885,0.0786475,0.078655,419.97984177738226,33.033514455
1660262400000.0,2022-08-12 00:00:00,ETH/BTC,0.078565,0.0787325,0.07816,0.078675,406.66301226564985,31.99421249
1660258800000.0,2022-08-11 23:00:00,ETH/BTC,0.0784,0.07863,0.07823,0.078565,373.80947979380136,29.36834178
1660255200000.0,2022-08-11 22:00:00,ETH/BTC,0.0785275,0.0785275,0.0781575,0.0784,261.61916734693875,20.51094272
1660251600000.0,2022-08-11 21:00:00,ETH/BTC,0.0785725,0.0787325,0.0783275,0.0785275,342.66506682372415,26.908631035
1660248000000.0,2022-08-11 20:00:00,ETH/BTC,0.0784025,0.078625,0.07833,0.0785725,577.0937084857934,45.34369541
1660244400000.0,2022-08-11 19:00:00,ETH/BTC,0.078115,0.0784725,0.0779425,0.0784025,690.071078728357,54.10329775
1660240800000.0,2022-08-11 18:00:00,ETH/BTC,0.0781275,0.0781725,0.0776625,0.078115,860.5835153619662,67.2244813025
1660237200000.0,2022-08-11 17:00:00,ETH/BTC,0.0780775,0.078205,0.0780225,0.0781275,460.2182081853381,35.95569806
1660233600000.0,2022-08-11 16:00:00,ETH/BTC,0.0776725,0.0780775,0.0776375,0.0780775,480.30679302615994,37.5011536325
1660230000000.0,2022-08-11 15:00:00,ETH/BTC,0.0774475,0.0778725,0.0774475,0.0776725,1498.626773439763,116.40208806
1660226400000.0,2022-08-11 14:00:00,ETH/BTC,0.07731,0.0775675,0.0770575,0.0774475,498.93729523225403,38.6414461725
1660222800000.0,2022-08-11 13:00:00,ETH/BTC,0.0775375,0.0776975,0.07727,0.07731,686.0420813930928,53.0379133125
1660219200000.0,2022-08-11 12:00:00,ETH/BTC,0.0775075,0.07828,0.0775075,0.0775375,1160.5332285023376,89.984845205
1660215600000.0,2022-08-11 11:00:00,ETH/BTC,0.077005,0.0775425,0.077,0.0775075,491.7962017869239,38.11789411
1660212000000.0,2022-08-11 10:00:00,ETH/BTC,0.0769575,0.07718,0.0769425,0.077005,539.5998356924874,41.5518853475
1660208400000.0,2022-08-11 09:00:00,ETH/BTC,0.0771,0.077185,0.076935,0.0769575,460.16579569892474,35.4132092225
1660204800000.0,2022-08-11 08:00:00,ETH/BTC,0.0769025,0.0771225,0.07686,0.0771,316.1702778534371,24.3767284225
1660201200000.0,2022-08-11 07:00:00,ETH/BTC,0.0769375,0.077095,0.07666,0.0769025,436.4792128344332,33.566342665
1660197600000.0,2022-08-11 06:00:00,ETH/BTC,0.07703,0.077225,0.07683,0.0769375,859.8294450365555,66.1531279275
1660194000000.0,2022-08-11 05:00:00,ETH/BTC,0.07718,0.0774,0.07679,0.07703,844.2263480462158,65.03075559
1660190400000.0,2022-08-11 04:00:00,ETH/BTC,0.0773,0.077435,0.0770925,0.07718,872.8738316273647,67.368402325
1660186800000.0,2022-08-11 03:00:00,ETH/BTC,0.0774325,0.07755,0.0771025,0.0773,1188.9053953751618,91.9023870625
1660183200000.0,2022-08-11 02:00:00,ETH/BTC,0.07802,0.0781675,0.076785,0.0774325,2299.618862783715,178.0652375925
1660179600000.0,2022-08-11 01:00:00,ETH/BTC,0.0779975,0.0783175,0.0772825,0.07802,1330.968176172776,103.842137105
1660176000000.0,2022-08-11 00:00:00,ETH/BTC,0.07741,0.0781,0.077235,0.0779975,894.0990100003205,69.7374875325
1660172400000.0,2022-08-10 23:00:00,ETH/BTC,0.077585,0.0776325,0.0772825,0.07741,308.30504944451616,23.8658938775
1660168800000.0,2022-08-10 22:00:00,ETH/BTC,0.07764,0.0778375,0.0774325,0.077585,178.60459164142554,13.8570372425
1660165200000.0,2022-08-10 21:00:00,ETH/BTC,0.0771125,0.0779,0.07678,0.07764,708.4810871651212,55.0064716075
1660161600000.0,2022-08-10 20:00:00,ETH/BTC,0.0769425,0.07723,0.0769275,0.0771125,294.4490123845032,22.7056994675
1660158000000.0,2022-08-10 19:00:00,ETH/BTC,0.07686,0.0772075,0.07681,0.0769425,1154.4667577086786,88.827558505
1660154400000.0,2022-08-10 18:00:00,ETH/BTC,0.0766925,0.0769325,0.07659,0.07686,475.2803323575332,36.530046345
1660150800000.0,2022-08-10 17:00:00,ETH/BTC,0.076405,0.0768,0.07638,0.0766925,632.564139615999,48.5129252775
1660147200000.0,2022-08-10 16:00:00,ETH/BTC,0.076585,0.07684,0.076285,0.076405,761.7409467312349,58.200817035
1660143600000.0,2022-08-10 15:00:00,ETH/BTC,0.0768425,0.076955,0.07651,0.076585,574.1459427107136,43.9709670225
1660140000000.0,2022-08-10 14:00:00,ETH/BTC,0.076165,0.0769375,0.076165,0.0768425,1117.5173071867782,85.8728236775
1660136400000.0,2022-08-10 13:00:00,ETH/BTC,0.0760275,0.0765,0.07577,0.076165,2816.8317637366245,214.543991285
1660132800000.0,2022-08-10 12:00:00,ETH/BTC,0.0738325,0.07649,0.0737625,0.0760275,2829.6248834961034,215.12930583
1660129200000.0,2022-08-10 11:00:00,ETH/BTC,0.0734425,0.0738875,0.07338,0.0738325,489.5488681474961,36.1446168075
1660125600000.0,2022-08-10 10:00:00,ETH/BTC,0.0736425,0.0736725,0.07341,0.0734425,301.63900401674783,22.1531225525
1660122000000.0,2022-08-10 09:00:00,ETH/BTC,0.0736975,0.0738025,0.073475,0.0736425,581.0300523814374,42.7885056325
1660118400000.0,2022-08-10 08:00:00,ETH/BTC,0.0734,0.0737525,0.07331,0.0736975,476.02316102988567,35.08171691
1660114800000.0,2022-08-10 07:00:00,ETH/BTC,0.0732225,0.07349,0.0732225,0.0734,457.6936775544959,33.5947159325
1660111200000.0,2022-08-10 06:00:00,ETH/BTC,0.073345,0.0733975,0.073175,0.0732225,337.1228245416368,24.68497602
1660107600000.0,2022-08-10 05:00:00,ETH/BTC,0.0732075,0.0734025,0.073175,0.073345,298.460132933397,21.89055845
1660104000000.0,2022-08-10 04:00:00,ETH/BTC,0.073035,0.0733325,0.0729675,0.0732075,637.3485692722741,46.658695385
1660100400000.0,2022-08-10 03:00:00,ETH/BTC,0.0733425,0.07344,0.0729375,0.073035,297.5539630314233,21.73185369
1660096800000.0,2022-08-10 02:00:00,ETH/BTC,0.0734525,0.0735325,0.07311,0.0733425,573.4165045846541,42.0557999875
1660093200000.0,2022-08-10 01:00:00,ETH/BTC,0.0734075,0.0737125,0.0733875,0.0734525,372.97245202682,27.3957590325
1660089600000.0,2022-08-10 00:00:00,ETH/BTC,0.073565,0.0736425,0.07301,0.0734075,716.9319541259407,52.6281824225
1660086000000.0,2022-08-09 23:00:00,ETH/BTC,0.07352,0.073665,0.073395,0.073565,152.81478172364575,11.2418194175
1660082400000.0,2022-08-09 22:00:00,ETH/BTC,0.0736025,0.0738025,0.07341,0.07352,476.42787000136013,35.0269770025
1660078800000.0,2022-08-09 21:00:00,ETH/BTC,0.07334,0.0737075,0.07328,0.0736025,414.56848031656534,30.5132765725
1660075200000.0,2022-08-09 20:00:00,ETH/BTC,0.0732275,0.0733425,0.07319,0.073335,480.062409149792,35.205376775
1660071600000.0,2022-08-09 19:00:00,ETH/BTC,0.0733175,0.0733275,0.0730775,0.0732275,158.72748673654021,11.623217035
1660068000000.0,2022-08-09 18:00:00,ETH/BTC,0.07347,0.0734775,0.07323,0.0733175,523.4877085961742,38.380810075
1660064400000.0,2022-08-09 17:00:00,ETH/BTC,0.073175,0.07349,0.0731625,0.07347,568.9498921668709,41.8007485775
1660060800000.0,2022-08-09 16:00:00,ETH/BTC,0.0729975,0.0732025,0.0728,0.073175,598.4953803211479,43.794899455
1660057200000.0,2022-08-09 15:00:00,ETH/BTC,0.0729475,0.07323,0.07287,0.0729975,497.04259097914303,36.282866535
1660053600000.0,2022-08-09 14:00:00,ETH/BTC,0.07313,0.0732775,0.0728775,0.0729475,928.2316466294253,67.7121780425
1660050000000.0,2022-08-09 13:00:00,ETH/BTC,0.07342,0.0736375,0.0730625,0.07313,1411.5847204635581,103.2291906075
1660046400000.0,2022-08-09 12:00:00,ETH/BTC,0.073235,0.073585,0.07311,0.07342,495.0371642944702,36.3456286025
1660042800000.0,2022-08-09 11:00:00,ETH/BTC,0.0734025,0.0736225,0.07301,0.073235,1096.441275619581,80.29787682
1660039200000.0,2022-08-09 10:00:00,ETH/BTC,0.073895,0.0741325,0.0733475,0.0734025,837.2221328973809,61.45419761
1660035600000.0,2022-08-09 09:00:00,ETH/BTC,0.0745225,0.074535,0.07388,0.073895,800.3973005616076,59.145358525
1660032000000.0,2022-08-09 08:00:00,ETH/BTC,0.0746275,0.0746575,0.07433,0.0745225,280.488055889161,20.902671145
1660028400000.0,2022-08-09 07:00:00,ETH/BTC,0.07463,0.07492,0.07453,0.0746275,628.5167759539044,46.9046356975
1660024800000.0,2022-08-09 06:00:00,ETH/BTC,0.0744475,0.0746475,0.07429,0.07463,385.15595507838674,28.7441889275
1660021200000.0,2022-08-09 05:00:00,ETH/BTC,0.0745325,0.0745325,0.0743625,0.0744475,145.15009150743813,10.8060614375
1660017600000.0,2022-08-09 04:00:00,ETH/BTC,0.074645,0.0746675,0.074525,0.0745325,255.8687047261262,19.070534235
1660014000000.0,2022-08-09 03:00:00,ETH/BTC,0.0745125,0.07472,0.0744725,0.074645,263.89534051175565,19.6984676925
1660010400000.0,2022-08-09 02:00:00,ETH/BTC,0.0744075,0.0745825,0.074385,0.0745125,228.58836456970306,17.032690515
1660006800000.0,2022-08-09 01:00:00,ETH/BTC,0.0745825,0.074595,0.0742375,0.0744075,636.4990653159963,47.3603042025
1660003200000.0,2022-08-09 00:00:00,ETH/BTC,0.0746425,0.074875,0.074555,0.0745825,385.181126872926,28.727771395
1659999600000.0,2022-08-08 23:00:00,ETH/BTC,0.0746775,0.074835,0.0744725,0.0746425,337.89270589811434,25.2211563
1659996000000.0,2022-08-08 22:00:00,ETH/BTC,0.0742225,0.0747275,0.07421,0.0746775,190.98820093066857,14.262521375
1659992400000.0,2022-08-08 21:00:00,ETH/BTC,0.07467,0.07474,0.0742225,0.0742225,314.0923864057395,23.31272215
1659988800000.0,2022-08-08 20:00:00,ETH/BTC,0.0745475,0.0747475,0.0745225,0.07467,551.9233667470202,41.212117795
1659985200000.0,2022-08-08 19:00:00,ETH/BTC,0.0741325,0.074615,0.0741025,0.0745475,668.1497534122539,49.8088937425
1659981600000.0,2022-08-08 18:00:00,ETH/BTC,0.073885,0.0743,0.07378,0.0741325,551.6446900819478,40.8947999875
1659978000000.0,2022-08-08 17:00:00,ETH/BTC,0.0738525,0.07396,0.073775,0.073885,280.9646885362387,20.7590760125
1659974400000.0,2022-08-08 16:00:00,ETH/BTC,0.074005,0.07405,0.07358,0.0738525,763.9541611996885,56.41992469
1659970800000.0,2022-08-08 15:00:00,ETH/BTC,0.0743025,0.0743475,0.07388,0.074005,680.4886382676847,50.359561675
1659967200000.0,2022-08-08 14:00:00,ETH/BTC,0.07452,0.07461,0.0742875,0.0743025,371.94621910433705,27.636533945
1659963600000.0,2022-08-08 13:00:00,ETH/BTC,0.0749475,0.07495,0.0741625,0.07452,6969.763332628824,519.3867635475
1659960000000.0,2022-08-08 12:00:00,ETH/BTC,0.07406,0.0749625,0.07397,0.0749475,1737.4300191133793,130.2160363575
1659956400000.0,2022-08-08 11:00:00,ETH/BTC,0.0736825,0.07424,0.073555,0.07406,1547.782452099649,114.6287684025
1659952800000.0,2022-08-08 10:00:00,ETH/BTC,0.0734125,0.073705,0.0734125,0.0736825,221.3102643775659,16.306693555
1659949200000.0,2022-08-08 09:00:00,ETH/BTC,0.0735075,0.073575,0.07336,0.0734125,680.7722320449514,49.977191485
1659945600000.0,2022-08-08 08:00:00,ETH/BTC,0.0727875,0.07357,0.07255,0.0735075,1338.5448325340951,98.3930842775
1659942000000.0,2022-08-08 07:00:00,ETH/BTC,0.0730725,0.0730875,0.072735,0.0727875,785.0871201099089,57.144528755
1659938400000.0,2022-08-08 06:00:00,ETH/BTC,0.07356,0.0735675,0.0729225,0.0730725,799.7629940127955,58.44068138
1659934800000.0,2022-08-08 05:00:00,ETH/BTC,0.07336,0.0736925,0.07336,0.07356,1253.5420161092986,92.210550705
1659931200000.0,2022-08-08 04:00:00,ETH/BTC,0.0733675,0.07343,0.073325,0.07336,98.4485963740458,7.22218903
1659927600000.0,2022-08-08 03:00:00,ETH/BTC,0.0735875,0.0736375,0.0733675,0.0733675,217.6603486216649,15.9691956275
1659924000000.0,2022-08-08 02:00:00,ETH/BTC,0.07329,0.07359,0.0732575,0.0735875,235.52411737727195,17.3316309875
1659920400000.0,2022-08-08 01:00:00,ETH/BTC,0.073405,0.07345,0.0731125,0.07329,254.00083033155957,18.615720855
1659916800000.0,2022-08-08 00:00:00,ETH/BTC,0.0733625,0.073675,0.07323,0.073405,309.17032201484915,22.6946474875
1659913200000.0,2022-08-07 23:00:00,ETH/BTC,0.0733475,0.07338,0.0730775,0.0733625,345.3962255920941,25.3391306
1659909600000.0,2022-08-07 22:00:00,ETH/BTC,0.0736825,0.0737825,0.07333,0.0733475,243.83827386754834,17.8849277925
1659906000000.0,2022-08-07 21:00:00,ETH/BTC,0.0740375,0.0740475,0.07358,0.0736825,192.51831598412107,14.1852308175
1659902400000.0,2022-08-07 20:00:00,ETH/BTC,0.073765,0.07407,0.073765,0.0740375,354.67966189431024,26.2595954675
1659898800000.0,2022-08-07 19:00:00,ETH/BTC,0.07356,0.073785,0.07355,0.073765,74.29913041415305,5.480675355
1659895200000.0,2022-08-07 18:00:00,ETH/BTC,0.07365,0.07368,0.07351,0.07356,119.86396258156607,8.8171930875
1659891600000.0,2022-08-07 17:00:00,ETH/BTC,0.073905,0.07399,0.0735625,0.07365,565.4722716904278,41.64703281
1659888000000.0,2022-08-07 16:00:00,ETH/BTC,0.07379,0.0739275,0.07371,0.073905,249.69265283133754,18.4535355075
1659884400000.0,2022-08-07 15:00:00,ETH/BTC,0.073745,0.0738,0.07367,0.07379,154.44805176853234,11.39672174
1659880800000.0,2022-08-07 14:00:00,ETH/BTC,0.0737675,0.07383,0.0734775,0.073745,623.3602559495558,45.969702075
1659877200000.0,2022-08-07 13:00:00,ETH/BTC,0.0738925,0.07408,0.07365,0.0737675,752.0548281424747,55.477204535
1659873600000.0,2022-08-07 12:00:00,ETH/BTC,0.07347,0.0739075,0.0734125,0.0738925,1277.1007988293804,94.3681707775
1659870000000.0,2022-08-07 11:00:00,ETH/BTC,0.0732575,0.0735,0.073185,0.07347,360.75287552742617,26.504513765
1659866400000.0,2022-08-07 10:00:00,ETH/BTC,0.0733075,0.0733075,0.0731625,0.0732575,59.39519707879739,4.35114365
1659862800000.0,2022-08-07 09:00:00,ETH/BTC,0.07325,0.0733525,0.0731,0.0733075,179.11946096920508,13.130799885
1659859200000.0,2022-08-07 08:00:00,ETH/BTC,0.073255,0.073255,0.0730825,0.07325,410.9387673037543,30.101264705
1659855600000.0,2022-08-07 07:00:00,ETH/BTC,0.073165,0.07332,0.073165,0.073255,490.3549362500853,35.920950855
1659852000000.0,2022-08-07 06:00:00,ETH/BTC,0.07318,0.073255,0.0730925,0.073165,323.55182003006905,23.6726689125
1659848400000.0,2022-08-07 05:00:00,ETH/BTC,0.07299,0.073275,0.0729775,0.07318,180.77323028833015,13.2289849925
1659844800000.0,2022-08-07 04:00:00,ETH/BTC,0.073245,0.0733575,0.0729325,0.07299,584.0348417248938,42.6287030975
1659841200000.0,2022-08-07 03:00:00,ETH/BTC,0.07332,0.0733225,0.0730675,0.073245,528.5599632056795,38.714374505
1659837600000.0,2022-08-07 02:00:00,ETH/BTC,0.0731975,0.073385,0.0730675,0.07332,199.12155019094382,14.59959206
1659834000000.0,2022-08-07 01:00:00,ETH/BTC,0.0730725,0.0732175,0.072945,0.0731975,322.05771262679735,23.57381942
1659830400000.0,2022-08-07 00:00:00,ETH/BTC,0.0736575,0.0737875,0.0730725,0.0730725,449.3984395292347,32.8386674725
1659826800000.0,2022-08-06 23:00:00,ETH/BTC,0.07395,0.0739575,0.073445,0.0736575,505.74317041713334,37.251777575
1659823200000.0,2022-08-06 22:00:00,ETH/BTC,0.0741,0.0742475,0.0739175,0.07395,234.0621983096687,17.308899565
1659819600000.0,2022-08-06 21:00:00,ETH/BTC,0.0740175,0.0741,0.07397,0.0741,246.0664431848853,18.23352344
1659816000000.0,2022-08-06 20:00:00,ETH/BTC,0.0739525,0.0740375,0.07385,0.0740175,129.11175093727834,9.556529025
1659812400000.0,2022-08-06 19:00:00,ETH/BTC,0.0740025,0.0740625,0.0738225,0.0739525,280.9990530408032,20.78058247
1659808800000.0,2022-08-06 18:00:00,ETH/BTC,0.073855,0.0740025,0.073705,0.0740025,1196.431230566535,88.53890214
1659805200000.0,2022-08-06 17:00:00,ETH/BTC,0.07372,0.0739025,0.07334,0.073855,865.2969964457383,63.9065096725
1659801600000.0,2022-08-06 16:00:00,ETH/BTC,0.07395,0.0740825,0.0736775,0.07372,225.07532562398265,16.592553005
1659798000000.0,2022-08-06 15:00:00,ETH/BTC,0.07391,0.0739975,0.0737525,0.07395,143.05368620689654,10.578820095
1659794400000.0,2022-08-06 14:00:00,ETH/BTC,0.073765,0.073945,0.07365,0.07391,403.9744142199973,29.857748955
1659790800000.0,2022-08-06 13:00:00,ETH/BTC,0.07387,0.0740825,0.0737275,0.073765,263.20691852504575,19.415458345
1659787200000.0,2022-08-06 12:00:00,ETH/BTC,0.0739625,0.07408,0.07377,0.07387,309.2532824556653,22.844539975
1659783600000.0,2022-08-06 11:00:00,ETH/BTC,0.0740675,0.07429,0.0739625,0.0739625,323.5025462565489,23.9270570775
1659780000000.0,2022-08-06 10:00:00,ETH/BTC,0.0739125,0.0742325,0.07391,0.0740675,598.6628967495866,44.341464105
1659776400000.0,2022-08-06 09:00:00,ETH/BTC,0.0737975,0.0739975,0.07376,0.0739125,289.62640963977674,21.4070120025
1659772800000.0,2022-08-06 08:00:00,ETH/BTC,0.07419,0.07423,0.0736925,0.0737975,317.5323566855246,23.4330940925
1659769200000.0,2022-08-06 07:00:00,ETH/BTC,0.074285,0.0743775,0.0741275,0.07419,80.42617441703733,5.96681788
1659765600000.0,2022-08-06 06:00:00,ETH/BTC,0.0743125,0.074345,0.07409,0.074285,285.78506993336475,21.22954392
1659762000000.0,2022-08-06 05:00:00,ETH/BTC,0.0746525,0.07474,0.0741375,0.0743125,400.80274472666105,29.7846539675
1659758400000.0,2022-08-06 04:00:00,ETH/BTC,0.07487,0.07492,0.0746425,0.0746525,196.26798124644185,14.65189547
1659754800000.0,2022-08-06 03:00:00,ETH/BTC,0.0747775,0.074945,0.0747775,0.07487,428.4384743555496,32.077188575
1659751200000.0,2022-08-06 02:00:00,ETH/BTC,0.07465,0.07479,0.0744625,0.0747775,290.90458386546754,21.75311752
1659747600000.0,2022-08-06 01:00:00,ETH/BTC,0.0747075,0.07482,0.074525,0.07465,396.98056322839926,29.634599045
1659744000000.0,2022-08-06 00:00:00,ETH/BTC,0.0745225,0.07511,0.074475,0.0747075,1899.3050766656627,141.892334015
1659740400000.0,2022-08-05 23:00:00,ETH/BTC,0.07382,0.07469,0.0737925,0.0745225,2253.589653896474,167.9431349825
1659736800000.0,2022-08-05 22:00:00,ETH/BTC,0.07352,0.0739525,0.0735025,0.07382,811.5287510837172,59.907052405
1659733200000.0,2022-08-05 21:00:00,ETH/BTC,0.0730725,0.0737475,0.0730725,0.07352,1019.8487861466268,74.9792827575
1659729600000.0,2022-08-05 20:00:00,ETH/BTC,0.0733175,0.0733275,0.07296,0.0730725,341.28170536111395,24.938307415
1659726000000.0,2022-08-05 19:00:00,ETH/BTC,0.0730425,0.07336,0.0730425,0.0733175,674.1087160295974,49.4239657875
1659722400000.0,2022-08-05 18:00:00,ETH/BTC,0.072855,0.0731175,0.072855,0.0730425,378.0313157066092,27.6123523775
1659718800000.0,2022-08-05 17:00:00,ETH/BTC,0.0726225,0.07299,0.0722475,0.072855,6686.824795793013,487.1686204975
1659715200000.0,2022-08-05 16:00:00,ETH/BTC,0.0726675,0.0727125,0.072225,0.0726225,536.2484717201968,38.9437046375
1659711600000.0,2022-08-05 15:00:00,ETH/BTC,0.0730825,0.07309,0.0726025,0.0726675,783.4546717583514,56.93169236
1659708000000.0,2022-08-05 14:00:00,ETH/BTC,0.07311,0.07368,0.07307,0.0730825,890.098422501967,65.0506179625
1659704400000.0,2022-08-05 13:00:00,ETH/BTC,0.072995,0.0732,0.0727475,0.07311,749.2066140062919,54.77449555
1659700800000.0,2022-08-05 12:00:00,ETH/BTC,0.0732325,0.07359,0.0729475,0.072995,1711.5363276594287,124.9335942375
1659697200000.0,2022-08-05 11:00:00,ETH/BTC,0.0719575,0.0733125,0.0719325,0.0732325,3402.802850476223,249.1957597475
1659693600000.0,2022-08-05 10:00:00,ETH/BTC,0.0718625,0.07209,0.07177,0.0719575,741.9348391411598,53.3877761875
1659690000000.0,2022-08-05 09:00:00,ETH/BTC,0.0716,0.07193,0.0715175,0.0718625,458.9041752652635,32.978001295
1659686400000.0,2022-08-05 08:00:00,ETH/BTC,0.0717,0.07177,0.071525,0.0716,671.6893746159218,48.0929592225
1659682800000.0,2022-08-05 07:00:00,ETH/BTC,0.0715025,0.07188,0.07149,0.0717075,1572.763138374647,112.778912745
1659679200000.0,2022-08-05 06:00:00,ETH/BTC,0.0715725,0.07179,0.071475,0.0715025,1213.33475916926,86.7564686175
1659675600000.0,2022-08-05 05:00:00,ETH/BTC,0.0715025,0.07164,0.07141,0.0715725,438.0031647630026,31.34898151
1659672000000.0,2022-08-05 04:00:00,ETH/BTC,0.07161,0.071745,0.0714475,0.0715025,572.9026245585819,40.9639699125
1659668400000.0,2022-08-05 03:00:00,ETH/BTC,0.072115,0.0721875,0.0715925,0.07161,552.0480725457339,39.532162475
1659664800000.0,2022-08-05 02:00:00,ETH/BTC,0.0719475,0.0724125,0.071945,0.072115,1590.0698243777301,114.667885385
1659661200000.0,2022-08-05 01:00:00,ETH/BTC,0.071025,0.072,0.0709975,0.0719425,999.4893322445007,71.905761285
1659657600000.0,2022-08-05 00:00:00,ETH/BTC,0.0710825,0.07132,0.071025,0.071025,925.3972438577965,65.726339245
1659654000000.0,2022-08-04 23:00:00,ETH/BTC,0.0705875,0.07117,0.0705525,0.0710825,1035.5445106742166,73.60909268
1659650400000.0,2022-08-04 22:00:00,ETH/BTC,0.0705175,0.07084,0.0704225,0.0705875,1004.1012839029573,70.8769993775
1659646800000.0,2022-08-04 21:00:00,ETH/BTC,0.070695,0.0708475,0.0704625,0.0705175,297.9747676108767,21.012435675
1659643200000.0,2022-08-04 20:00:00,ETH/BTC,0.0708575,0.0710325,0.0706525,0.070695,748.7153698988615,52.930433075
1659639600000.0,2022-08-04 19:00:00,ETH/BTC,0.07092,0.0711375,0.070675,0.0708575,765.475832022016,54.2397037675
1659636000000.0,2022-08-04 18:00:00,ETH/BTC,0.0705475,0.07117,0.0703925,0.07092,650.5199766990976,46.1348767475
1659632400000.0,2022-08-04 17:00:00,ETH/BTC,0.070315,0.0705775,0.07027,0.0705475,165.25434416527872,11.658280845
1659628800000.0,2022-08-04 16:00:00,ETH/BTC,0.07046,0.0707175,0.0701175,0.070315,545.5925676598165,38.363341395
1659625200000.0,2022-08-04 15:00:00,ETH/BTC,0.0703775,0.0705575,0.07028,0.07046,640.7118230911155,45.144555055
1659621600000.0,2022-08-04 14:00:00,ETH/BTC,0.070935,0.0709375,0.0700925,0.0703775,1974.0454680473163,138.9283849275
1659618000000.0,2022-08-04 13:00:00,ETH/BTC,0.070625,0.0710325,0.0705125,0.070935,724.1428676957778,51.36707432
1659614400000.0,2022-08-04 12:00:00,ETH/BTC,0.0706225,0.0707725,0.070555,0.070625,345.07713256637174,24.3710724875
1659610800000.0,2022-08-04 11:00:00,ETH/BTC,0.0707325,0.0707575,0.07048,0.0706225,635.3226682360437,44.8680751375
1659607200000.0,2022-08-04 10:00:00,ETH/BTC,0.0709475,0.071075,0.0707175,0.0707325,615.4246015975683,43.5305206325
1659603600000.0,2022-08-04 09:00:00,ETH/BTC,0.0708525,0.0710275,0.07081,0.0709475,324.43607336410724,23.017928315
1659600000000.0,2022-08-04 08:00:00,ETH/BTC,0.0708325,0.0710575,0.07077,0.0708525,395.1540687343425,27.997653655
1659596400000.0,2022-08-04 07:00:00,ETH/BTC,0.0709175,0.07098,0.070795,0.0708325,357.40804274167925,25.3161051875
1659592800000.0,2022-08-04 06:00:00,ETH/BTC,0.0713325,0.0713525,0.07079,0.0709175,650.004836711672,46.0967180075
1659589200000.0,2022-08-04 05:00:00,ETH/BTC,0.0716775,0.0718375,0.07131,0.0713325,305.00470251988924,21.7567479425
1659585600000.0,2022-08-04 04:00:00,ETH/BTC,0.07149,0.0716875,0.07142,0.0716775,639.9212279306616,45.867953815
1659582000000.0,2022-08-04 03:00:00,ETH/BTC,0.07149,0.07158,0.07136,0.07149,264.78670282557005,18.929601385
1659578400000.0,2022-08-04 02:00:00,ETH/BTC,0.0712625,0.071545,0.07109,0.07149,506.58357074416006,36.2156594725
1659574800000.0,2022-08-04 01:00:00,ETH/BTC,0.071305,0.0715,0.071135,0.0712625,651.6680891071741,46.4394972
1659571200000.0,2022-08-04 00:00:00,ETH/BTC,0.0709125,0.071375,0.07085,0.071305,677.4196369819789,48.303407215
1659567600000.0,2022-08-03 23:00:00,ETH/BTC,0.07072,0.07098,0.070665,0.0709125,616.7632364886304,43.7362230075
1659564000000.0,2022-08-03 22:00:00,ETH/BTC,0.0702775,0.0707575,0.0702625,0.07072,204.2702292138009,14.44599061
1659560400000.0,2022-08-03 21:00:00,ETH/BTC,0.0704425,0.0706,0.0702775,0.0702775,336.0344540927039,23.6156613475
1659556800000.0,2022-08-03 20:00:00,ETH/BTC,0.0705225,0.07067,0.070215,0.0704425,696.7252546757993,49.0790687525
1659553200000.0,2022-08-03 19:00:00,ETH/BTC,0.0707925,0.0708375,0.070455,0.0705225,298.9100439221525,21.0798835725
1659549600000.0,2022-08-03 18:00:00,ETH/BTC,0.070825,0.0709575,0.07077,0.0707925,679.1855055267155,48.0812399
1659546000000.0,2022-08-03 17:00:00,ETH/BTC,0.07098,0.0710475,0.0706875,0.0708225,249.51127851318438,17.6710125225
1659542400000.0,2022-08-03 16:00:00,ETH/BTC,0.0709175,0.07111,0.0708,0.07098,250.26353782755703,17.763705915
1659538800000.0,2022-08-03 15:00:00,ETH/BTC,0.0709875,0.07118,0.0708275,0.0709175,225.47805710861215,15.990340115
1659535200000.0,2022-08-03 14:00:00,ETH/BTC,0.07126,0.0713625,0.07089,0.0709875,249.70248269061454,17.72575499
1659531600000.0,2022-08-03 13:00:00,ETH/BTC,0.0711275,0.071325,0.07106,0.0712725,198.8099630642955,14.1696830925
1659528000000.0,2022-08-03 12:00:00,ETH/BTC,0.071175,0.071375,0.0708375,0.0711275,816.2584610734245,58.05842369
1659524400000.0,2022-08-03 11:00:00,ETH/BTC,0.0708675,0.0712775,0.0708575,0.071175,2082.751201826484,148.23981679
1659520800000.0,2022-08-03 10:00:00,ETH/BTC,0.0707625,0.0709325,0.0706925,0.0708675,687.7693685398808,48.740495725
1659517200000.0,2022-08-03 09:00:00,ETH/BTC,0.0708675,0.0711675,0.0707025,0.0707625,847.4705930047694,59.9691378375
1659513600000.0,2022-08-03 08:00:00,ETH/BTC,0.0708675,0.07106,0.070605,0.0708675,655.1153667407485,46.4263882525
1659510000000.0,2022-08-03 07:00:00,ETH/BTC,0.070935,0.0710575,0.07082,0.0708675,223.94980548206158,15.87076284
1659506400000.0,2022-08-03 06:00:00,ETH/BTC,0.07107,0.0713575,0.0709325,0.070935,800.5354768097554,56.7859840475
1659502800000.0,2022-08-03 05:00:00,ETH/BTC,0.070705,0.0710775,0.070675,0.07107,258.8011534050936,18.3929979725
1659499200000.0,2022-08-03 04:00:00,ETH/BTC,0.07084,0.0709875,0.0706675,0.070705,376.50850183862525,26.6210336225
1659495600000.0,2022-08-03 03:00:00,ETH/BTC,0.0705775,0.071085,0.070565,0.07084,457.1770079404291,32.3864192425
1659492000000.0,2022-08-03 02:00:00,ETH/BTC,0.07072,0.07085,0.07051,0.0705775,347.51896394034924,24.5270196775
1659488400000.0,2022-08-03 01:00:00,ETH/BTC,0.07021,0.07086,0.0700175,0.07072,1419.6483827064478,100.397533625
1659484800000.0,2022-08-03 00:00:00,ETH/BTC,0.0709525,0.07111,0.0700825,0.07021,812.527855825381,57.0475807575
1659481200000.0,2022-08-02 23:00:00,ETH/BTC,0.0713175,0.0714425,0.0709425,0.0709475,455.0330247013637,32.28345552
1659477600000.0,2022-08-02 22:00:00,ETH/BTC,0.07175,0.07179,0.07125,0.0713175,281.3218551547656,20.063171405
1659474000000.0,2022-08-02 21:00:00,ETH/BTC,0.0717425,0.071755,0.07127,0.07175,393.50132829268296,28.233720305
1659470400000.0,2022-08-02 20:00:00,ETH/BTC,0.071315,0.0718125,0.0712875,0.0717425,274.06829835871343,19.662344895
1659466800000.0,2022-08-02 19:00:00,ETH/BTC,0.0711975,0.0717175,0.0709675,0.071315,921.8259865385963,65.74002023
1659463200000.0,2022-08-02 18:00:00,ETH/BTC,0.0711925,0.0715675,0.07117,0.0711975,288.9130602549247,20.5698876075
1659459600000.0,2022-08-02 17:00:00,ETH/BTC,0.07137,0.07159,0.0710525,0.0711925,793.183850756751,56.468741295
1659456000000.0,2022-08-02 16:00:00,ETH/BTC,0.070945,0.0718425,0.070855,0.07137,2651.6137669188734,189.245674545
1659452400000.0,2022-08-02 15:00:00,ETH/BTC,0.07054,0.0709625,0.070425,0.070945,1167.204814539432,82.8073455675
1659448800000.0,2022-08-02 14:00:00,ETH/BTC,0.0693475,0.0707525,0.06914,0.07054,2656.8990022682165,187.41765562
1659445200000.0,2022-08-02 13:00:00,ETH/BTC,0.0690925,0.06938,0.0690675,0.0693475,377.05097681964014,26.147542615
1659441600000.0,2022-08-02 12:00:00,ETH/BTC,0.0693925,0.0694325,0.06903,0.0690925,253.4502216593697,17.51150944
1659438000000.0,2022-08-02 11:00:00,ETH/BTC,0.06944,0.069615,0.06926,0.0693925,206.388701192492,14.3218279475
1659434400000.0,2022-08-02 10:00:00,ETH/BTC,0.069135,0.0695325,0.068925,0.06944,419.21383791762673,29.110208905
1659430800000.0,2022-08-02 09:00:00,ETH/BTC,0.069315,0.06935,0.06886,0.069135,891.8015636074347,61.6547011
1659427200000.0,2022-08-02 08:00:00,ETH/BTC,0.06961,0.0696275,0.0692625,0.069315,320.6326321863954,22.2246509
1659423600000.0,2022-08-02 07:00:00,ETH/BTC,0.069365,0.0696575,0.06908,0.06961,1323.3383527869557,92.1175827375
1659420000000.0,2022-08-02 06:00:00,ETH/BTC,0.0691,0.0694725,0.0690925,0.069365,637.283946190442,44.2052009275
1659416400000.0,2022-08-02 05:00:00,ETH/BTC,0.0689575,0.06929,0.0689325,0.0691,495.7822541606368,34.2585537625
1659412800000.0,2022-08-02 04:00:00,ETH/BTC,0.06903,0.0692725,0.0688225,0.0689575,1879.3040002900336,129.5921056
1659409200000.0,2022-08-02 03:00:00,ETH/BTC,0.069345,0.069355,0.0688725,0.069,3272.514706521739,225.80351475
1659405600000.0,2022-08-02 02:00:00,ETH/BTC,0.0698125,0.0699775,0.06926,0.069345,3935.917657185089,272.9362099375
1659402000000.0,2022-08-02 01:00:00,ETH/BTC,0.07041,0.0706125,0.069675,0.0698125,727.2994533930171,50.77459309
1659398400000.0,2022-08-02 00:00:00,ETH/BTC,0.07008,0.07069,0.07005,0.07041,933.6382609714528,65.737469955
1659394800000.0,2022-08-01 23:00:00,ETH/BTC,0.07031,0.07033,0.069855,0.07008,625.4859653610159,43.8340564525
1659391200000.0,2022-08-01 22:00:00,ETH/BTC,0.0705475,0.0705725,0.0701375,0.07031,593.1115377968995,41.7016722225
1659387600000.0,2022-08-01 21:00:00,ETH/BTC,0.070425,0.070745,0.070395,0.0705475,421.81688458131043,29.758126665
1659384000000.0,2022-08-01 20:00:00,ETH/BTC,0.07067,0.0707275,0.07031,0.07042,1027.6726149886397,72.3687055475
1659380400000.0,2022-08-01 19:00:00,ETH/BTC,0.0709,0.0709075,0.0706625,0.07067,233.8612573935192,16.52697506
1659376800000.0,2022-08-01 18:00:00,ETH/BTC,0.071125,0.07115,0.0707,0.0709,783.3490744358251,55.5394493775
1659373200000.0,2022-08-01 17:00:00,ETH/BTC,0.071355,0.071355,0.0708875,0.071125,1150.0478513884007,81.79715343
1659369600000.0,2022-08-01 16:00:00,ETH/BTC,0.07171,0.07171,0.07131,0.071355,400.0465671641791,28.5453228
1659366000000.0,2022-08-01 15:00:00,ETH/BTC,0.07191,0.0719375,0.07154,0.07171,343.4475326314322,24.628622565
1659362400000.0,2022-08-01 14:00:00,ETH/BTC,0.0716675,0.071955,0.07158,0.0719075,347.4771172339464,24.9862108075
1659358800000.0,2022-08-01 13:00:00,ETH/BTC,0.07159,0.07176,0.071275,0.0716675,742.8067790490809,53.2351048375
1659355200000.0,2022-08-01 12:00:00,ETH/BTC,0.0718175,0.071995,0.0715375,0.07159,490.3768210993155,35.1060766225
1659351600000.0,2022-08-01 11:00:00,ETH/BTC,0.0719575,0.0719875,0.0715575,0.0718175,572.4553324398648,41.1123108375
1659348000000.0,2022-08-01 10:00:00,ETH/BTC,0.072355,0.072515,0.0718675,0.0719575,533.0187560712922,38.35469714
1659344400000.0,2022-08-01 09:00:00,ETH/BTC,0.0722975,0.0724575,0.0722925,0.072355,136.90940187271093,9.9060797725
1659340800000.0,2022-08-01 08:00:00,ETH/BTC,0.0725875,0.07268,0.0722475,0.0722975,285.96706583906774,20.6747039425
1659337200000.0,2022-08-01 07:00:00,ETH/BTC,0.07258,0.0726575,0.072375,0.0725875,538.3805165834337,39.0796957475
1659333600000.0,2022-08-01 06:00:00,ETH/BTC,0.0725275,0.072635,0.07232,0.07258,315.0489778520253,22.8662548125
1659330000000.0,2022-08-01 05:00:00,ETH/BTC,0.07247,0.072535,0.072315,0.0725275,179.45703212574543,13.0155698975
1659326400000.0,2022-08-01 04:00:00,ETH/BTC,0.0723625,0.07247,0.0722875,0.07247,72.11605005519525,5.2262501475
1659322800000.0,2022-08-01 03:00:00,ETH/BTC,0.07238,0.07241,0.0721975,0.0723625,125.68066681637588,9.0945672525
1659319200000.0,2022-08-01 02:00:00,ETH/BTC,0.0724375,0.0726375,0.0722775,0.07238,345.5803469535783,25.0131055125
1659315600000.0,2022-08-01 01:00:00,ETH/BTC,0.07221,0.072485,0.0721575,0.0724375,369.44171316652285,26.7614340975
1659312000000.0,2022-08-01 00:00:00,ETH/BTC,0.0720475,0.072275,0.0719375,0.07221,500.19300806674977,36.1189371125
1659308400000.0,2022-07-31 23:00:00,ETH/BTC,0.0720425,0.072165,0.071935,0.0720475,212.45180204032062,15.3066212075
1659304800000.0,2022-07-31 22:00:00,ETH/BTC,0.0722075,0.0723975,0.07175,0.0720425,399.68327365791026,28.7941822425
1659301200000.0,2022-07-31 21:00:00,ETH/BTC,0.0722925,0.0724575,0.07214,0.0722075,355.5577012429457,25.6739327125
1659297600000.0,2022-07-31 20:00:00,ETH/BTC,0.072035,0.0723,0.07199,0.0722925,232.5497975239479,16.8116062375
1659294000000.0,2022-07-31 19:00:00,ETH/BTC,0.0719,0.072275,0.0718475,0.072035,1227.2123588880406,88.4022422725
1659290400000.0,2022-07-31 18:00:00,ETH/BTC,0.07195,0.0728175,0.0716625,0.0719,2183.45977096662,156.9907575325
1659286800000.0,2022-07-31 17:00:00,ETH/BTC,0.07192,0.0720175,0.07184,0.07195,244.80740100764422,17.6138925025
1659283200000.0,2022-07-31 16:00:00,ETH/BTC,0.0720175,0.072045,0.0717625,0.07192,225.20483394744159,16.1967316575
1659279600000.0,2022-07-31 15:00:00,ETH/BTC,0.0718775,0.0720675,0.07187,0.0720175,93.97886902488979,6.7681232
1659276000000.0,2022-07-31 14:00:00,ETH/BTC,0.0720825,0.0721575,0.07172,0.0718775,175.72835803972035,12.630915055
1659272400000.0,2022-07-31 13:00:00,ETH/BTC,0.0721725,0.0722375,0.0719425,0.0720825,123.47569517566677,8.9004367975
1659268800000.0,2022-07-31 12:00:00,ETH/BTC,0.0722175,0.0722475,0.072035,0.0721725,217.36485240223075,15.68776481
1659265200000.0,2022-07-31 11:00:00,ETH/BTC,0.072025,0.072325,0.0719575,0.0722175,1603.1721896700935,115.7770876075
1659261600000.0,2022-07-31 10:00:00,ETH/BTC,0.0717375,0.0721025,0.071615,0.072025,777.4239427282192,55.993959475
1659258000000.0,2022-07-31 09:00:00,ETH/BTC,0.0717425,0.07178,0.071565,0.0717375,321.2110131730267,23.0428750575
1659254400000.0,2022-07-31 08:00:00,ETH/BTC,0.0716,0.0717725,0.0715225,0.0717425,252.59325263964874,18.1216714275
1659250800000.0,2022-07-31 07:00:00,ETH/BTC,0.071565,0.0717425,0.071465,0.0716,550.152569448324,39.3909239725
1659247200000.0,2022-07-31 06:00:00,ETH/BTC,0.071335,0.07158,0.0713225,0.071565,238.5233218752183,17.06992153
1659243600000.0,2022-07-31 05:00:00,ETH/BTC,0.0715525,0.071595,0.0712825,0.071335,225.37404496390272,16.0770574975
1659240000000.0,2022-07-31 04:00:00,ETH/BTC,0.0713425,0.07159,0.0713325,0.0715525,276.1591710632053,19.7598790875
1659236400000.0,2022-07-31 03:00:00,ETH/BTC,0.071305,0.071415,0.07121,0.0713425,195.92487367277568,13.9777703
1659232800000.0,2022-07-31 02:00:00,ETH/BTC,0.07151,0.07165,0.071235,0.071305,336.61938380898954,24.0026451625
1659229200000.0,2022-07-31 01:00:00,ETH/BTC,0.0719925,0.07204,0.07148,0.07151,589.0915596769682,42.1259374325
1659225600000.0,2022-07-31 00:00:00,ETH/BTC,0.0717825,0.07207,0.07166,0.0719925,647.5430494148696,46.618242985
1659222000000.0,2022-07-30 23:00:00,ETH/BTC,0.0717,0.0718975,0.07137,0.0717825,462.6050739734615,33.2069487225
1659218400000.0,2022-07-30 22:00:00,ETH/BTC,0.070915,0.0717025,0.070915,0.0717,960.9647919107392,68.90117558
1659214800000.0,2022-07-30 21:00:00,ETH/BTC,0.0710475,0.07129,0.070845,0.070915,464.8014403158711,32.96139414
1659211200000.0,2022-07-30 20:00:00,ETH/BTC,0.0707275,0.071075,0.0707275,0.0710475,1225.8457604771456,87.0932766675
1659207600000.0,2022-07-30 19:00:00,ETH/BTC,0.070455,0.07082,0.0699375,0.0707275,996.3899061185535,70.472167085
1659204000000.0,2022-07-30 18:00:00,ETH/BTC,0.0704975,0.070525,0.0703625,0.070455,213.08989291036832,15.013248405
1659200400000.0,2022-07-30 17:00:00,ETH/BTC,0.07061,0.07061,0.0702725,0.0704975,595.7507282527748,41.998936965
1659196800000.0,2022-07-30 16:00:00,ETH/BTC,0.070825,0.070825,0.070555,0.07061,335.2040291743379,23.6687565
1659193200000.0,2022-07-30 15:00:00,ETH/BTC,0.07047,0.0709125,0.0704225,0.070825,637.6930227320861,45.164608335
1659189600000.0,2022-07-30 14:00:00,ETH/BTC,0.0704775,0.070505,0.070145,0.07047,510.25024943238253,35.9573350775
1659186000000.0,2022-07-30 13:00:00,ETH/BTC,0.0705675,0.0708325,0.0703,0.0704775,1314.6110066333229,92.65049722
1659182400000.0,2022-07-30 12:00:00,ETH/BTC,0.07116,0.071195,0.0705,0.0705675,851.4516551528677,60.084814675
1659178800000.0,2022-07-30 11:00:00,ETH/BTC,0.0707775,0.071305,0.0707625,0.07116,517.7032799325464,36.8397654
1659175200000.0,2022-07-30 10:00:00,ETH/BTC,0.07114,0.07114,0.070645,0.0707775,641.1188246971142,45.376787615
1659171600000.0,2022-07-30 09:00:00,ETH/BTC,0.0716675,0.07178,0.0711375,0.07114,311.37392093055945,22.151140735
1659168000000.0,2022-07-30 08:00:00,ETH/BTC,0.0718225,0.0720375,0.071665,0.0716675,109.6990856385391,7.86185922
1659164400000.0,2022-07-30 07:00:00,ETH/BTC,0.0720175,0.0721225,0.071735,0.0718225,144.90395179087335,10.4073640775
1659160800000.0,2022-07-30 06:00:00,ETH/BTC,0.0717575,0.072115,0.0717,0.0720175,197.02077779706323,14.188943865
1659157200000.0,2022-07-30 05:00:00,ETH/BTC,0.071665,0.07189,0.071655,0.0717575,131.10684569557188,9.40789948
1659153600000.0,2022-07-30 04:00:00,ETH/BTC,0.071705,0.07181,0.0713625,0.071665,203.46400156980394,14.5812476725
1659150000000.0,2022-07-30 03:00:00,ETH/BTC,0.07191,0.0719275,0.071465,0.071705,199.28702046579733,14.2898758025
1659146400000.0,2022-07-30 02:00:00,ETH/BTC,0.07202,0.0720525,0.0716,0.07191,348.765143860381,25.079701495
1659142800000.0,2022-07-30 01:00:00,ETH/BTC,0.0723175,0.0723175,0.07122,0.07202,856.7848834698694,61.7056473075
1659139200000.0,2022-07-30 00:00:00,ETH/BTC,0.07243,0.07259,0.0722175,0.0723175,176.09618297784075,12.7348357125
1659135600000.0,2022-07-29 23:00:00,ETH/BTC,0.072745,0.07323,0.0724275,0.07243,822.4424472249069,59.5695064525
1659132000000.0,2022-07-29 22:00:00,ETH/BTC,0.07203,0.072775,0.07198,0.072745,452.8440269090659,32.9421387375
1659128400000.0,2022-07-29 21:00:00,ETH/BTC,0.072355,0.0725125,0.071695,0.07203,937.864911252256,67.5544095575
1659124800000.0,2022-07-29 20:00:00,ETH/BTC,0.07213,0.07256,0.072065,0.072355,381.7125878308341,27.6188142925
1659121200000.0,2022-07-29 19:00:00,ETH/BTC,0.0720425,0.0722475,0.07183,0.072135,331.1188176682609,23.8852559125
1659117600000.0,2022-07-29 18:00:00,ETH/BTC,0.0712775,0.0723,0.071255,0.0720425,546.1338058784745,39.34484471
1659114000000.0,2022-07-29 17:00:00,ETH/BTC,0.07089,0.07147,0.07072,0.0712775,368.37553905510157,26.256887485
1659110400000.0,2022-07-29 16:00:00,ETH/BTC,0.0716925,0.0717025,0.07054,0.07089,698.6407148751588,49.5266402775
1659106800000.0,2022-07-29 15:00:00,ETH/BTC,0.0717,0.07196,0.0716,0.0716925,327.3555867071172,23.4689404
1659103200000.0,2022-07-29 14:00:00,ETH/BTC,0.07171,0.072205,0.0716625,0.0717,1528.1729448396095,109.570000145
1659099600000.0,2022-07-29 13:00:00,ETH/BTC,0.07087,0.071915,0.0708225,0.07171,1543.5131397991913,110.685327255
1659096000000.0,2022-07-29 12:00:00,ETH/BTC,0.070915,0.0710525,0.070445,0.07087,1291.9360159094115,91.5595054475
1659092400000.0,2022-07-29 11:00:00,ETH/BTC,0.0716725,0.0716725,0.07084,0.070915,497.1448294084467,35.2550255775
1659088800000.0,2022-07-29 10:00:00,ETH/BTC,0.07183,0.0719275,0.07158,0.0716725,163.0075031916007,11.6831552725
1659085200000.0,2022-07-29 09:00:00,ETH/BTC,0.071865,0.071955,0.0717025,0.07183,114.61682047890854,8.232926215
1659081600000.0,2022-07-29 08:00:00,ETH/BTC,0.0716725,0.07197,0.0712,0.071865,913.0795848118,65.6184643625
1659078000000.0,2022-07-29 07:00:00,ETH/BTC,0.0716625,0.071835,0.071535,0.0716725,622.0871732184589,44.5865429225
1659074400000.0,2022-07-29 06:00:00,ETH/BTC,0.0720675,0.0721875,0.07107,0.0716625,6962.166225675911,498.9262371475
1659070800000.0,2022-07-29 05:00:00,ETH/BTC,0.07245,0.0724525,0.0719675,0.0720675,5037.5062159433855,363.0404792175
1659067200000.0,2022-07-29 04:00:00,ETH/BTC,0.0722375,0.072515,0.072125,0.07245,162.4487808143547,11.76941417
1659063600000.0,2022-07-29 03:00:00,ETH/BTC,0.0720225,0.07233,0.07191,0.0722375,279.9808091019207,20.2251136975
1659060000000.0,2022-07-29 02:00:00,ETH/BTC,0.0719375,0.072165,0.07178,0.0720225,340.5951590822312,24.530514845
1659056400000.0,2022-07-29 01:00:00,ETH/BTC,0.07226,0.072335,0.071685,0.0719375,604.8190059079062,43.5091672375
1659052800000.0,2022-07-29 00:00:00,ETH/BTC,0.0723225,0.0723975,0.0715575,0.07226,870.0107844588983,62.866979285
1659049200000.0,2022-07-28 23:00:00,ETH/BTC,0.072865,0.072865,0.0721125,0.0723225,371.33415385944903,26.8558143425
1659045600000.0,2022-07-28 22:00:00,ETH/BTC,0.0729175,0.0730425,0.0725675,0.072865,203.02788255678308,14.7936266625
1659042000000.0,2022-07-28 21:00:00,ETH/BTC,0.073155,0.073385,0.0727,0.0729175,372.3727982651627,27.1524935175
1659038400000.0,2022-07-28 20:00:00,ETH/BTC,0.07254,0.073895,0.0725375,0.073155,1633.5772286241543,119.50434216
1659034800000.0,2022-07-28 19:00:00,ETH/BTC,0.0723125,0.072615,0.0723025,0.07254,146.50618551833472,10.6275586975
1659031200000.0,2022-07-28 18:00:00,ETH/BTC,0.0728425,0.07286,0.072205,0.0723125,441.1799425410544,31.902824595
1659027600000.0,2022-07-28 17:00:00,ETH/BTC,0.0725,0.07288,0.0723,0.0728425,1495.226305831074,108.9160221825
1659024000000.0,2022-07-28 16:00:00,ETH/BTC,0.07275,0.073,0.0723825,0.0725,1152.1707754137933,83.5323812175
1659020400000.0,2022-07-28 15:00:00,ETH/BTC,0.071425,0.07326,0.071175,0.07275,3030.121613024055,220.4413473475
1659016800000.0,2022-07-28 14:00:00,ETH/BTC,0.070895,0.07143,0.07084,0.071425,556.376930661533,39.7392222725
1659013200000.0,2022-07-28 13:00:00,ETH/BTC,0.0709875,0.0717225,0.0708475,0.070895,2087.4860988433597,147.9923269775
1659009600000.0,2022-07-28 12:00:00,ETH/BTC,0.070985,0.07129,0.070625,0.0709875,947.2537138932911,67.243173015
1659006000000.0,2022-07-28 11:00:00,ETH/BTC,0.0705325,0.07104,0.0705175,0.070985,151.70659797844613,10.7688928575
1659002400000.0,2022-07-28 10:00:00,ETH/BTC,0.0704975,0.0707325,0.0704975,0.0705325,118.11300666359479,8.3308056425
1658998800000.0,2022-07-28 09:00:00,ETH/BTC,0.0707475,0.0708675,0.0701575,0.0704975,384.96756271498987,27.1392507525
1658995200000.0,2022-07-28 08:00:00,ETH/BTC,0.0706125,0.0708375,0.0705375,0.0707475,276.3597200607795,19.551759295
1658991600000.0,2022-07-28 07:00:00,ETH/BTC,0.07108,0.0711575,0.0704975,0.0706125,433.92149279518503,30.64028141
1658988000000.0,2022-07-28 06:00:00,ETH/BTC,0.071045,0.071115,0.070805,0.07108,320.1249437605515,22.7544810025
1658984400000.0,2022-07-28 05:00:00,ETH/BTC,0.0708,0.07116,0.07065,0.071045,259.748855338166,18.4538574275
1658980800000.0,2022-07-28 04:00:00,ETH/BTC,0.0712575,0.07129,0.0708,0.0708,153.84849332627118,10.8924733275
1658977200000.0,2022-07-28 03:00:00,ETH/BTC,0.071235,0.071515,0.07115,0.0712575,601.7598859769148,42.879905075
1658973600000.0,2022-07-28 02:00:00,ETH/BTC,0.0709375,0.071885,0.0708325,0.071235,770.4749187548256,54.8847808375
1658970000000.0,2022-07-28 01:00:00,ETH/BTC,0.0709125,0.0709925,0.0706825,0.0709375,402.40658364757707,28.5457170275
1658966400000.0,2022-07-28 00:00:00,ETH/BTC,0.071295,0.0712975,0.0707425,0.0709125,263.92944755861095,18.71589695
1658962800000.0,2022-07-27 23:00:00,ETH/BTC,0.07107,0.0716,0.0710175,0.071295,1313.0062245599272,93.61077878
1658959200000.0,2022-07-27 22:00:00,ETH/BTC,0.07088,0.07167,0.07088,0.07107,534.8703807161954,38.0132379575
1658955600000.0,2022-07-27 21:00:00,ETH/BTC,0.0703,0.0712975,0.0702425,0.07088,790.771027722912,56.049850445
1658952000000.0,2022-07-27 20:00:00,ETH/BTC,0.06979,0.07065,0.06974,0.0703,2333.3775474395447,164.036441585
1658948400000.0,2022-07-27 19:00:00,ETH/BTC,0.0700875,0.07014,0.0695275,0.06979,1171.3531734130963,81.7487379725
1658944800000.0,2022-07-27 18:00:00,ETH/BTC,0.06934,0.0711725,0.06934,0.0700875,2281.553018726592,159.9083472
1658941200000.0,2022-07-27 17:00:00,ETH/BTC,0.0689625,0.069545,0.06882,0.06934,999.7092861263341,69.3198419
1658937600000.0,2022-07-27 16:00:00,ETH/BTC,0.0691725,0.0699625,0.068895,0.0689625,1694.2914903389524,116.8425769025
1658934000000.0,2022-07-27 15:00:00,ETH/BTC,0.06949,0.0695525,0.0691675,0.0691725,284.03595467852114,19.647477075
1658930400000.0,2022-07-27 14:00:00,ETH/BTC,0.069495,0.0696325,0.0692825,0.06949,518.986858972514,36.06439683
1658926800000.0,2022-07-27 13:00:00,ETH/BTC,0.0692325,0.06969,0.0689325,0.06949,1828.60498071665,127.06976011
1658923200000.0,2022-07-27 12:00:00,ETH/BTC,0.06852,0.069255,0.0683125,0.0692325,2579.2633871014336,178.5688524475
1658919600000.0,2022-07-27 11:00:00,ETH/BTC,0.0684475,0.0687425,0.0684225,0.06852,430.3121732340922,29.48499011
1658916000000.0,2022-07-27 10:00:00,ETH/BTC,0.0684775,0.0687625,0.06842,0.0684475,155.29624672194018,10.6296398475
1658912400000.0,2022-07-27 09:00:00,ETH/BTC,0.0684125,0.06858,0.0683175,0.0684775,314.7486655470775,21.553201745
1658908800000.0,2022-07-27 08:00:00,ETH/BTC,0.068615,0.0688225,0.0684125,0.0684125,772.3729477800109,52.83996429
1658905200000.0,2022-07-27 07:00:00,ETH/BTC,0.068425,0.06873,0.0682725,0.068615,1135.2624553669025,77.896033375
1658901600000.0,2022-07-27 06:00:00,ETH/BTC,0.0683775,0.0685225,0.068235,0.068425,830.11283657289,56.8004708425
1658898000000.0,2022-07-27 05:00:00,ETH/BTC,0.0679675,0.068535,0.06796,0.0683775,1667.418020803627,114.0138757175
1658894400000.0,2022-07-27 04:00:00,ETH/BTC,0.0676175,0.06807,0.0675275,0.0679675,1176.882667157097,79.98977268
1658890800000.0,2022-07-27 03:00:00,ETH/BTC,0.06786,0.067885,0.0675325,0.0676175,206.2441389063482,13.9457130625
1658887200000.0,2022-07-27 02:00:00,ETH/BTC,0.0677375,0.067875,0.06757,0.06786,904.4911185160624,61.3787673025
1658883600000.0,2022-07-27 01:00:00,ETH/BTC,0.06802,0.068135,0.0676875,0.0677375,616.0091569662299,41.72692027
1658880000000.0,2022-07-27 00:00:00,ETH/BTC,0.0682025,0.06853,0.06796,0.06802,489.8533121140841,33.31982229
1658876400000.0,2022-07-26 23:00:00,ETH/BTC,0.0668375,0.06829,0.066805,0.0682025,1045.9336563908948,71.3352902
1658872800000.0,2022-07-26 22:00:00,ETH/BTC,0.06589,0.0668375,0.06583,0.0668375,328.3500065457266,21.9460935625
1658869200000.0,2022-07-26 21:00:00,ETH/BTC,0.0657775,0.0664725,0.0656325,0.06589,1104.6766873197753,72.7871469275
1658865600000.0,2022-07-26 20:00:00,ETH/BTC,0.0653125,0.065895,0.0651825,0.0657775,757.8483717076507,49.84937127
1658862000000.0,2022-07-26 19:00:00,ETH/BTC,0.065595,0.0656825,0.0651125,0.0653125,911.8400354066986,59.5545523125
1658858400000.0,2022-07-26 18:00:00,ETH/BTC,0.0658925,0.0660275,0.065565,0.065595,449.1733077597378,29.4635231225
1658854800000.0,2022-07-26 17:00:00,ETH/BTC,0.066065,0.06624,0.0658825,0.0658925,1144.357651439845,75.4045865475
1658851200000.0,2022-07-26 16:00:00,ETH/BTC,0.065965,0.0661075,0.0658275,0.066065,477.68666298342544,31.55836939
1658847600000.0,2022-07-26 15:00:00,ETH/BTC,0.0664475,0.066485,0.065835,0.065965,947.2775383157735,62.487162815
1658844000000.0,2022-07-26 14:00:00,ETH/BTC,0.06631,0.066465,0.0660375,0.0664475,686.3773196884757,45.60805695
1658840400000.0,2022-07-26 13:00:00,ETH/BTC,0.0661675,0.066355,0.0657025,0.06631,1105.2015218292868,73.2859129125
1658836800000.0,2022-07-26 12:00:00,ETH/BTC,0.0666675,0.067005,0.0659525,0.0661675,910.2338717270563,60.2278997075
1658833200000.0,2022-07-26 11:00:00,ETH/BTC,0.0669175,0.0670075,0.0661975,0.0666675,797.4260816364795,53.1624032975
1658829600000.0,2022-07-26 10:00:00,ETH/BTC,0.067185,0.0672625,0.06689,0.0669175,171.73348974483505,11.4919758
1658826000000.0,2022-07-26 09:00:00,ETH/BTC,0.0670375,0.0672975,0.0669925,0.067185,372.59258238446085,25.0326326475
1658822400000.0,2022-07-26 08:00:00,ETH/BTC,0.0668875,0.06721,0.0667975,0.0670375,932.2553395114675,62.4960673225
1658818800000.0,2022-07-26 07:00:00,ETH/BTC,0.0672525,0.067395,0.0668425,0.0668875,507.1538513922631,33.922253235
1658815200000.0,2022-07-26 06:00:00,ETH/BTC,0.0674775,0.0674775,0.0671,0.0672525,427.3918865097951,28.7431728475
1658811600000.0,2022-07-26 05:00:00,ETH/BTC,0.0675475,0.0676425,0.0674,0.0674775,217.72312456003854,14.6914121375
1658808000000.0,2022-07-26 04:00:00,ETH/BTC,0.0677725,0.067835,0.0674975,0.0675475,231.07568026203785,15.6085845125
1658804400000.0,2022-07-26 03:00:00,ETH/BTC,0.06736,0.06783,0.067115,0.06778,368.56164746237823,24.981108465
1658800800000.0,2022-07-26 02:00:00,ETH/BTC,0.0674025,0.067535,0.06731,0.06736,216.85300582690022,14.6072184725
1658797200000.0,2022-07-26 01:00:00,ETH/BTC,0.067405,0.0676,0.067205,0.0674025,240.40091810392786,16.2036228825
1658793600000.0,2022-07-26 00:00:00,ETH/BTC,0.0675825,0.068115,0.0673575,0.067405,971.8188540167641,65.505449855
1658790000000.0,2022-07-25 23:00:00,ETH/BTC,0.06839,0.0684325,0.06749,0.0675825,456.3018148559168,30.8380174025
1658786400000.0,2022-07-25 22:00:00,ETH/BTC,0.06874,0.06878,0.0679775,0.06839,627.9437370960666,42.94507218
1658782800000.0,2022-07-25 21:00:00,ETH/BTC,0.06868,0.069,0.06859,0.06874,222.95410063281935,15.3258648775
1658779200000.0,2022-07-25 20:00:00,ETH/BTC,0.0683,0.069065,0.06816,0.06868,619.1537357673267,42.5234785725
1658775600000.0,2022-07-25 19:00:00,ETH/BTC,0.0692225,0.0692575,0.06746,0.0683,1615.4259155929722,110.333590035
1658772000000.0,2022-07-25 18:00:00,ETH/BTC,0.06922,0.0694275,0.0691425,0.0692225,156.72424258730902,10.8488438825
1658768400000.0,2022-07-25 17:00:00,ETH/BTC,0.0696025,0.0697425,0.0692075,0.0692175,148.79641142052228,10.2993156075
1658764800000.0,2022-07-25 16:00:00,ETH/BTC,0.0697025,0.0697975,0.06934,0.0696025,351.7349261520779,24.4816301975
1658761200000.0,2022-07-25 15:00:00,ETH/BTC,0.069655,0.0699,0.069485,0.0697025,662.6534668053513,46.18860327
1658757600000.0,2022-07-25 14:00:00,ETH/BTC,0.0694875,0.06972,0.0692125,0.069655,265.4150213193597,18.48748331
1658754000000.0,2022-07-25 13:00:00,ETH/BTC,0.06991,0.06991,0.0691925,0.0694875,406.6589207411405,28.257711755
1658750400000.0,2022-07-25 12:00:00,ETH/BTC,0.070065,0.07009,0.0695625,0.06991,446.2048214847661,31.19417907
1658746800000.0,2022-07-25 11:00:00,ETH/BTC,0.0701675,0.0702675,0.0699425,0.070065,194.1514497966174,13.60322133
1658743200000.0,2022-07-25 10:00:00,ETH/BTC,0.06979,0.070265,0.0697325,0.0701675,512.7003687604661,35.974903125
1658739600000.0,2022-07-25 09:00:00,ETH/BTC,0.0696775,0.0698225,0.0695925,0.06979,273.61725798825046,19.095748435
1658736000000.0,2022-07-25 08:00:00,ETH/BTC,0.0693225,0.0698575,0.0690875,0.06968,563.1610995264064,39.241065415
1658732400000.0,2022-07-25 07:00:00,ETH/BTC,0.06936,0.0695225,0.06924,0.0693225,307.57554076959144,21.321905425
1658728800000.0,2022-07-25 06:00:00,ETH/BTC,0.069725,0.0700025,0.069355,0.06936,6465.588021049596,448.45318514
1658725200000.0,2022-07-25 05:00:00,ETH/BTC,0.0695475,0.0697375,0.069425,0.069725,254.45533266403731,17.74189807
1658721600000.0,2022-07-25 04:00:00,ETH/BTC,0.0691075,0.0695675,0.06899,0.0695475,231.88907070707072,16.127305145
1658718000000.0,2022-07-25 03:00:00,ETH/BTC,0.0692375,0.0695075,0.0688675,0.0691075,312.18990290489455,21.574663715
1658714400000.0,2022-07-25 02:00:00,ETH/BTC,0.06955,0.06955,0.069055,0.0692375,773.9117569597402,53.5837152725
1658710800000.0,2022-07-25 01:00:00,ETH/BTC,0.069835,0.06988,0.0694025,0.06955,363.3124100647017,25.26837812
1658707200000.0,2022-07-25 00:00:00,ETH/BTC,0.070755,0.070995,0.06976,0.069835,879.9722380611443,61.452861245
1658703600000.0,2022-07-24 23:00:00,ETH/BTC,0.07086,0.07098,0.07049,0.070755,491.3860775916897,34.76802192
1658700000000.0,2022-07-24 22:00:00,ETH/BTC,0.0711325,0.07233,0.0707375,0.07086,3739.6871286692067,264.9942299375
1658696400000.0,2022-07-24 21:00:00,ETH/BTC,0.0708025,0.0715,0.070795,0.0711325,696.3276499138931,49.5315265575
1658692800000.0,2022-07-24 20:00:00,ETH/BTC,0.0706125,0.0710625,0.0704075,0.0708025,1456.2263237880018,103.10446429
1658689200000.0,2022-07-24 19:00:00,ETH/BTC,0.0703625,0.070815,0.070275,0.0706125,251.41140570012394,17.752787885
1658685600000.0,2022-07-24 18:00:00,ETH/BTC,0.0704275,0.0704775,0.0701375,0.0703625,158.64924075324214,11.1629572025
1658682000000.0,2022-07-24 17:00:00,ETH/BTC,0.0700575,0.07067,0.0700575,0.0704275,443.57641130950265,31.2399777075
1658678400000.0,2022-07-24 16:00:00,ETH/BTC,0.070585,0.0706225,0.07,0.0700575,418.75828019840844,29.337158215
1658674800000.0,2022-07-24 15:00:00,ETH/BTC,0.0707275,0.0708925,0.0703725,0.070585,170.6632183537579,12.0462632675
1658671200000.0,2022-07-24 14:00:00,ETH/BTC,0.0700725,0.0710525,0.069855,0.0707275,796.739360149871,56.351383095
1658667600000.0,2022-07-24 13:00:00,ETH/BTC,0.07016,0.0703275,0.0699825,0.0700725,161.13344596667739,11.2910233925
1658664000000.0,2022-07-24 12:00:00,ETH/BTC,0.071335,0.0713675,0.0700475,0.07016,726.3118314566705,50.958038095
1658660400000.0,2022-07-24 11:00:00,ETH/BTC,0.0704025,0.0715525,0.0703775,0.071335,940.6100317866407,67.0984166175
1658656800000.0,2022-07-24 10:00:00,ETH/BTC,0.070655,0.0707775,0.070295,0.0704025,333.65837718831006,23.4903839
1658653200000.0,2022-07-24 09:00:00,ETH/BTC,0.0707025,0.07087,0.07058,0.070655,348.360121859741,24.61338441
1658649600000.0,2022-07-24 08:00:00,ETH/BTC,0.07069,0.071025,0.07056,0.0707025,299.7105877090626,21.1902878275
1658646000000.0,2022-07-24 07:00:00,ETH/BTC,0.07099,0.07108,0.0706575,0.07069,290.03660319705756,20.50268748
1658642400000.0,2022-07-24 06:00:00,ETH/BTC,0.0704075,0.07126,0.0704075,0.07099,7190.379860085928,510.4450662675
1658638800000.0,2022-07-24 05:00:00,ETH/BTC,0.06971,0.070665,0.0696625,0.0704075,1742.341032347406,122.673876235
1658635200000.0,2022-07-24 04:00:00,ETH/BTC,0.069485,0.069765,0.06943,0.06971,294.9025821259504,20.557659
1658631600000.0,2022-07-24 03:00:00,ETH/BTC,0.069645,0.069725,0.0693675,0.069485,593.7696173994387,41.258081865
1658628000000.0,2022-07-24 02:00:00,ETH/BTC,0.0696125,0.0698175,0.069465,0.069645,1924.1926717639458,134.010398625
1658624400000.0,2022-07-24 01:00:00,ETH/BTC,0.06942,0.0696375,0.0691125,0.0696125,878.3037811097146,61.1409219625
1658620800000.0,2022-07-24 00:00:00,ETH/BTC,0.0689925,0.069695,0.0689925,0.06942,1149.8290540550274,79.8211329325
1658617200000.0,2022-07-23 23:00:00,ETH/BTC,0.0686325,0.0691,0.068585,0.0689925,721.0482648113926,49.74692241
1658613600000.0,2022-07-23 22:00:00,ETH/BTC,0.06818,0.068865,0.06817,0.0686325,508.82067125632904,34.92163472
1658610000000.0,2022-07-23 21:00:00,ETH/BTC,0.0683275,0.0684,0.0681525,0.06818,394.7593735332942,26.9146940875
1658606400000.0,2022-07-23 20:00:00,ETH/BTC,0.06794,0.068385,0.067925,0.0683275,334.85113245033114,22.8795407525
1658602800000.0,2022-07-23 19:00:00,ETH/BTC,0.0679,0.067955,0.0675525,0.06794,416.6340773476597,28.306119215
1658599200000.0,2022-07-23 18:00:00,ETH/BTC,0.0681325,0.0681875,0.0678375,0.0679,337.8208991531664,22.9380390525
1658595600000.0,2022-07-23 17:00:00,ETH/BTC,0.068455,0.0685125,0.06785,0.0681325,695.7313412835285,47.40191561
1658592000000.0,2022-07-23 16:00:00,ETH/BTC,0.06859,0.068775,0.068405,0.068455,318.37375838141844,21.79427563
1658588400000.0,2022-07-23 15:00:00,ETH/BTC,0.068645,0.068815,0.068495,0.06859,372.4269630048112,25.5447653925
1658584800000.0,2022-07-23 14:00:00,ETH/BTC,0.0686275,0.06872,0.06839,0.068645,245.32318471847915,16.840210015
1658581200000.0,2022-07-23 13:00:00,ETH/BTC,0.0682375,0.06868,0.0682125,0.06863,268.34166618097044,18.41628855
1658577600000.0,2022-07-23 12:00:00,ETH/BTC,0.0684625,0.06848,0.0680425,0.0682375,360.2317395860047,24.58131333
1658574000000.0,2022-07-23 11:00:00,ETH/BTC,0.0685225,0.06855,0.0681375,0.0684625,606.5511574584626,41.5260086175
1658570400000.0,2022-07-23 10:00:00,ETH/BTC,0.06883,0.068895,0.06842,0.0685225,216.28165868875186,14.8201599575
1658566800000.0,2022-07-23 09:00:00,ETH/BTC,0.068565,0.0690025,0.068485,0.06883,486.6887894450095,33.4987893775
1658563200000.0,2022-07-23 08:00:00,ETH/BTC,0.0692975,0.0694775,0.0684875,0.068565,516.6353191861738,35.42310066
1658559600000.0,2022-07-23 07:00:00,ETH/BTC,0.0692875,0.0695375,0.0691675,0.0692975,533.8032554565461,36.991231095
1658556000000.0,2022-07-23 06:00:00,ETH/BTC,0.06903,0.06955,0.068975,0.0692875,624.0386002164893,43.2380745125
1658552400000.0,2022-07-23 05:00:00,ETH/BTC,0.0693,0.0693475,0.0689275,0.06903,860.2115416123424,59.3804027175
1658548800000.0,2022-07-23 04:00:00,ETH/BTC,0.0688875,0.069475,0.0688225,0.0693,781.5549366883116,54.1617571125
1658545200000.0,2022-07-23 03:00:00,ETH/BTC,0.068585,0.0689625,0.0685325,0.0688875,408.1795626927962,28.118469625
1658541600000.0,2022-07-23 02:00:00,ETH/BTC,0.0680975,0.06878,0.068055,0.068585,594.4528562732377,40.7705491475
1658538000000.0,2022-07-23 01:00:00,ETH/BTC,0.067815,0.068155,0.0677675,0.0680975,285.85536143030214,19.466035475
1658534400000.0,2022-07-23 00:00:00,ETH/BTC,0.06767,0.06801,0.0674925,0.067815,750.3624282238443,50.88582807
1658530800000.0,2022-07-22 23:00:00,ETH/BTC,0.06775,0.0678525,0.067555,0.06767,534.4234929806414,36.16443777
1658527200000.0,2022-07-22 22:00:00,ETH/BTC,0.067665,0.0678775,0.0675225,0.06775,262.4752094095941,17.7826954375
1658523600000.0,2022-07-22 21:00:00,ETH/BTC,0.0675475,0.067785,0.067455,0.067665,321.8858254636814,21.78040438
1658520000000.0,2022-07-22 20:00:00,ETH/BTC,0.0675625,0.067615,0.0672975,0.0675475,328.3191781339058,22.177139685
1658516400000.0,2022-07-22 19:00:00,ETH/BTC,0.0683975,0.0684175,0.0673475,0.067565,481.686294605195,32.545134495
1658512800000.0,2022-07-22 18:00:00,ETH/BTC,0.0681725,0.06842,0.067935,0.0683975,303.1486165064513,20.7346074975
1658509200000.0,2022-07-22 17:00:00,ETH/BTC,0.068395,0.068615,0.0680675,0.0681725,392.29667589570573,26.7438451375
1658505600000.0,2022-07-22 16:00:00,ETH/BTC,0.0676075,0.0684075,0.0673475,0.068395,583.6018176401784,39.9154463175
1658502000000.0,2022-07-22 15:00:00,ETH/BTC,0.0681175,0.068265,0.0675375,0.0676075,560.7831681766075,37.9131480425
1658498400000.0,2022-07-22 14:00:00,ETH/BTC,0.0681825,0.0683525,0.0679425,0.0681175,706.5110085146989,48.1257636225
1658494800000.0,2022-07-22 13:00:00,ETH/BTC,0.0688875,0.06891,0.0681425,0.0681825,968.4351200821326,66.030327575
1658491200000.0,2022-07-22 12:00:00,ETH/BTC,0.0694025,0.06951,0.0688275,0.0688875,862.9365412447831,59.445540985
1658487600000.0,2022-07-22 11:00:00,ETH/BTC,0.0693075,0.0696875,0.0692775,0.0694025,717.1576969489571,49.7725370625
1658484000000.0,2022-07-22 10:00:00,ETH/BTC,0.0695425,0.06984,0.0692975,0.0693075,584.7593510442592,40.5282087225
1658480400000.0,2022-07-22 09:00:00,ETH/BTC,0.0695225,0.07035,0.069515,0.0695425,2575.5092130351945,179.1073494475
1658476800000.0,2022-07-22 08:00:00,ETH/BTC,0.06927,0.0698575,0.068985,0.0695225,1164.0783999424646,80.92964056
1658473200000.0,2022-07-22 07:00:00,ETH/BTC,0.06892,0.0693025,0.0687025,0.06927,2699.7235620037536,187.00985114
1658469600000.0,2022-07-22 06:00:00,ETH/BTC,0.068695,0.0690725,0.068675,0.06892,512.3841515887985,35.3135157275
1658466000000.0,2022-07-22 05:00:00,ETH/BTC,0.0683525,0.068695,0.0682575,0.068695,836.556759553097,57.4672665975
1658462400000.0,2022-07-22 04:00:00,ETH/BTC,0.0681475,0.068435,0.0681475,0.0683525,241.1463917193958,16.48295874
1658458800000.0,2022-07-22 03:00:00,ETH/BTC,0.0680275,0.068205,0.06796,0.0681475,104.44493323306064,7.1176610875
1658455200000.0,2022-07-22 02:00:00,ETH/BTC,0.0682275,0.0682675,0.0679,0.0680275,201.61154683767592,13.7151295025
1658451600000.0,2022-07-22 01:00:00,ETH/BTC,0.0682975,0.0684275,0.0680575,0.0682275,505.57125396650906,34.49386273
1658448000000.0,2022-07-22 00:00:00,ETH/BTC,0.0680525,0.0684075,0.0679825,0.0682975,680.9775883451078,46.50906684
1658444400000.0,2022-07-21 23:00:00,ETH/BTC,0.0684875,0.0686025,0.06797,0.0680525,527.4497014437383,35.8942708075
1658440800000.0,2022-07-21 22:00:00,ETH/BTC,0.068485,0.0685075,0.068095,0.0684875,489.6340902354444,33.533814755
1658437200000.0,2022-07-21 21:00:00,ETH/BTC,0.068555,0.06876,0.06848,0.068485,370.4540314302402,25.3705443425
1658433600000.0,2022-07-21 20:00:00,ETH/BTC,0.0680525,0.068985,0.067975,0.068555,2042.906535190723,140.05145752
1658430000000.0,2022-07-21 19:00:00,ETH/BTC,0.0673425,0.068165,0.0673325,0.0680525,468.07492454355094,31.8536688025
1658426400000.0,2022-07-21 18:00:00,ETH/BTC,0.0672125,0.0674425,0.0672025,0.0673425,301.0466901659427,20.2732367325
1658422800000.0,2022-07-21 17:00:00,ETH/BTC,0.0676525,0.067665,0.067165,0.0672125,508.23346762135026,34.1596419425
1658419200000.0,2022-07-21 16:00:00,ETH/BTC,0.066735,0.06788,0.0666625,0.0676525,3715.7648966778756,251.3807846725
1658415600000.0,2022-07-21 15:00:00,ETH/BTC,0.066485,0.066855,0.0664625,0.066735,617.9142984191204,41.236510705
1658412000000.0,2022-07-21 14:00:00,ETH/BTC,0.0663075,0.066505,0.0661975,0.066485,298.8397734827405,19.86836234
1658408400000.0,2022-07-21 13:00:00,ETH/BTC,0.066045,0.0663375,0.065935,0.0663075,302.4419987180937,20.05417283
1658404800000.0,2022-07-21 12:00:00,ETH/BTC,0.0658575,0.066315,0.065805,0.066045,380.93133015368306,25.1586097
1658401200000.0,2022-07-21 11:00:00,ETH/BTC,0.06549,0.066035,0.06544,0.0658575,568.4859728580648,37.4390649575
1658397600000.0,2022-07-21 10:00:00,ETH/BTC,0.0657125,0.0659275,0.0654625,0.06549,536.6236759810658,35.14348454
1658394000000.0,2022-07-21 09:00:00,ETH/BTC,0.0651375,0.0659175,0.06513,0.0657125,1395.526099334221,91.7035088025
1658390400000.0,2022-07-21 08:00:00,ETH/BTC,0.0648775,0.0652375,0.06486,0.0651375,194.6938444060641,12.68187029
1658386800000.0,2022-07-21 07:00:00,ETH/BTC,0.0647225,0.0649675,0.064635,0.0648775,2341.7703211436938,151.92820401
1658383200000.0,2022-07-21 06:00:00,ETH/BTC,0.0650175,0.0650325,0.0646025,0.0647225,2622.044673683804,169.7052863925
1658379600000.0,2022-07-21 05:00:00,ETH/BTC,0.0649075,0.0650875,0.0647925,0.0650175,2610.955795670396,169.757818445
1658376000000.0,2022-07-21 04:00:00,ETH/BTC,0.0653125,0.06537,0.0645525,0.0649075,1019.4754371605745,66.1716019375
1658372400000.0,2022-07-21 03:00:00,ETH/BTC,0.0655925,0.06562,0.0652575,0.0653125,579.8732768612441,37.872973395
1658368800000.0,2022-07-21 02:00:00,ETH/BTC,0.06587,0.0659275,0.065385,0.0655925,891.7011527613676,58.4889078625
1658365200000.0,2022-07-21 01:00:00,ETH/BTC,0.065715,0.066285,0.0656525,0.06587,1060.9206280173069,69.8828417675
1658361600000.0,2022-07-21 00:00:00,ETH/BTC,0.06552,0.065845,0.065425,0.065715,188.53821665525376,12.3897889075
1658358000000.0,2022-07-20 23:00:00,ETH/BTC,0.0655,0.0656225,0.065205,0.0655225,329.25497401655923,21.573609035
1658354400000.0,2022-07-20 22:00:00,ETH/BTC,0.0654775,0.06573,0.0653975,0.0655,818.759298129771,53.6287340275
1658350800000.0,2022-07-20 21:00:00,ETH/BTC,0.0654,0.0659375,0.0650975,0.0654775,3366.8704034592038,220.4542568425
1658347200000.0,2022-07-20 20:00:00,ETH/BTC,0.0655725,0.0658475,0.06484,0.0654,3868.9900564220184,253.03194969
1658343600000.0,2022-07-20 19:00:00,ETH/BTC,0.06567,0.065825,0.0655375,0.0655725,510.393588852034,33.467783605
1658340000000.0,2022-07-20 18:00:00,ETH/BTC,0.0657525,0.0659975,0.0656075,0.06567,592.7434380615197,38.9254615775
1658336400000.0,2022-07-20 17:00:00,ETH/BTC,0.06577,0.066015,0.0656125,0.0657525,545.018729630052,35.83634402
1658332800000.0,2022-07-20 16:00:00,ETH/BTC,0.0660525,0.0662125,0.065435,0.06577,1213.2739584917135,79.79702825
1658329200000.0,2022-07-20 15:00:00,ETH/BTC,0.066375,0.0664375,0.06597,0.0660525,1247.4068891412135,82.394343545
1658325600000.0,2022-07-20 14:00:00,ETH/BTC,0.0668525,0.06711,0.066305,0.066375,271.0886303201507,17.9935078375
1658322000000.0,2022-07-20 13:00:00,ETH/BTC,0.0673075,0.067465,0.066805,0.0668525,519.6812331625594,34.74198964
1658318400000.0,2022-07-20 12:00:00,ETH/BTC,0.0675675,0.0679375,0.0671275,0.0673075,2139.257019982914,143.9880418725
1658314800000.0,2022-07-20 11:00:00,ETH/BTC,0.06718,0.067785,0.0670825,0.0675675,2195.50686998187,148.3449104375
1658311200000.0,2022-07-20 10:00:00,ETH/BTC,0.0658975,0.067385,0.0658375,0.06718,2837.2581235114612,190.6070007375
1658307600000.0,2022-07-20 09:00:00,ETH/BTC,0.0655575,0.066005,0.0655125,0.0658975,147.01123028187718,9.6876725475
1658304000000.0,2022-07-20 08:00:00,ETH/BTC,0.0654875,0.06577,0.065395,0.0655575,998.7726289135492,65.47703662
1658300400000.0,2022-07-20 07:00:00,ETH/BTC,0.0660125,0.06607,0.065475,0.0654875,1000.7406757778202,65.536005005
1658296800000.0,2022-07-20 06:00:00,ETH/BTC,0.0667425,0.0669,0.0660025,0.0660125,1455.159715432683,96.058730715
1658293200000.0,2022-07-20 05:00:00,ETH/BTC,0.0667775,0.06702,0.0667225,0.0667425,249.641928943327,16.6617264425
1658289600000.0,2022-07-20 04:00:00,ETH/BTC,0.0666325,0.066895,0.0666025,0.0667775,215.42802459660814,14.3857449125
1658286000000.0,2022-07-20 03:00:00,ETH/BTC,0.0661675,0.0667025,0.0661325,0.0666325,979.327541439988,65.255042405
1658282400000.0,2022-07-20 02:00:00,ETH/BTC,0.066185,0.0662275,0.0659175,0.0661675,1116.7567746250047,73.893003885
1658278800000.0,2022-07-20 01:00:00,ETH/BTC,0.0660925,0.0664425,0.0660725,0.066185,331.64044791115816,21.949623045
1658275200000.0,2022-07-20 00:00:00,ETH/BTC,0.0659275,0.0660975,0.06548,0.0660925,496.99758682906537,32.8478130075
1658271600000.0,2022-07-19 23:00:00,ETH/BTC,0.06652,0.0668125,0.0656525,0.0659275,1105.4090482727238,72.87685503
1658268000000.0,2022-07-19 22:00:00,ETH/BTC,0.06662,0.0668975,0.066485,0.06652,455.66012244437763,30.310511345
1658264400000.0,2022-07-19 21:00:00,ETH/BTC,0.0669125,0.06747,0.0666,0.066635,562.4282046221955,37.477403415
1658260800000.0,2022-07-19 20:00:00,ETH/BTC,0.06671,0.067095,0.0667,0.0669125,299.27213338314965,20.025046625
1658257200000.0,2022-07-19 19:00:00,ETH/BTC,0.0671475,0.06738,0.066665,0.06671,470.4561231449557,31.384127975
1658253600000.0,2022-07-19 18:00:00,ETH/BTC,0.0671325,0.0672975,0.0668275,0.0671475,536.6948321233107,36.03771624
1658250000000.0,2022-07-19 17:00:00,ETH/BTC,0.0673275,0.06749,0.06706,0.0671325,331.8561587159722,22.278333575
1658246400000.0,2022-07-19 16:00:00,ETH/BTC,0.0665875,0.0677,0.066225,0.0673275,3114.01730670974,209.6590002175
1658242800000.0,2022-07-19 15:00:00,ETH/BTC,0.06841,0.06841,0.066325,0.0665875,3639.1224047681626,242.3200631275
1658239200000.0,2022-07-19 14:00:00,ETH/BTC,0.069885,0.0698875,0.068365,0.06841,2527.0401457023827,172.8748163675
1658235600000.0,2022-07-19 13:00:00,ETH/BTC,0.0703725,0.0704675,0.06973,0.069885,1394.7679625456105,97.4733590625
1658232000000.0,2022-07-19 12:00:00,ETH/BTC,0.0701625,0.0704675,0.0700375,0.0703725,430.6288998898717,30.3044322575
1658228400000.0,2022-07-19 11:00:00,ETH/BTC,0.0700725,0.07025,0.0699025,0.0701625,495.38745843577414,34.7576225525
1658224800000.0,2022-07-19 10:00:00,ETH/BTC,0.0700125,0.070385,0.06968,0.0700725,611.206567840451,42.828772225
1658221200000.0,2022-07-19 09:00:00,ETH/BTC,0.07003,0.0700775,0.0697375,0.0700125,414.6338212104981,29.0295504075
1658217600000.0,2022-07-19 08:00:00,ETH/BTC,0.06942,0.070115,0.06938,0.07003,480.56422497501075,33.653912675
1658214000000.0,2022-07-19 07:00:00,ETH/BTC,0.06976,0.0698475,0.069415,0.06942,2057.7359693171998,142.84803099
1658210400000.0,2022-07-19 06:00:00,ETH/BTC,0.069545,0.0698,0.0693325,0.06976,1453.3126129587156,101.38308788
1658206800000.0,2022-07-19 05:00:00,ETH/BTC,0.06942,0.06981,0.06933,0.069545,825.7191095333957,57.4246354725
1658203200000.0,2022-07-19 04:00:00,ETH/BTC,0.0692325,0.069485,0.06878,0.06942,391.4372112143475,27.1735712025
1658199600000.0,2022-07-19 03:00:00,ETH/BTC,0.0689625,0.069515,0.06881,0.0692325,551.8589425125483,38.2065742375
1658196000000.0,2022-07-19 02:00:00,ETH/BTC,0.0692775,0.069315,0.0688,0.0689625,360.8219358709444,24.8831827525
1658192400000.0,2022-07-19 01:00:00,ETH/BTC,0.0698175,0.069945,0.0692025,0.0692775,723.1583054743603,50.0985995075
1658188800000.0,2022-07-19 00:00:00,ETH/BTC,0.0704625,0.0709875,0.069275,0.06982,2070.4239906545404,144.5570030275
1658185200000.0,2022-07-18 23:00:00,ETH/BTC,0.0694975,0.07082,0.069485,0.0704625,3192.9723348589678,224.984813145
1658181600000.0,2022-07-18 22:00:00,ETH/BTC,0.06866,0.069585,0.0686525,0.0694975,1202.0496047339832,83.539442405
1658178000000.0,2022-07-18 21:00:00,ETH/BTC,0.0684525,0.06875,0.06844,0.06866,775.6035351369064,53.2529387225
1658174400000.0,2022-07-18 20:00:00,ETH/BTC,0.0680725,0.06853,0.06792,0.0684525,514.6613770132574,35.22985791
1658170800000.0,2022-07-18 19:00:00,ETH/BTC,0.067545,0.0681,0.0673125,0.06807,3376.002280740414,229.80447525
1658167200000.0,2022-07-18 18:00:00,ETH/BTC,0.0671725,0.067615,0.0671125,0.067545,650.1963753423644,43.9175141725
1658163600000.0,2022-07-18 17:00:00,ETH/BTC,0.06737,0.067415,0.0668775,0.0671725,971.1234748595035,65.232791615
1658160000000.0,2022-07-18 16:00:00,ETH/BTC,0.0670825,0.0677025,0.0670175,0.06737,731.1654987012023,49.2586196475
1658156400000.0,2022-07-18 15:00:00,ETH/BTC,0.066885,0.0671525,0.06658,0.0670825,1046.063669623225,70.1725661175
1658152800000.0,2022-07-18 14:00:00,ETH/BTC,0.06663,0.06698,0.0665575,0.0668575,869.7309095838164,58.1480342875
1658149200000.0,2022-07-18 13:00:00,ETH/BTC,0.0666475,0.066915,0.0665475,0.06663,500.7551147756267,33.3653132975
1658145600000.0,2022-07-18 12:00:00,ETH/BTC,0.066825,0.06692,0.0664525,0.0666475,662.0368644735362,44.123101925
1658142000000.0,2022-07-18 11:00:00,ETH/BTC,0.06688,0.067135,0.066625,0.066825,545.0865191545081,36.4254066425
1658138400000.0,2022-07-18 10:00:00,ETH/BTC,0.066735,0.0674575,0.0664,0.06688,1445.8546596889953,96.69875964
1658134800000.0,2022-07-18 09:00:00,ETH/BTC,0.0663175,0.0668125,0.06613,0.066735,573.7734487899902,38.290771105
1658131200000.0,2022-07-18 08:00:00,ETH/BTC,0.06594,0.066575,0.0656525,0.0663175,1465.4206713914125,97.183035375
1658127600000.0,2022-07-18 07:00:00,ETH/BTC,0.0655175,0.066,0.06534,0.06594,368.5081786472551,24.2994293
1658124000000.0,2022-07-18 06:00:00,ETH/BTC,0.0655625,0.06573,0.06511,0.0655175,1254.1045899950395,82.165797475
1658120400000.0,2022-07-18 05:00:00,ETH/BTC,0.06633,0.06726,0.06556,0.0655625,2611.3082534223067,171.203897365
1658116800000.0,2022-07-18 04:00:00,ETH/BTC,0.0660925,0.06633,0.06585,0.06633,1173.7896294286145,77.85746612
1658113200000.0,2022-07-18 03:00:00,ETH/BTC,0.066225,0.066595,0.0658425,0.0660925,1022.4057946816961,67.573354985
1658109600000.0,2022-07-18 02:00:00,ETH/BTC,0.0648025,0.0664175,0.0647925,0.066225,2381.182791732729,157.6938303825
1658106000000.0,2022-07-18 01:00:00,ETH/BTC,0.064735,0.0651125,0.06467,0.0648025,584.3707612746422,37.8686862575
1658102400000.0,2022-07-18 00:00:00,ETH/BTC,0.064355,0.064855,0.064325,0.064735,485.04671074380167,31.39949882
1658098800000.0,2022-07-17 23:00:00,ETH/BTC,0.0647575,0.064825,0.06431,0.064355,1429.4341921373632,91.991237435
1658095200000.0,2022-07-17 22:00:00,ETH/BTC,0.06495,0.06526,0.064495,0.0647575,917.8833852835579,59.4398333225
1658091600000.0,2022-07-17 21:00:00,ETH/BTC,0.0641925,0.0650275,0.06414,0.06495,1089.4635285989223,70.7606561825
1658088000000.0,2022-07-17 20:00:00,ETH/BTC,0.064085,0.06428,0.0638975,0.0641925,452.78316205164157,29.06528313
1658084400000.0,2022-07-17 19:00:00,ETH/BTC,0.06369,0.06419,0.06369,0.064085,191.3097909807287,12.260087955
1658080800000.0,2022-07-17 18:00:00,ETH/BTC,0.06342,0.0638175,0.0632825,0.06369,910.0087166352646,57.9584551625
1658077200000.0,2022-07-17 17:00:00,ETH/BTC,0.0635775,0.0647775,0.063305,0.06342,2489.099145025228,157.8586677775
1658073600000.0,2022-07-17 16:00:00,ETH/BTC,0.0638425,0.063885,0.0635725,0.0635775,346.8788335889269,22.0536890425
1658070000000.0,2022-07-17 15:00:00,ETH/BTC,0.0637125,0.063865,0.06358,0.0638425,329.60517374789526,21.042818305
1658066400000.0,2022-07-17 14:00:00,ETH/BTC,0.0634,0.06393,0.0634,0.0637125,353.1120807533843,22.497653445
1658062800000.0,2022-07-17 13:00:00,ETH/BTC,0.0633875,0.064015,0.062875,0.0634,834.822461159306,52.9277440375
1658059200000.0,2022-07-17 12:00:00,ETH/BTC,0.06353,0.0636175,0.063205,0.0633875,360.1262759613489,22.8275043175
1658055600000.0,2022-07-17 11:00:00,ETH/BTC,0.0634875,0.0637175,0.06334,0.06353,242.45792204470328,15.4033517875
1658052000000.0,2022-07-17 10:00:00,ETH/BTC,0.06347,0.0635075,0.0629925,0.0634875,427.9685443591258,27.17065296
1658048400000.0,2022-07-17 09:00:00,ETH/BTC,0.06371,0.0638925,0.0634575,0.06347,382.8214287064755,24.29767608
1658044800000.0,2022-07-17 08:00:00,ETH/BTC,0.0634225,0.0637375,0.0634,0.06371,465.051509692356,29.6284316825
1658041200000.0,2022-07-17 07:00:00,ETH/BTC,0.0636975,0.0637,0.0633025,0.0634225,561.0863680870352,35.58550018
1658037600000.0,2022-07-17 06:00:00,ETH/BTC,0.063275,0.063925,0.0632525,0.0636975,703.4098132187291,44.8054465775
1658034000000.0,2022-07-17 05:00:00,ETH/BTC,0.06357,0.063745,0.0632375,0.063275,212.42288802844726,13.44105824
1658030400000.0,2022-07-17 04:00:00,ETH/BTC,0.06347,0.0636575,0.063315,0.0635725,248.44238931928112,15.794103795
1658026800000.0,2022-07-17 03:00:00,ETH/BTC,0.063455,0.0637675,0.0633575,0.06347,363.30763392153773,23.059135525
1658023200000.0,2022-07-17 02:00:00,ETH/BTC,0.0632675,0.0634925,0.0632,0.063455,476.97969060751717,30.2667462675
1658019600000.0,2022-07-17 01:00:00,ETH/BTC,0.06402,0.06413,0.062955,0.0632675,1028.4942433318843,65.07025954
1658016000000.0,2022-07-17 00:00:00,ETH/BTC,0.0639625,0.06494,0.06395,0.06402,1515.937077749141,97.0502917175
1658012400000.0,2022-07-16 23:00:00,ETH/BTC,0.0637725,0.06405,0.0634275,0.0639625,420.3935207348055,26.88942057
1658008800000.0,2022-07-16 22:00:00,ETH/BTC,0.06345,0.063825,0.06326,0.0637725,398.1114265161316,25.3885609475
1658005200000.0,2022-07-16 21:00:00,ETH/BTC,0.063535,0.0638075,0.0632725,0.06345,350.77377911741524,22.256596285
1658001600000.0,2022-07-16 20:00:00,ETH/BTC,0.06303,0.063535,0.062835,0.063535,739.4141827339262,46.9786801
1657998000000.0,2022-07-16 19:00:00,ETH/BTC,0.0627625,0.0634375,0.06273,0.06303,905.9552756227192,57.1023610225
1657994400000.0,2022-07-16 18:00:00,ETH/BTC,0.0625275,0.0628875,0.0623275,0.0627625,649.2773326827325,40.7502685925
1657990800000.0,2022-07-16 17:00:00,ETH/BTC,0.06329,0.063465,0.06249,0.0625275,1323.8138336731836,82.774769485
1657987200000.0,2022-07-16 16:00:00,ETH/BTC,0.0608625,0.0665325,0.0608,0.06329,8933.571260112181,565.4057250525
1657983600000.0,2022-07-16 15:00:00,ETH/BTC,0.059805,0.06094,0.0598025,0.0608625,1415.3111945779422,86.13937758
1657980000000.0,2022-07-16 14:00:00,ETH/BTC,0.05926,0.05988,0.059195,0.059805,1285.2345043474627,76.8634495325
1657976400000.0,2022-07-16 13:00:00,ETH/BTC,0.058715,0.059405,0.0586425,0.05926,1630.41127020756,96.6181718725
1657972800000.0,2022-07-16 12:00:00,ETH/BTC,0.058105,0.058805,0.058095,0.058715,782.9728553606403,45.9722512025
1657969200000.0,2022-07-16 11:00:00,ETH/BTC,0.0580475,0.0582875,0.0580175,0.058105,928.4538610274503,53.947811595
1657965600000.0,2022-07-16 10:00:00,ETH/BTC,0.0580775,0.05827,0.05794,0.0580475,1366.9867235884403,79.3501618375
1657962000000.0,2022-07-16 09:00:00,ETH/BTC,0.0581375,0.0582075,0.0580425,0.0580775,732.3923851319358,42.5355187475
1657958400000.0,2022-07-16 08:00:00,ETH/BTC,0.05827,0.0584075,0.0580975,0.0581375,729.160859342077,42.39158946
1657954800000.0,2022-07-16 07:00:00,ETH/BTC,0.058315,0.05846,0.0581325,0.05827,1702.2166930238543,99.1881667025
1657951200000.0,2022-07-16 06:00:00,ETH/BTC,0.0586225,0.05871,0.05826,0.058315,971.2579296064478,56.638906165
1657947600000.0,2022-07-16 05:00:00,ETH/BTC,0.0589075,0.058935,0.0585425,0.0586225,1355.5772101582158,79.4673250025
1657944000000.0,2022-07-16 04:00:00,ETH/BTC,0.05894,0.05894,0.058665,0.0589075,685.5597307218945,40.3846098375
1657940400000.0,2022-07-16 03:00:00,ETH/BTC,0.058915,0.059055,0.0588825,0.05894,245.6531356888361,14.4787958175
1657936800000.0,2022-07-16 02:00:00,ETH/BTC,0.05889,0.0589175,0.058655,0.058915,231.8085095476534,13.65699834
1657933200000.0,2022-07-16 01:00:00,ETH/BTC,0.05864,0.0590175,0.0585975,0.05889,560.2284832314485,32.9918553775
1657929600000.0,2022-07-16 00:00:00,ETH/BTC,0.0591125,0.0592375,0.05864,0.05864,571.8345385402455,33.53237734
1657926000000.0,2022-07-15 23:00:00,ETH/BTC,0.0597925,0.05981,0.059105,0.0591125,842.1567611757242,49.781991545
1657922400000.0,2022-07-15 22:00:00,ETH/BTC,0.0599425,0.0599975,0.059705,0.0597925,408.77003896809805,24.441382555
1657918800000.0,2022-07-15 21:00:00,ETH/BTC,0.06005,0.060135,0.059675,0.0599425,315.5901076865329,18.91726003
1657915200000.0,2022-07-15 20:00:00,ETH/BTC,0.059865,0.06073,0.0597975,0.06005,2483.3872826394672,149.1274063225
1657911600000.0,2022-07-15 19:00:00,ETH/BTC,0.05967,0.06011,0.0596,0.059865,2434.210875803892,145.72403408
1657908000000.0,2022-07-15 18:00:00,ETH/BTC,0.0587575,0.0596925,0.0587475,0.05967,713.0034936735377,42.5449184675
1657904400000.0,2022-07-15 17:00:00,ETH/BTC,0.0583875,0.05905,0.0583775,0.0587575,931.0309035867762,54.7050483175
1657900800000.0,2022-07-15 16:00:00,ETH/BTC,0.0587825,0.0589325,0.058275,0.0583875,1336.2930259473344,78.0228090525
1657897200000.0,2022-07-15 15:00:00,ETH/BTC,0.05879,0.05901,0.0587525,0.0587825,853.052152213669,50.1445381375
1657893600000.0,2022-07-15 14:00:00,ETH/BTC,0.0585975,0.05891,0.0585925,0.05879,1031.4078357713897,60.636466665
1657890000000.0,2022-07-15 13:00:00,ETH/BTC,0.0584975,0.058605,0.0583,0.0585975,1321.6223417381289,77.44376517
1657886400000.0,2022-07-15 12:00:00,ETH/BTC,0.0583175,0.05875,0.05811,0.0584975,980.9908773024488,57.385513845
1657882800000.0,2022-07-15 11:00:00,ETH/BTC,0.0584775,0.05871,0.0581875,0.0583175,676.6007835126677,39.4576661925
1657879200000.0,2022-07-15 10:00:00,ETH/BTC,0.0583425,0.05854,0.058275,0.0584775,595.3972409901245,34.81734216
1657875600000.0,2022-07-15 09:00:00,ETH/BTC,0.05777,0.0585325,0.05777,0.0583425,1022.852406693234,59.6757665375
1657872000000.0,2022-07-15 08:00:00,ETH/BTC,0.0581825,0.0583425,0.05777,0.05777,1688.562889951532,97.5482781525
1657868400000.0,2022-07-15 07:00:00,ETH/BTC,0.0581525,0.0583725,0.058035,0.0581825,1963.7370534095303,114.25513111
1657864800000.0,2022-07-15 06:00:00,ETH/BTC,0.0584525,0.0584675,0.0580825,0.0581525,609.6217561583767,35.451029175
1657861200000.0,2022-07-15 05:00:00,ETH/BTC,0.05806,0.0584525,0.0579675,0.0584525,1249.4763119199351,73.0350141225
1657857600000.0,2022-07-15 04:00:00,ETH/BTC,0.0582325,0.05855,0.0580475,0.05806,668.3165294522906,38.8024577
1657854000000.0,2022-07-15 03:00:00,ETH/BTC,0.058375,0.05841,0.0581525,0.0582325,893.3070408706478,52.0195022575
1657850400000.0,2022-07-15 02:00:00,ETH/BTC,0.05863,0.0588375,0.0583175,0.058375,1702.4319692933618,99.3794662075
1657846800000.0,2022-07-15 01:00:00,ETH/BTC,0.057975,0.0586875,0.0579625,0.05863,1884.3160405509125,110.4774494575
1657843200000.0,2022-07-15 00:00:00,ETH/BTC,0.0579575,0.058055,0.057845,0.057975,1325.9455856403624,76.8716953275
1657839600000.0,2022-07-14 23:00:00,ETH/BTC,0.0579175,0.0580925,0.0578425,0.0579575,99.79533839451322,5.783888325
1657836000000.0,2022-07-14 22:00:00,ETH/BTC,0.05773,0.0580525,0.0577025,0.0579175,713.0562772909743,41.29843694
1657832400000.0,2022-07-14 21:00:00,ETH/BTC,0.057715,0.0578675,0.0575225,0.05773,328.5022073445349,18.96443243
1657828800000.0,2022-07-14 20:00:00,ETH/BTC,0.057945,0.0581325,0.0577125,0.057715,2326.281075976782,134.2613123
1657825200000.0,2022-07-14 19:00:00,ETH/BTC,0.0577175,0.0581075,0.0575325,0.057945,1097.0566135128138,63.56894547
1657821600000.0,2022-07-14 18:00:00,ETH/BTC,0.0576575,0.0579525,0.057535,0.0577175,1946.756036687313,112.3618915475
1657818000000.0,2022-07-14 17:00:00,ETH/BTC,0.0564025,0.05784,0.056355,0.0576575,3534.812499848242,203.80845171
1657814400000.0,2022-07-14 16:00:00,ETH/BTC,0.05595,0.05646,0.05595,0.0564025,2695.8530442799524,152.05285133
1657810800000.0,2022-07-14 15:00:00,ETH/BTC,0.0551425,0.05618,0.0551175,0.05595,2627.785615326184,147.0246051775
1657807200000.0,2022-07-14 14:00:00,ETH/BTC,0.05489,0.0552425,0.0547675,0.0551425,260.43388688398244,14.3609756075
1657803600000.0,2022-07-14 13:00:00,ETH/BTC,0.0549475,0.0550075,0.0547125,0.05489,304.70399421570414,16.7252022425
1657800000000.0,2022-07-14 12:00:00,ETH/BTC,0.05479,0.054985,0.05466,0.0549475,416.9133810910414,22.9083480075
1657796400000.0,2022-07-14 11:00:00,ETH/BTC,0.0549625,0.05499,0.0545475,0.05479,488.3127511407191,26.754655635
1657792800000.0,2022-07-14 10:00:00,ETH/BTC,0.05494,0.0550225,0.0548425,0.0549625,361.9540682738231,19.8939004775
1657789200000.0,2022-07-14 09:00:00,ETH/BTC,0.0548675,0.05494,0.0546325,0.05494,362.57212176920274,19.91971237
1657785600000.0,2022-07-14 08:00:00,ETH/BTC,0.05491,0.05491,0.05471,0.0548675,215.79268551510458,11.8400051725
1657782000000.0,2022-07-14 07:00:00,ETH/BTC,0.05503,0.0550575,0.0548625,0.05491,362.77492478601346,19.91997112
1657778400000.0,2022-07-14 06:00:00,ETH/BTC,0.054995,0.05512,0.0548325,0.05503,714.6177864801017,39.32541679
1657774800000.0,2022-07-14 05:00:00,ETH/BTC,0.0550675,0.0551275,0.05496,0.054995,233.79508955359577,12.85756095
1657771200000.0,2022-07-14 04:00:00,ETH/BTC,0.0550175,0.0551325,0.0549425,0.0550675,388.6092129659055,21.399737835
1657767600000.0,2022-07-14 03:00:00,ETH/BTC,0.054915,0.055075,0.0548775,0.0550175,709.7455767710273,39.04842727
1657764000000.0,2022-07-14 02:00:00,ETH/BTC,0.0549225,0.0550025,0.0548075,0.054915,1144.7638682509335,62.864707825
1657760400000.0,2022-07-14 01:00:00,ETH/BTC,0.054865,0.0551825,0.0548575,0.0549225,549.0279580772907,30.1539880275
1657756800000.0,2022-07-14 00:00:00,ETH/BTC,0.0551,0.055125,0.0547225,0.054865,402.6615382302014,22.092025295
1657753200000.0,2022-07-13 23:00:00,ETH/BTC,0.05473,0.055235,0.0546575,0.0550975,388.63998811198326,21.413091745
1657749600000.0,2022-07-13 22:00:00,ETH/BTC,0.054735,0.05491,0.0546125,0.05473,146.8412921615202,8.03662392
1657746000000.0,2022-07-13 21:00:00,ETH/BTC,0.054715,0.054995,0.0546725,0.054735,112.27605147529003,6.1454296775
1657742400000.0,2022-07-13 20:00:00,ETH/BTC,0.0547775,0.05489,0.0546725,0.054715,385.8522089920497,21.111903615
1657738800000.0,2022-07-13 19:00:00,ETH/BTC,0.05497,0.055045,0.05471,0.0547775,781.5606698918351,42.811939595
1657735200000.0,2022-07-13 18:00:00,ETH/BTC,0.0550375,0.0550575,0.05487,0.05497,762.6812010187375,41.92458562
1657731600000.0,2022-07-13 17:00:00,ETH/BTC,0.05467,0.05506,0.054595,0.0550375,1973.6655901430843,108.6256199175
1657728000000.0,2022-07-13 16:00:00,ETH/BTC,0.0545075,0.05484,0.054395,0.05467,1408.3303563654654,76.9934205825
1657724400000.0,2022-07-13 15:00:00,ETH/BTC,0.0544775,0.054605,0.0543075,0.0545075,974.0539255607026,53.0932443475
1657720800000.0,2022-07-13 14:00:00,ETH/BTC,0.0540075,0.0544975,0.0537875,0.0544775,1798.663760772796,97.9867050275
1657717200000.0,2022-07-13 13:00:00,ETH/BTC,0.05369,0.0541125,0.05345,0.0540075,1947.8541830764248,105.1987347925
1657713600000.0,2022-07-13 12:00:00,ETH/BTC,0.054525,0.0549225,0.0531725,0.0536875,3567.937290570431,191.5536332875
1657710000000.0,2022-07-13 11:00:00,ETH/BTC,0.0541825,0.0545525,0.05415,0.054525,724.9267039889959,39.526628535
1657706400000.0,2022-07-13 10:00:00,ETH/BTC,0.05421,0.054335,0.0541625,0.0541825,488.2161737184515,26.4527728325
1657702800000.0,2022-07-13 09:00:00,ETH/BTC,0.05421,0.0542775,0.054085,0.0542075,748.5266172116404,40.5757566025
1657699200000.0,2022-07-13 08:00:00,ETH/BTC,0.05426,0.0543075,0.05403,0.05421,219.29966482198856,11.88823483
1657695600000.0,2022-07-13 07:00:00,ETH/BTC,0.0543025,0.0544,0.0538975,0.05426,394.10157330446,21.3839513675
1657692000000.0,2022-07-13 06:00:00,ETH/BTC,0.0542375,0.0543025,0.0541675,0.0543025,173.64467542930805,9.4293399875
1657688400000.0,2022-07-13 05:00:00,ETH/BTC,0.0539775,0.0543075,0.053975,0.0542375,425.7961793039871,23.094120275
1657684800000.0,2022-07-13 04:00:00,ETH/BTC,0.0540225,0.0541875,0.0539625,0.0539775,145.3163161502478,7.843811455
1657681200000.0,2022-07-13 03:00:00,ETH/BTC,0.0541675,0.0541775,0.053925,0.0540225,141.87160669165624,7.6642588725
1657677600000.0,2022-07-13 02:00:00,ETH/BTC,0.05389,0.0542575,0.053885,0.0541675,1675.4247044814695,90.75356768
1657674000000.0,2022-07-13 01:00:00,ETH/BTC,0.0536675,0.0539225,0.0536425,0.05389,961.3385959361661,51.806536935
1657670400000.0,2022-07-13 00:00:00,ETH/BTC,0.0537125,0.05397,0.053645,0.0536675,1102.7566210462571,59.18219096
1657666800000.0,2022-07-12 23:00:00,ETH/BTC,0.0538225,0.053925,0.0536,0.0537125,576.2622354200605,30.95248532
1657663200000.0,2022-07-12 22:00:00,ETH/BTC,0.053785,0.05389,0.0537575,0.0538225,208.95085842352174,11.2462575775
1657659600000.0,2022-07-12 21:00:00,ETH/BTC,0.0538175,0.05384,0.053605,0.053785,97.58158905828762,5.2484257675
1657656000000.0,2022-07-12 20:00:00,ETH/BTC,0.05368,0.053835,0.0534725,0.0538175,135.8120842662703,7.309066845
1657652400000.0,2022-07-12 19:00:00,ETH/BTC,0.053795,0.0537975,0.05346,0.05368,570.1113081687779,30.6035750225
1657648800000.0,2022-07-12 18:00:00,ETH/BTC,0.05415,0.05415,0.053795,0.053795,590.8967594571986,31.787291175
1657645200000.0,2022-07-12 17:00:00,ETH/BTC,0.05443,0.05443,0.0541225,0.05415,225.1241117728532,12.1904706525
1657641600000.0,2022-07-12 16:00:00,ETH/BTC,0.0541125,0.05447,0.054065,0.05443,1097.2790493753446,59.7248986575
1657638000000.0,2022-07-12 15:00:00,ETH/BTC,0.05403,0.0542475,0.0539625,0.0541125,618.0604513744514,33.444796175
1657634400000.0,2022-07-12 14:00:00,ETH/BTC,0.05395,0.054135,0.0538825,0.05403,118.56441199333703,6.40603518
1657630800000.0,2022-07-12 13:00:00,ETH/BTC,0.05397,0.054115,0.0538975,0.0539525,465.66437899077897,25.1237574075
1657627200000.0,2022-07-12 12:00:00,ETH/BTC,0.0539075,0.05397,0.0538025,0.05397,284.2870560033352,15.3429724125
1657623600000.0,2022-07-12 11:00:00,ETH/BTC,0.05394,0.0540825,0.0538575,0.0539075,1676.0001121829062,90.3489760475
1657620000000.0,2022-07-12 10:00:00,ETH/BTC,0.053805,0.054015,0.053765,0.05394,1137.2667173248053,61.3441667325
1657616400000.0,2022-07-12 09:00:00,ETH/BTC,0.0539625,0.054005,0.053685,0.053805,1347.5021976582102,72.502355745
1657612800000.0,2022-07-12 08:00:00,ETH/BTC,0.05418,0.0541825,0.053955,0.0539625,694.7226013435256,37.488968375
1657609200000.0,2022-07-12 07:00:00,ETH/BTC,0.054375,0.054375,0.0541125,0.0541825,989.761511327458,53.6277530875
1657605600000.0,2022-07-12 06:00:00,ETH/BTC,0.05447,0.05458,0.0543025,0.054375,846.7085616091954,46.0397780375
1657602000000.0,2022-07-12 05:00:00,ETH/BTC,0.054395,0.05452,0.0543925,0.05447,380.56090058747935,20.729152255
1657598400000.0,2022-07-12 04:00:00,ETH/BTC,0.0544625,0.05455,0.0543825,0.054395,464.87664040812575,25.286964855
1657594800000.0,2022-07-12 03:00:00,ETH/BTC,0.0546275,0.0546275,0.0543725,0.0544625,986.3205023181089,53.7174803575
1657591200000.0,2022-07-12 02:00:00,ETH/BTC,0.0548525,0.0548525,0.0545925,0.0546275,839.6456672921147,45.86774369
1657587600000.0,2022-07-12 01:00:00,ETH/BTC,0.054805,0.0549,0.0547025,0.0548525,1042.5927164668885,57.18881698
1657584000000.0,2022-07-12 00:00:00,ETH/BTC,0.05492,0.0549975,0.054715,0.054805,1361.9354390110393,74.640871735
1657580400000.0,2022-07-11 23:00:00,ETH/BTC,0.054915,0.05504,0.0548125,0.05492,1363.6091208120904,74.889412915
1657576800000.0,2022-07-11 22:00:00,ETH/BTC,0.0554175,0.05542,0.0545975,0.054915,1742.398526040244,95.6838150575
1657573200000.0,2022-07-11 21:00:00,ETH/BTC,0.05573,0.0557675,0.0553825,0.0554175,525.5370232778454,29.1239479875
1657569600000.0,2022-07-11 20:00:00,ETH/BTC,0.0556675,0.05573,0.0555175,0.05573,438.3477892517495,24.429122295
1657566000000.0,2022-07-11 19:00:00,ETH/BTC,0.05586,0.0558675,0.055605,0.0556675,514.4666899447614,28.6390744625
1657562400000.0,2022-07-11 18:00:00,ETH/BTC,0.05601,0.0560125,0.05577,0.05586,721.5058179377013,40.30331499
1657558800000.0,2022-07-11 17:00:00,ETH/BTC,0.0559125,0.0561,0.0559025,0.05601,483.8660856989823,27.10133946
1657555200000.0,2022-07-11 16:00:00,ETH/BTC,0.055955,0.05602,0.05585,0.0559125,443.87593852000896,24.8182134125
1657551600000.0,2022-07-11 15:00:00,ETH/BTC,0.0558675,0.055955,0.0557175,0.055955,812.7129458046644,45.4753528825
1657548000000.0,2022-07-11 14:00:00,ETH/BTC,0.0557825,0.055945,0.055655,0.0558675,690.6092762786951,38.5826137425
1657544400000.0,2022-07-11 13:00:00,ETH/BTC,0.0559975,0.0561025,0.05574,0.0557825,761.3514167525658,42.470085405
1657540800000.0,2022-07-11 12:00:00,ETH/BTC,0.05586,0.0560175,0.0557225,0.0559975,250.6776937809724,14.0373241575
1657537200000.0,2022-07-11 11:00:00,ETH/BTC,0.0557575,0.055985,0.0557575,0.05586,323.4254239169352,18.06654418
1657533600000.0,2022-07-11 10:00:00,ETH/BTC,0.0558325,0.05586,0.05569,0.0557575,217.07567394520916,12.10359689
1657530000000.0,2022-07-11 09:00:00,ETH/BTC,0.0556475,0.05587,0.0556425,0.0558325,399.29433985581875,22.29360123
1657526400000.0,2022-07-11 08:00:00,ETH/BTC,0.055925,0.0559975,0.0556325,0.0556475,499.71660281234557,27.807979655
1657522800000.0,2022-07-11 07:00:00,ETH/BTC,0.0558975,0.05601,0.05586,0.055925,349.42839132767097,19.541782785
1657519200000.0,2022-07-11 06:00:00,ETH/BTC,0.0559375,0.055995,0.0558225,0.0558975,634.8793425019007,35.4881680475
1657515600000.0,2022-07-11 05:00:00,ETH/BTC,0.05601,0.056095,0.0559,0.0559375,977.9789987039105,54.70570024
1657512000000.0,2022-07-11 04:00:00,ETH/BTC,0.0562075,0.0562075,0.055935,0.05601,757.9740676664882,42.45412753
1657508400000.0,2022-07-11 03:00:00,ETH/BTC,0.0559225,0.0562075,0.055835,0.0562075,364.6001147533692,20.49326095
1657504800000.0,2022-07-11 02:00:00,ETH/BTC,0.0560775,0.0561475,0.05592,0.0559225,530.8592184719924,29.686974645
1657501200000.0,2022-07-11 01:00:00,ETH/BTC,0.05622,0.05627,0.05601,0.0560775,2599.537537515046,145.77556626
1657497600000.0,2022-07-11 00:00:00,ETH/BTC,0.055995,0.0562375,0.05595,0.05622,814.2864304517965,45.77918312
1657494000000.0,2022-07-10 23:00:00,ETH/BTC,0.0560725,0.056105,0.0559475,0.055995,674.5471870256272,37.7712697375
1657490400000.0,2022-07-10 22:00:00,ETH/BTC,0.0559725,0.056095,0.0558825,0.0560725,379.61547349413706,21.2859886375
1657486800000.0,2022-07-10 21:00:00,ETH/BTC,0.0561475,0.0561475,0.055885,0.0559725,329.15467707356294,18.4236101625
1657483200000.0,2022-07-10 20:00:00,ETH/BTC,0.056135,0.05639,0.0561225,0.0561475,943.003161850483,52.94727003
1657479600000.0,2022-07-10 19:00:00,ETH/BTC,0.0560125,0.0561475,0.05596,0.056135,237.87821613075624,13.3532936625
1657476000000.0,2022-07-10 18:00:00,ETH/BTC,0.0560525,0.05608,0.055965,0.0560125,286.59839883954476,16.053092815
1657472400000.0,2022-07-10 17:00:00,ETH/BTC,0.0560025,0.05611,0.0560025,0.0560525,501.65789491994116,28.119179155
1657468800000.0,2022-07-10 16:00:00,ETH/BTC,0.0556675,0.056105,0.05566,0.0560025,527.375013794027,29.53431921
1657465200000.0,2022-07-10 15:00:00,ETH/BTC,0.0555575,0.0556775,0.05554,0.0556675,1062.9973707728925,59.1744061375
1657461600000.0,2022-07-10 14:00:00,ETH/BTC,0.055805,0.0558525,0.0553875,0.0555575,825.4392427665031,45.85934073
1657458000000.0,2022-07-10 13:00:00,ETH/BTC,0.0555975,0.0558375,0.0555225,0.055805,933.903963712929,52.116510695
1657454400000.0,2022-07-10 12:00:00,ETH/BTC,0.0555475,0.055655,0.0555325,0.0555975,225.32948140653804,12.5277558425
1657450800000.0,2022-07-10 11:00:00,ETH/BTC,0.0556125,0.0556125,0.055455,0.0555475,638.6238033214817,35.473955715
1657447200000.0,2022-07-10 10:00:00,ETH/BTC,0.0556575,0.0557075,0.0554325,0.0556125,597.7378932344346,33.2416985875
1657443600000.0,2022-07-10 09:00:00,ETH/BTC,0.055705,0.055765,0.0556425,0.0556575,86.13239024390245,4.79391351
1657440000000.0,2022-07-10 08:00:00,ETH/BTC,0.055745,0.0558,0.0555675,0.055705,177.50940736917693,9.8881615375
1657436400000.0,2022-07-10 07:00:00,ETH/BTC,0.0558125,0.0558725,0.055745,0.055745,32.59558328101175,1.81704079
1657432800000.0,2022-07-10 06:00:00,ETH/BTC,0.05588,0.05594,0.0558125,0.0558125,297.7482459574468,16.6180739775
1657429200000.0,2022-07-10 05:00:00,ETH/BTC,0.0560275,0.0560425,0.05588,0.05588,298.07588618468145,16.65648052
1657425600000.0,2022-07-10 04:00:00,ETH/BTC,0.0557975,0.0560925,0.05578,0.0560275,1338.852982954799,75.0125855025
1657422000000.0,2022-07-10 03:00:00,ETH/BTC,0.05589,0.05589,0.0557125,0.0557975,336.01821528742323,18.7489763675
1657418400000.0,2022-07-10 02:00:00,ETH/BTC,0.0565225,0.0565325,0.05586,0.05589,606.2390241545894,33.88269906
1657414800000.0,2022-07-10 01:00:00,ETH/BTC,0.05664,0.05675,0.0565025,0.0565225,486.5756680967756,27.5024732
1657411200000.0,2022-07-10 00:00:00,ETH/BTC,0.056375,0.05667,0.0563325,0.05664,646.748483315678,36.631834095
1657407600000.0,2022-07-09 23:00:00,ETH/BTC,0.0562375,0.0563975,0.0561825,0.056375,507.22896279379154,28.5950327775
1657404000000.0,2022-07-09 22:00:00,ETH/BTC,0.056265,0.05645,0.0561475,0.0562375,365.1799066903756,20.5368050025
1657400400000.0,2022-07-09 21:00:00,ETH/BTC,0.056255,0.05631,0.0562175,0.056265,285.4176497378477,16.0590240625
1657396800000.0,2022-07-09 20:00:00,ETH/BTC,0.056365,0.0563775,0.05623,0.056255,205.52836121233668,11.56199796
1657393200000.0,2022-07-09 19:00:00,ETH/BTC,0.05625,0.05638,0.05613,0.056365,938.7432399538721,52.91226272
1657389600000.0,2022-07-09 18:00:00,ETH/BTC,0.0561225,0.056305,0.0561225,0.05625,882.1478413333333,49.620816075
1657386000000.0,2022-07-09 17:00:00,ETH/BTC,0.056355,0.05638,0.05607,0.0561225,769.4269182146198,43.1821622175
1657382400000.0,2022-07-09 16:00:00,ETH/BTC,0.0563825,0.0564375,0.0563525,0.056355,395.40339126963,22.282958115
1657378800000.0,2022-07-09 15:00:00,ETH/BTC,0.05624,0.0563825,0.0562375,0.0563825,226.51607032323858,12.771542335
1657375200000.0,2022-07-09 14:00:00,ETH/BTC,0.0562875,0.056375,0.0561675,0.05624,530.5134182076814,29.83607464
1657371600000.0,2022-07-09 13:00:00,ETH/BTC,0.0564225,0.05644,0.056245,0.0562875,137.95099760159894,7.7649167775
1657368000000.0,2022-07-09 12:00:00,ETH/BTC,0.0564225,0.05648,0.0563475,0.0564225,231.77073299658824,13.0770841825
1657364400000.0,2022-07-09 11:00:00,ETH/BTC,0.0563425,0.056535,0.0561425,0.0564225,352.9767040187868,19.9158280825
1657360800000.0,2022-07-09 10:00:00,ETH/BTC,0.0563325,0.05638,0.0562625,0.0563425,299.5638308115544,16.8781751375
1657357200000.0,2022-07-09 09:00:00,ETH/BTC,0.05648,0.0564875,0.056295,0.0563325,147.51977206763414,8.31015756
1657353600000.0,2022-07-09 08:00:00,ETH/BTC,0.056565,0.05659,0.056385,0.05648,747.8783448565864,42.2401689175
1657350000000.0,2022-07-09 07:00:00,ETH/BTC,0.056475,0.05658,0.05633,0.056565,361.34310527711483,20.43937275
1657346400000.0,2022-07-09 06:00:00,ETH/BTC,0.0564475,0.0565525,0.0564425,0.056475,848.4869353696326,47.918299675
1657342800000.0,2022-07-09 05:00:00,ETH/BTC,0.0564875,0.0566,0.05629,0.0564475,1287.2139807785995,72.66001118
1657339200000.0,2022-07-09 04:00:00,ETH/BTC,0.0563025,0.0564875,0.0561675,0.0564875,242.09461442797078,13.6753195325
1657335600000.0,2022-07-09 03:00:00,ETH/BTC,0.0563225,0.05637,0.0561,0.0563025,400.38534714266683,22.5426960075
1657332000000.0,2022-07-09 02:00:00,ETH/BTC,0.0563675,0.056415,0.05621,0.0563225,402.0358214301567,22.6436625525
1657328400000.0,2022-07-09 01:00:00,ETH/BTC,0.056205,0.0565125,0.0561875,0.0563675,207.04956344524768,11.6708662675
1657324800000.0,2022-07-09 00:00:00,ETH/BTC,0.05621,0.0565675,0.0561575,0.056205,950.6606830353172,53.43188369
1657321200000.0,2022-07-08 23:00:00,ETH/BTC,0.0565425,0.0566375,0.055945,0.05621,665.0381210638676,37.381792785
1657317600000.0,2022-07-08 22:00:00,ETH/BTC,0.05663,0.0567375,0.056515,0.0565425,407.80089247026575,23.0580819625
1657314000000.0,2022-07-08 21:00:00,ETH/BTC,0.0568975,0.0570275,0.056545,0.05663,1341.7414048649127,75.9828157575
1657310400000.0,2022-07-08 20:00:00,ETH/BTC,0.0568575,0.05703,0.05678,0.0568975,631.7266211608595,35.9436654275
1657306800000.0,2022-07-08 19:00:00,ETH/BTC,0.05651,0.057045,0.0563425,0.0568575,526.674372290375,29.9453881225
1657303200000.0,2022-07-08 18:00:00,ETH/BTC,0.0563375,0.0565775,0.0563175,0.05651,85.74175902495135,4.8452668025
1657299600000.0,2022-07-08 17:00:00,ETH/BTC,0.05632,0.0564,0.0561625,0.0563375,142.7385282449523,8.041531835
1657296000000.0,2022-07-08 16:00:00,ETH/BTC,0.0562675,0.05649,0.0562275,0.05632,283.0991592684659,15.94414465
1657292400000.0,2022-07-08 15:00:00,ETH/BTC,0.05636,0.0564075,0.0560975,0.0562675,698.9053529124272,39.325656945
1657288800000.0,2022-07-08 14:00:00,ETH/BTC,0.05637,0.0565975,0.0562775,0.05636,1127.0325556689143,63.5195548375
1657285200000.0,2022-07-08 13:00:00,ETH/BTC,0.0566475,0.056865,0.056295,0.05637,485.9442992283129,27.3926801475
1657281600000.0,2022-07-08 12:00:00,ETH/BTC,0.0565825,0.0568825,0.0565425,0.0566475,298.8495211174368,16.9290782475
1657278000000.0,2022-07-08 11:00:00,ETH/BTC,0.056525,0.056705,0.056475,0.0565825,518.1463841293687,29.31801778
1657274400000.0,2022-07-08 10:00:00,ETH/BTC,0.05643,0.056695,0.0563925,0.056525,574.1634229986731,32.454587485
1657270800000.0,2022-07-08 09:00:00,ETH/BTC,0.0567975,0.05682,0.056355,0.05643,555.3197391015417,31.3366928775
1657267200000.0,2022-07-08 08:00:00,ETH/BTC,0.0569375,0.057055,0.05658,0.0567975,501.02374893261145,28.45689638
1657263600000.0,2022-07-08 07:00:00,ETH/BTC,0.05702,0.05702,0.05681,0.0569375,600.1693545993414,34.1721426275
1657260000000.0,2022-07-08 06:00:00,ETH/BTC,0.0569725,0.0570975,0.05697,0.05702,564.1507866538057,32.167877855
1657256400000.0,2022-07-08 05:00:00,ETH/BTC,0.0570175,0.05708,0.056855,0.0569725,289.3847249111413,16.48697124
1657252800000.0,2022-07-08 04:00:00,ETH/BTC,0.0568975,0.0570525,0.05687,0.0570175,712.4983720787478,40.62487593
1657249200000.0,2022-07-08 03:00:00,ETH/BTC,0.0570175,0.057115,0.0568025,0.0568975,451.60708321982514,25.6953140175
1657245600000.0,2022-07-08 02:00:00,ETH/BTC,0.057015,0.05703,0.0566625,0.0570175,1090.6862167755514,62.188201365
1657242000000.0,2022-07-08 01:00:00,ETH/BTC,0.0571625,0.057365,0.056605,0.057015,668.2491538630185,38.1002255075
1657238400000.0,2022-07-08 00:00:00,ETH/BTC,0.05721,0.05727,0.05703,0.0571625,300.60556011371096,17.18336533
1657234800000.0,2022-07-07 23:00:00,ETH/BTC,0.05685,0.0573525,0.0568475,0.05721,514.688038411117,29.4453026775
1657231200000.0,2022-07-07 22:00:00,ETH/BTC,0.05721,0.0572125,0.056735,0.05685,413.0387124890062,23.481250805
1657227600000.0,2022-07-07 21:00:00,ETH/BTC,0.0572625,0.0572775,0.05716,0.05721,163.41121543436464,9.348755635
1657224000000.0,2022-07-07 20:00:00,ETH/BTC,0.0571575,0.057365,0.05711,0.0572625,508.021741672124,29.0905949825
1657220400000.0,2022-07-07 19:00:00,ETH/BTC,0.0577475,0.05803,0.05715,0.0571575,1136.6500961816034,64.9680778725
1657216800000.0,2022-07-07 18:00:00,ETH/BTC,0.058455,0.0585475,0.057655,0.0577475,569.3573069396944,32.8789610825
1657213200000.0,2022-07-07 17:00:00,ETH/BTC,0.058475,0.0585475,0.0583725,0.058455,296.3948911983577,17.325763365
1657209600000.0,2022-07-07 16:00:00,ETH/BTC,0.0584175,0.0586025,0.058185,0.058475,385.28119465583586,22.5293178575
1657206000000.0,2022-07-07 15:00:00,ETH/BTC,0.058455,0.05855,0.05825,0.0584175,698.8775861257329,40.8266813875
1657202400000.0,2022-07-07 14:00:00,ETH/BTC,0.0582975,0.0587575,0.0581975,0.058455,1045.4499354631769,61.1117759775
1657198800000.0,2022-07-07 13:00:00,ETH/BTC,0.05812,0.058485,0.057995,0.0582975,506.7709281272782,29.5434781825
1657195200000.0,2022-07-07 12:00:00,ETH/BTC,0.057825,0.0581575,0.0577825,0.05812,383.344887345148,22.2800048525
1657191600000.0,2022-07-07 11:00:00,ETH/BTC,0.0578425,0.0578525,0.0576825,0.057825,186.31007505404236,10.77338009
1657188000000.0,2022-07-07 10:00:00,ETH/BTC,0.0576425,0.0578575,0.0576125,0.0578425,173.53703293426113,10.0378158275
1657184400000.0,2022-07-07 09:00:00,ETH/BTC,0.057805,0.057895,0.0576125,0.0576425,254.81764952075292,14.6883263625
1657180800000.0,2022-07-07 08:00:00,ETH/BTC,0.0575675,0.057905,0.0574875,0.057805,717.1364865496065,41.454074605
1657177200000.0,2022-07-07 07:00:00,ETH/BTC,0.05746,0.0575975,0.0574,0.0575675,164.0208762322491,9.4422717925
1657173600000.0,2022-07-07 06:00:00,ETH/BTC,0.05738,0.0574875,0.057355,0.05746,74.9188550295858,4.30483741
1657170000000.0,2022-07-07 05:00:00,ETH/BTC,0.05737,0.0575,0.0573525,0.05738,242.42015406064831,13.91006844
1657166400000.0,2022-07-07 04:00:00,ETH/BTC,0.0574175,0.05744,0.0571625,0.05737,288.42480407878685,16.54693101
1657162800000.0,2022-07-07 03:00:00,ETH/BTC,0.0573375,0.0575,0.05727,0.0574175,695.1972366003396,39.9164873325
1657159200000.0,2022-07-07 02:00:00,ETH/BTC,0.0577425,0.057785,0.0571775,0.0573375,1100.318219882276,63.0894959325
1657155600000.0,2022-07-07 01:00:00,ETH/BTC,0.0576925,0.0578375,0.0575975,0.0577425,704.5150361085855,40.6804594725
1657152000000.0,2022-07-07 00:00:00,ETH/BTC,0.0576975,0.057795,0.0575975,0.0576925,574.4193385622049,33.13968769
1657148400000.0,2022-07-06 23:00:00,ETH/BTC,0.05804,0.05837,0.0576975,0.0576975,772.1749777286711,44.5525657775
1657144800000.0,2022-07-06 22:00:00,ETH/BTC,0.0571025,0.0580775,0.05709,0.05804,1726.7653563059957,100.22146128
1657141200000.0,2022-07-06 21:00:00,ETH/BTC,0.05694,0.057115,0.056845,0.0571025,338.03405328137995,19.3025895275
1657137600000.0,2022-07-06 20:00:00,ETH/BTC,0.0567375,0.05707,0.056715,0.05694,930.5982821829997,52.9882661875
1657134000000.0,2022-07-06 19:00:00,ETH/BTC,0.0570375,0.0570825,0.05664,0.0567375,407.6305749283983,23.127939745
1657130400000.0,2022-07-06 18:00:00,ETH/BTC,0.056325,0.0570775,0.0561875,0.0570375,1032.1517289502522,58.87135424
1657126800000.0,2022-07-06 17:00:00,ETH/BTC,0.056415,0.0564475,0.0561825,0.056325,397.47227931646694,22.3876261325
1657123200000.0,2022-07-06 16:00:00,ETH/BTC,0.0562575,0.05646,0.0562425,0.056415,272.9408761854117,15.39795953
1657119600000.0,2022-07-06 15:00:00,ETH/BTC,0.05642,0.05643,0.0562125,0.0562575,288.63496622672534,16.2378816125
1657116000000.0,2022-07-06 14:00:00,ETH/BTC,0.0564225,0.0565175,0.0563325,0.05642,232.50639883906416,13.1180110225
1657112400000.0,2022-07-06 13:00:00,ETH/BTC,0.05637,0.056645,0.05623,0.0564225,616.498695866011,34.7843976675
1657108800000.0,2022-07-06 12:00:00,ETH/BTC,0.0564,0.0565075,0.056255,0.05637,816.8286035125066,46.04462838
1657105200000.0,2022-07-06 11:00:00,ETH/BTC,0.056645,0.0566525,0.0563375,0.0564,1330.6944641843972,75.05116778
1657101600000.0,2022-07-06 10:00:00,ETH/BTC,0.05677,0.0567975,0.05654,0.056645,365.0336763174155,20.677332595
1657098000000.0,2022-07-06 09:00:00,ETH/BTC,0.0565175,0.0569475,0.0565125,0.05677,1453.7565715606836,82.5297605675
1657094400000.0,2022-07-06 08:00:00,ETH/BTC,0.05651,0.05667,0.0564275,0.0565175,594.5519950900164,33.6025923825
1657090800000.0,2022-07-06 07:00:00,ETH/BTC,0.05649,0.05659,0.056335,0.05651,678.085402185454,38.3186060775
1657087200000.0,2022-07-06 06:00:00,ETH/BTC,0.0564575,0.0565475,0.05633,0.05649,203.16457961586121,11.4767671025
1657083600000.0,2022-07-06 05:00:00,ETH/BTC,0.0563325,0.0566,0.056325,0.0564575,358.99577474206257,20.2680039525
1657080000000.0,2022-07-06 04:00:00,ETH/BTC,0.0566875,0.05683,0.0563225,0.0563325,532.1710527670527,29.97852583
1657076400000.0,2022-07-06 03:00:00,ETH/BTC,0.056335,0.05673,0.0562725,0.0566875,269.1949910915105,15.2599910575
1657072800000.0,2022-07-06 02:00:00,ETH/BTC,0.0560975,0.0563875,0.0560125,0.0563375,610.1959002884403,34.3769115325
1657069200000.0,2022-07-06 01:00:00,ETH/BTC,0.0564525,0.0565325,0.0560725,0.0560975,1333.8508730335575,74.82569935
1657065600000.0,2022-07-06 00:00:00,ETH/BTC,0.056135,0.056645,0.0559825,0.0564525,1351.441383552544,76.292244705
1657062000000.0,2022-07-05 23:00:00,ETH/BTC,0.05635,0.05635,0.0560725,0.056135,203.93111810813218,11.447673315
1657058400000.0,2022-07-05 22:00:00,ETH/BTC,0.05658,0.0566275,0.0561875,0.05635,128.96709352262644,7.26729572
1657054800000.0,2022-07-05 21:00:00,ETH/BTC,0.05642,0.0566425,0.0563875,0.05658,1280.0169847560976,72.4233609975
1657051200000.0,2022-07-05 20:00:00,ETH/BTC,0.0562075,0.0566475,0.0562025,0.05642,393.2135221109536,22.1851069175
1657047600000.0,2022-07-05 19:00:00,ETH/BTC,0.05606,0.0563275,0.0558675,0.0562075,1006.8280898901392,56.5912898625
1657044000000.0,2022-07-05 18:00:00,ETH/BTC,0.05594,0.056215,0.0558325,0.05606,283.1236358811987,15.8719110275
1657040400000.0,2022-07-05 17:00:00,ETH/BTC,0.05604,0.0560875,0.0558725,0.05594,267.8011267429389,14.98079503
1657036800000.0,2022-07-05 16:00:00,ETH/BTC,0.05599,0.05609,0.055825,0.05604,419.6718515346181,23.51841056
1657033200000.0,2022-07-05 15:00:00,ETH/BTC,0.0561825,0.056205,0.055755,0.05599,514.1148240757278,28.785289
1657029600000.0,2022-07-05 14:00:00,ETH/BTC,0.0564375,0.05663,0.0560425,0.0561825,405.72091287322564,22.7944151875
1657026000000.0,2022-07-05 13:00:00,ETH/BTC,0.0564325,0.0566675,0.056295,0.0564375,518.4595196456257,29.26055914
1657022400000.0,2022-07-05 12:00:00,ETH/BTC,0.0569725,0.05701,0.056425,0.0564325,469.84719855579675,26.5146520325
1657018800000.0,2022-07-05 11:00:00,ETH/BTC,0.0571775,0.0572475,0.0568425,0.0569725,118.40145833516169,6.745627085
1657015200000.0,2022-07-05 10:00:00,ETH/BTC,0.0571675,0.0572275,0.0570275,0.0571775,104.97959074810896,6.00247055
1657011600000.0,2022-07-05 09:00:00,ETH/BTC,0.05719,0.0572875,0.0569,0.0571675,422.9087723356802,24.1766372425
1657008000000.0,2022-07-05 08:00:00,ETH/BTC,0.05729,0.05742,0.057,0.05719,594.1600203269803,33.9800115625
1657004400000.0,2022-07-05 07:00:00,ETH/BTC,0.057185,0.057445,0.057025,0.05729,596.2369647407925,34.15841571
1657000800000.0,2022-07-05 06:00:00,ETH/BTC,0.057065,0.05748,0.0570525,0.057185,595.1004839993005,34.0308211775
1656997200000.0,2022-07-05 05:00:00,ETH/BTC,0.0567625,0.0570875,0.056705,0.057065,613.0997289932534,34.986536035
1656993600000.0,2022-07-05 04:00:00,ETH/BTC,0.0567675,0.05683,0.05656,0.0567625,314.8757399251266,17.8731341875
1656990000000.0,2022-07-05 03:00:00,ETH/BTC,0.0567225,0.056955,0.056665,0.0567675,354.5917026908002,20.1292844825
1656986400000.0,2022-07-05 02:00:00,ETH/BTC,0.05674,0.0567775,0.05661,0.0567225,237.3308280664639,13.461997895
1656982800000.0,2022-07-05 01:00:00,ETH/BTC,0.05654,0.0568075,0.05642,0.05674,316.9326528022559,17.98275872
1656979200000.0,2022-07-05 00:00:00,ETH/BTC,0.0568775,0.0570625,0.0565375,0.05654,693.503733816767,39.21070111
1656975600000.0,2022-07-04 23:00:00,ETH/BTC,0.0566675,0.0571525,0.0566375,0.0568775,514.60249567052,29.2693034475
1656972000000.0,2022-07-04 22:00:00,ETH/BTC,0.056885,0.057255,0.0566375,0.0566675,591.0137255481536,33.4912702925
1656968400000.0,2022-07-04 21:00:00,ETH/BTC,0.05672,0.05726,0.0566625,0.056885,590.8664811461721,33.61143978
1656964800000.0,2022-07-04 20:00:00,ETH/BTC,0.05666,0.0567525,0.0566,0.05672,358.1267008110014,20.31294647
1656961200000.0,2022-07-04 19:00:00,ETH/BTC,0.0567225,0.0568075,0.05657,0.05666,272.5520884662902,15.4428013325
1656957600000.0,2022-07-04 18:00:00,ETH/BTC,0.05657,0.0568325,0.0564325,0.0567225,326.0093205958835,18.4920636875
1656954000000.0,2022-07-04 17:00:00,ETH/BTC,0.05621,0.056675,0.05621,0.05657,681.2161672706382,38.5363985825
1656950400000.0,2022-07-04 16:00:00,ETH/BTC,0.05617,0.0563,0.0560825,0.05621,668.3189986212417,37.5662109125
1656946800000.0,2022-07-04 15:00:00,ETH/BTC,0.055585,0.0562325,0.0555775,0.05617,560.7754663966531,31.4987579475
1656943200000.0,2022-07-04 14:00:00,ETH/BTC,0.055815,0.05584,0.055485,0.055585,591.72887060358,32.8912492725
1656939600000.0,2022-07-04 13:00:00,ETH/BTC,0.056255,0.0562675,0.05579,0.055815,345.86823089671236,19.3046353075
1656936000000.0,2022-07-04 12:00:00,ETH/BTC,0.05559,0.0563,0.05559,0.056255,1154.825168607235,64.96468986
1656932400000.0,2022-07-04 11:00:00,ETH/BTC,0.0552175,0.055765,0.0550575,0.05559,935.1951466540745,51.9874982025
1656928800000.0,2022-07-04 10:00:00,ETH/BTC,0.0551725,0.0552775,0.0550025,0.0552175,621.3245011998008,34.307985645
1656925200000.0,2022-07-04 09:00:00,ETH/BTC,0.0548975,0.055195,0.05485,0.0551725,292.4731425982147,16.13647446
1656921600000.0,2022-07-04 08:00:00,ETH/BTC,0.05494,0.0550425,0.0548975,0.0548975,166.23531540598387,9.1259032275
1656918000000.0,2022-07-04 07:00:00,ETH/BTC,0.0548175,0.05498,0.0548075,0.05494,215.12743060611575,11.8191010375
1656914400000.0,2022-07-04 06:00:00,ETH/BTC,0.055095,0.05515,0.0547725,0.0548175,339.5724682355088,18.6145137775
1656910800000.0,2022-07-04 05:00:00,ETH/BTC,0.0551925,0.0552475,0.05505,0.055095,98.2690143842454,5.4141313475
1656907200000.0,2022-07-04 04:00:00,ETH/BTC,0.0550525,0.0552225,0.05503,0.0551925,207.7150279023418,11.4643116775
1656903600000.0,2022-07-04 03:00:00,ETH/BTC,0.05507,0.055115,0.0549275,0.0550525,948.9555919349712,52.242377725
1656900000000.0,2022-07-04 02:00:00,ETH/BTC,0.055885,0.05591,0.055035,0.05507,486.3451007808244,26.7830247
1656896400000.0,2022-07-04 01:00:00,ETH/BTC,0.0556925,0.0559125,0.0556925,0.055885,173.01443567146822,9.6689117375
1656892800000.0,2022-07-04 00:00:00,ETH/BTC,0.0556125,0.0557475,0.055515,0.0556925,615.426021950891,34.2746137275
1656889200000.0,2022-07-03 23:00:00,ETH/BTC,0.05576,0.0558425,0.0556125,0.0556125,328.6376836142953,18.27636318
1656885600000.0,2022-07-03 22:00:00,ETH/BTC,0.055775,0.0558,0.05565,0.05576,166.0084674946198,9.2566321475
1656882000000.0,2022-07-03 21:00:00,ETH/BTC,0.05579,0.055855,0.0557175,0.055775,650.6187986553116,36.288263495
1656878400000.0,2022-07-03 20:00:00,ETH/BTC,0.05529,0.055815,0.055165,0.05579,850.6296582720918,47.456628635
1656874800000.0,2022-07-03 19:00:00,ETH/BTC,0.055075,0.0554175,0.055075,0.05529,237.0921611050823,13.1088255875
1656871200000.0,2022-07-03 18:00:00,ETH/BTC,0.055165,0.0551975,0.055055,0.055075,165.97902106218794,9.141294585
1656867600000.0,2022-07-03 17:00:00,ETH/BTC,0.0552,0.055205,0.05514,0.055165,220.09646913804042,12.14162172
1656864000000.0,2022-07-03 16:00:00,ETH/BTC,0.055155,0.055405,0.0551375,0.0552,96.50863057065219,5.3272764075
1656860400000.0,2022-07-03 15:00:00,ETH/BTC,0.0551,0.05525,0.055095,0.055155,462.73838754419364,25.522335765
1656856800000.0,2022-07-03 14:00:00,ETH/BTC,0.05493,0.05514,0.0549,0.0551,654.9949354355716,36.0902209425
1656853200000.0,2022-07-03 13:00:00,ETH/BTC,0.0553175,0.055365,0.054925,0.05493,750.662720872019,41.2339032575
1656849600000.0,2022-07-03 12:00:00,ETH/BTC,0.0555725,0.055635,0.055195,0.0553175,467.62586676910564,25.867893885
1656846000000.0,2022-07-03 11:00:00,ETH/BTC,0.0556525,0.05569,0.05552,0.0555725,248.09476571145802,13.7872463675
1656842400000.0,2022-07-03 10:00:00,ETH/BTC,0.05563,0.0556875,0.0556225,0.0556525,332.78351938367547,18.5202348125
1656838800000.0,2022-07-03 09:00:00,ETH/BTC,0.05563,0.0557425,0.05555,0.05563,387.6767395739709,21.5664570225
1656835200000.0,2022-07-03 08:00:00,ETH/BTC,0.055585,0.05564,0.05537,0.05563,346.8976005752292,19.29791352
1656831600000.0,2022-07-03 07:00:00,ETH/BTC,0.05559,0.0556075,0.0555025,0.055585,240.4689215165962,13.3664650025
1656828000000.0,2022-07-03 06:00:00,ETH/BTC,0.0555725,0.0556275,0.0554625,0.05559,329.8199932541824,18.334693425
1656824400000.0,2022-07-03 05:00:00,ETH/BTC,0.0556825,0.0561025,0.055505,0.0555725,1557.7914237257637,86.570363895
1656820800000.0,2022-07-03 04:00:00,ETH/BTC,0.055165,0.0556825,0.055165,0.0556825,1303.9003713913708,72.60443243
1656817200000.0,2022-07-03 03:00:00,ETH/BTC,0.0550875,0.055225,0.054975,0.055165,190.28177898123812,10.4968943375
1656813600000.0,2022-07-03 02:00:00,ETH/BTC,0.05507,0.055105,0.0550475,0.0550875,538.8373400045383,29.6832019675
1656810000000.0,2022-07-03 01:00:00,ETH/BTC,0.0552575,0.0552575,0.05501,0.05507,319.7675983747957,17.6096016425
1656806400000.0,2022-07-03 00:00:00,ETH/BTC,0.05542,0.05553,0.05521,0.0552575,330.56043157037504,18.2659430475
1656802800000.0,2022-07-02 23:00:00,ETH/BTC,0.055395,0.0555425,0.055365,0.05542,165.26130945507037,9.15878177
1656799200000.0,2022-07-02 22:00:00,ETH/BTC,0.0554525,0.05552,0.05532,0.055395,360.52123567108947,19.97107385
1656795600000.0,2022-07-02 21:00:00,ETH/BTC,0.0552675,0.055485,0.05525,0.0554525,183.82582295658446,10.1936014475
1656792000000.0,2022-07-02 20:00:00,ETH/BTC,0.055325,0.0553575,0.055225,0.0552675,357.29093318858287,19.74657665
1656788400000.0,2022-07-02 19:00:00,ETH/BTC,0.0554075,0.055605,0.05528,0.055325,1096.1815651604159,60.6462450925
1656784800000.0,2022-07-02 18:00:00,ETH/BTC,0.0550975,0.0555225,0.0550975,0.0554075,536.8698484862158,29.74661613
1656781200000.0,2022-07-02 17:00:00,ETH/BTC,0.0550325,0.05515,0.05492,0.0550975,308.59979431916145,17.0030771675
1656777600000.0,2022-07-02 16:00:00,ETH/BTC,0.0547525,0.055235,0.0546675,0.0550325,660.0399816472086,36.32365029
1656774000000.0,2022-07-02 15:00:00,ETH/BTC,0.05473,0.054805,0.054505,0.0547525,384.0368037989133,21.0269751
1656770400000.0,2022-07-02 14:00:00,ETH/BTC,0.05462,0.05489,0.05462,0.05473,131.22959026128265,7.182195475
1656766800000.0,2022-07-02 13:00:00,ETH/BTC,0.05472,0.0548275,0.05458,0.05462,481.1443026821677,26.2801018125
1656763200000.0,2022-07-02 12:00:00,ETH/BTC,0.0543875,0.054795,0.0542975,0.05472,352.48489048793857,19.2879732075
1656759600000.0,2022-07-02 11:00:00,ETH/BTC,0.0543475,0.0543975,0.0542,0.0543875,248.23703245230982,13.5009916025
1656756000000.0,2022-07-02 10:00:00,ETH/BTC,0.054305,0.0543975,0.0541025,0.0543475,193.99482414094487,10.543133705
1656752400000.0,2022-07-02 09:00:00,ETH/BTC,0.0543925,0.054565,0.05415,0.054305,603.1329910689624,32.75313708
1656748800000.0,2022-07-02 08:00:00,ETH/BTC,0.0544725,0.054475,0.054225,0.05439,488.2122121253907,26.5538622175
1656745200000.0,2022-07-02 07:00:00,ETH/BTC,0.054505,0.054645,0.0543325,0.0544725,624.6363588049015,34.025504055
1656741600000.0,2022-07-02 06:00:00,ETH/BTC,0.05437,0.05454,0.054365,0.054505,236.51700389872488,12.8913592975
1656738000000.0,2022-07-02 05:00:00,ETH/BTC,0.0544625,0.0545025,0.054295,0.05437,188.4528570443259,10.2461818375
1656734400000.0,2022-07-02 04:00:00,ETH/BTC,0.0542575,0.0544975,0.05422,0.0544625,671.3748867569429,36.56475477
1656730800000.0,2022-07-02 03:00:00,ETH/BTC,0.0542575,0.05437,0.05416,0.0542575,281.6303078837027,15.28055643
1656727200000.0,2022-07-02 02:00:00,ETH/BTC,0.05507,0.0551275,0.0541725,0.0542575,1061.8913784269457,57.615571465
1656723600000.0,2022-07-02 01:00:00,ETH/BTC,0.05486,0.05519,0.0546725,0.05507,501.40189980933354,27.6122026225
1656720000000.0,2022-07-02 00:00:00,ETH/BTC,0.05495,0.055135,0.054775,0.05486,289.9461522967554,15.906445915
1656716400000.0,2022-07-01 23:00:00,ETH/BTC,0.05515,0.055265,0.054875,0.05495,519.190906232939,28.5295402975
1656712800000.0,2022-07-01 22:00:00,ETH/BTC,0.05507,0.055185,0.0548575,0.05515,189.42802126019947,10.4469553725
1656709200000.0,2022-07-01 21:00:00,ETH/BTC,0.0550325,0.0552,0.0549625,0.05507,289.6447890412203,15.9507385325
1656705600000.0,2022-07-01 20:00:00,ETH/BTC,0.05508,0.05556,0.055025,0.0550325,576.1808742106937,31.70867396
1656702000000.0,2022-07-01 19:00:00,ETH/BTC,0.0551175,0.0552775,0.0548725,0.05508,444.8093300653595,24.5000979
1656698400000.0,2022-07-01 18:00:00,ETH/BTC,0.0551125,0.0551525,0.05493,0.0551175,246.83984678187508,13.605195255
1656694800000.0,2022-07-01 17:00:00,ETH/BTC,0.0550225,0.0553825,0.054855,0.0551125,592.882546110229,32.6752393225
1656691200000.0,2022-07-01 16:00:00,ETH/BTC,0.0547975,0.0551375,0.0547925,0.0550225,305.51585883047846,16.8102463425
1656687600000.0,2022-07-01 15:00:00,ETH/BTC,0.0544875,0.0548075,0.0544875,0.0547975,314.5083072220448,17.234268965
1656684000000.0,2022-07-01 14:00:00,ETH/BTC,0.05455,0.0546125,0.0541775,0.0544875,232.3289826565726,12.6590254425
1656680400000.0,2022-07-01 13:00:00,ETH/BTC,0.0544125,0.054725,0.0543375,0.05455,368.1068807974335,20.0802303475
1656676800000.0,2022-07-01 12:00:00,ETH/BTC,0.054735,0.05475,0.0544125,0.0544175,195.7017432811136,10.649599615
1656673200000.0,2022-07-01 11:00:00,ETH/BTC,0.0545125,0.05474,0.0544,0.054735,700.2011259249109,38.3255086275
1656669600000.0,2022-07-01 10:00:00,ETH/BTC,0.054765,0.0548325,0.05442,0.0545125,841.4377512038524,45.8688754125
1656666000000.0,2022-07-01 09:00:00,ETH/BTC,0.0548075,0.05498,0.054675,0.054765,665.2716745183968,36.433603255
1656662400000.0,2022-07-01 08:00:00,ETH/BTC,0.0544975,0.0548975,0.054485,0.0548075,412.1406962550746,22.58840121
1656658800000.0,2022-07-01 07:00:00,ETH/BTC,0.054415,0.05479,0.0542775,0.0544975,2680.9588158172396,146.105553065
1656655200000.0,2022-07-01 06:00:00,ETH/BTC,0.0543,0.054425,0.05417,0.054415,128.90667830561426,7.0144569
1656651600000.0,2022-07-01 05:00:00,ETH/BTC,0.0541325,0.05452,0.0541325,0.0543,368.9480136279926,20.03387714
1656648000000.0,2022-07-01 04:00:00,ETH/BTC,0.0534525,0.05414,0.05336,0.0541325,698.1324867685771,37.79165684
1656644400000.0,2022-07-01 03:00:00,ETH/BTC,0.05382,0.0538975,0.053435,0.0534525,443.0676913614892,23.6830757725
1656640800000.0,2022-07-01 02:00:00,ETH/BTC,0.05372,0.05401,0.0536925,0.05382,521.416079013378,28.0626133725
1656637200000.0,2022-07-01 01:00:00,ETH/BTC,0.05399,0.0540375,0.0535,0.05372,1012.0477401340283,54.3672046
1656633600000.0,2022-07-01 00:00:00,ETH/BTC,0.05361,0.05401,0.0532425,0.05399,3554.1979551768845,191.8911476
1656630000000.0,2022-06-30 23:00:00,ETH/BTC,0.0541875,0.05448,0.0536,0.05361,1908.8987799384442,102.3360635925
1656626400000.0,2022-06-30 22:00:00,ETH/BTC,0.05432,0.0545825,0.05414,0.0541875,688.5098449365629,37.3086272225
1656622800000.0,2022-06-30 21:00:00,ETH/BTC,0.0539425,0.054705,0.0539425,0.05432,796.4024279731223,43.2605798875
1656619200000.0,2022-06-30 20:00:00,ETH/BTC,0.053935,0.054155,0.053775,0.0539425,556.7248505352923,30.03113025
1656615600000.0,2022-06-30 19:00:00,ETH/BTC,0.0538575,0.0539375,0.0535575,0.053935,451.26004125336055,24.338710325
1656612000000.0,2022-06-30 18:00:00,ETH/BTC,0.05409,0.0541175,0.05368,0.0538575,608.8103126769716,32.789001415
1656608400000.0,2022-06-30 17:00:00,ETH/BTC,0.054015,0.0542175,0.05396,0.05409,230.62878508042152,12.474710985
1656604800000.0,2022-06-30 16:00:00,ETH/BTC,0.0538975,0.0542975,0.0537325,0.054015,681.1784009071554,36.793851325
1656601200000.0,2022-06-30 15:00:00,ETH/BTC,0.05368,0.05406,0.0535325,0.0538975,671.877555823554,36.212520565
1656597600000.0,2022-06-30 14:00:00,ETH/BTC,0.05342,0.053715,0.0534075,0.05368,741.2362943833831,39.7895642825
1656594000000.0,2022-06-30 13:00:00,ETH/BTC,0.05374,0.0538375,0.0530575,0.05342,987.9266992699363,52.775044275
1656590400000.0,2022-06-30 12:00:00,ETH/BTC,0.0533125,0.053895,0.053185,0.05374,690.2305104205434,37.09298763
1656586800000.0,2022-06-30 11:00:00,ETH/BTC,0.0534775,0.053635,0.0531325,0.0533125,823.2565401172334,43.889864295
1656583200000.0,2022-06-30 10:00:00,ETH/BTC,0.0537175,0.0537775,0.0532575,0.0534775,611.0985543452855,32.68002294
1656579600000.0,2022-06-30 09:00:00,ETH/BTC,0.0545525,0.0545725,0.0535725,0.0537175,1446.9844061060176,77.728384835
1656576000000.0,2022-06-30 08:00:00,ETH/BTC,0.0544125,0.0545675,0.054155,0.0545525,335.0528357545484,18.2779698225
1656572400000.0,2022-06-30 07:00:00,ETH/BTC,0.054555,0.05461,0.054385,0.0544125,269.1287793246037,14.643969705
1656568800000.0,2022-06-30 06:00:00,ETH/BTC,0.054455,0.0548475,0.05431,0.054555,932.4911889377692,50.8720568125
1656565200000.0,2022-06-30 05:00:00,ETH/BTC,0.0544225,0.05464,0.054215,0.054455,699.4724810852997,38.0897739575
1656561600000.0,2022-06-30 04:00:00,ETH/BTC,0.054475,0.0546075,0.05434,0.0544225,558.9696404060821,30.420525255
1656558000000.0,2022-06-30 03:00:00,ETH/BTC,0.05439,0.0544825,0.05421,0.054475,210.72085851307938,11.4790187675
1656554400000.0,2022-06-30 02:00:00,ETH/BTC,0.05428,0.054525,0.05425,0.05439,325.96564561500276,17.729271465
1656550800000.0,2022-06-30 01:00:00,ETH/BTC,0.054505,0.05471,0.0539575,0.05428,1208.0748745394253,65.57430419
1656547200000.0,2022-06-30 00:00:00,ETH/BTC,0.05466,0.05487,0.0543675,0.054505,515.3487310338501,28.089082585
1656543600000.0,2022-06-29 23:00:00,ETH/BTC,0.0548575,0.05486,0.0544,0.05466,789.6104020764727,43.1601045775
1656540000000.0,2022-06-29 22:00:00,ETH/BTC,0.0548575,0.055135,0.054745,0.0548575,1888.6334451989244,103.60570922
1656536400000.0,2022-06-29 21:00:00,ETH/BTC,0.05488,0.0550275,0.05481,0.0548575,387.65198491546283,21.2656187625
1656532800000.0,2022-06-29 20:00:00,ETH/BTC,0.0552575,0.05526,0.0548625,0.05488,440.01861283709917,24.1482214725
1656529200000.0,2022-06-29 19:00:00,ETH/BTC,0.0550225,0.05526,0.0549125,0.0552575,618.0912287924716,34.154176075
1656525600000.0,2022-06-29 18:00:00,ETH/BTC,0.05502,0.0552675,0.0549125,0.0550225,571.3641129083557,31.4378819025
1656522000000.0,2022-06-29 17:00:00,ETH/BTC,0.0548675,0.055035,0.05447,0.05502,1288.8512818974918,70.91259753
1656518400000.0,2022-06-29 16:00:00,ETH/BTC,0.055465,0.0554925,0.054795,0.0548675,691.1378037544995,37.9210034475
1656514800000.0,2022-06-29 15:00:00,ETH/BTC,0.05545,0.05559,0.05521,0.055465,674.658208780312,37.41991755
1656511200000.0,2022-06-29 14:00:00,ETH/BTC,0.0552775,0.05565,0.0552575,0.05545,683.4839790802525,37.89918664
1656507600000.0,2022-06-29 13:00:00,ETH/BTC,0.0552775,0.055435,0.05481,0.0552775,1082.9643229161957,59.86356036
1656504000000.0,2022-06-29 12:00:00,ETH/BTC,0.055605,0.0557775,0.0552425,0.0552775,753.2406408574917,41.637259525
1656500400000.0,2022-06-29 11:00:00,ETH/BTC,0.056105,0.056105,0.055375,0.055605,1622.1964072025896,90.2022312225
1656496800000.0,2022-06-29 10:00:00,ETH/BTC,0.056285,0.0563925,0.056105,0.056105,705.3068129400231,39.57123874
1656493200000.0,2022-06-29 09:00:00,ETH/BTC,0.0562725,0.056495,0.05624,0.056285,442.2972907968375,24.8947030125
1656489600000.0,2022-06-29 08:00:00,ETH/BTC,0.0562575,0.0563375,0.056225,0.0562725,374.88307188235814,21.0956076625
1656486000000.0,2022-06-29 07:00:00,ETH/BTC,0.056135,0.0562825,0.05611,0.0562575,556.2502938719282,31.2932509075
1656482400000.0,2022-06-29 06:00:00,ETH/BTC,0.0561325,0.056295,0.0559125,0.056135,2079.7389464683356,116.74614576
1656478800000.0,2022-06-29 05:00:00,ETH/BTC,0.056625,0.05666,0.05607,0.0561325,266.9411236360397,14.9840726225
1656475200000.0,2022-06-29 04:00:00,ETH/BTC,0.056455,0.0567475,0.0564275,0.056625,369.88256123620306,20.94460003
1656471600000.0,2022-06-29 03:00:00,ETH/BTC,0.056535,0.05661,0.05637,0.056455,595.7795165618634,33.6347326075
1656468000000.0,2022-06-29 02:00:00,ETH/BTC,0.056525,0.0566875,0.056425,0.056535,560.2373766693199,31.67302009
1656464400000.0,2022-06-29 01:00:00,ETH/BTC,0.056255,0.05667,0.0562425,0.056525,816.8759056169837,46.173910565
1656460800000.0,2022-06-29 00:00:00,ETH/BTC,0.0564075,0.05655,0.0561025,0.056255,875.128896675851,49.2303760825
1656457200000.0,2022-06-28 23:00:00,ETH/BTC,0.056545,0.0565925,0.056225,0.0564075,1453.269467358064,81.97529748
1656453600000.0,2022-06-28 22:00:00,ETH/BTC,0.0572375,0.0572375,0.05651,0.056545,559.1507968874348,31.61718181
1656450000000.0,2022-06-28 21:00:00,ETH/BTC,0.0572975,0.0573725,0.057185,0.0572375,394.24718768290023,22.565723405
1656446400000.0,2022-06-28 20:00:00,ETH/BTC,0.057075,0.05739,0.057075,0.0572975,245.19281417164797,14.04893527
1656442800000.0,2022-06-28 19:00:00,ETH/BTC,0.05712,0.0572125,0.056905,0.057075,596.3146976784932,34.03466137
1656439200000.0,2022-06-28 18:00:00,ETH/BTC,0.0571225,0.057255,0.0569325,0.05712,957.6212479429273,54.6993256825
1656435600000.0,2022-06-28 17:00:00,ETH/BTC,0.057415,0.0574275,0.0569475,0.0571225,449.56115274191427,25.6800569475
1656432000000.0,2022-06-28 16:00:00,ETH/BTC,0.0574475,0.05759,0.0573675,0.057415,309.1162684838457,17.747910555
1656428400000.0,2022-06-28 15:00:00,ETH/BTC,0.0577475,0.0577575,0.057375,0.0574475,194.96908146568606,11.2004863075
1656424800000.0,2022-06-28 14:00:00,ETH/BTC,0.0583125,0.058335,0.0576775,0.0577475,383.81829074851726,22.164546745
1656421200000.0,2022-06-28 13:00:00,ETH/BTC,0.0583025,0.05858,0.058285,0.0583125,660.7372728831725,38.529242225
1656417600000.0,2022-06-28 12:00:00,ETH/BTC,0.0582675,0.0584625,0.0582025,0.0583025,394.7093425667853,23.012541445
1656414000000.0,2022-06-28 11:00:00,ETH/BTC,0.0581225,0.05847,0.0580725,0.0582675,223.5281480671043,13.0244263675
1656410400000.0,2022-06-28 10:00:00,ETH/BTC,0.05811,0.058195,0.057985,0.0581225,222.8672541184567,12.9536019775
1656406800000.0,2022-06-28 09:00:00,ETH/BTC,0.058,0.05815,0.0579675,0.05811,462.4137577439339,26.8708634625
1656403200000.0,2022-06-28 08:00:00,ETH/BTC,0.057845,0.0582475,0.0576625,0.058,480.00719357758624,27.8404172275
1656399600000.0,2022-06-28 07:00:00,ETH/BTC,0.0574925,0.0580475,0.0574925,0.057845,1210.5464987034316,70.0240622175
1656396000000.0,2022-06-28 06:00:00,ETH/BTC,0.0571325,0.0575625,0.0571175,0.0574925,595.0960667913206,34.21356062
1656392400000.0,2022-06-28 05:00:00,ETH/BTC,0.05712,0.057285,0.0571025,0.0571325,387.9763185577386,22.16605702
1656388800000.0,2022-06-28 04:00:00,ETH/BTC,0.0569975,0.0571675,0.0569075,0.05712,249.82650779061626,14.270090125
1656385200000.0,2022-06-28 03:00:00,ETH/BTC,0.0569275,0.0571,0.0569075,0.0569975,355.3303142243081,20.252939585
1656381600000.0,2022-06-28 02:00:00,ETH/BTC,0.0567875,0.0570175,0.056665,0.0569275,286.5379361468535,16.31188836
1656378000000.0,2022-06-28 01:00:00,ETH/BTC,0.0570925,0.0572375,0.05675,0.056795,513.5907335152742,29.16938571
1656374400000.0,2022-06-28 00:00:00,ETH/BTC,0.05752,0.057545,0.0569,0.0570925,450.39075058019887,25.7139339275
1656370800000.0,2022-06-27 23:00:00,ETH/BTC,0.05777,0.057805,0.0574775,0.0575225,394.50719014298755,22.693039845
1656367200000.0,2022-06-27 22:00:00,ETH/BTC,0.05764,0.0581475,0.0575925,0.05777,554.4210593733771,32.0289046
1656363600000.0,2022-06-27 21:00:00,ETH/BTC,0.05751,0.0577325,0.057435,0.05764,444.890444222762,25.643485205
1656360000000.0,2022-06-27 20:00:00,ETH/BTC,0.0573875,0.0576075,0.0573875,0.05751,354.0192039210572,20.3596444175
1656356400000.0,2022-06-27 19:00:00,ETH/BTC,0.0575625,0.0575675,0.0572575,0.0573875,336.85960487911126,19.331530575
1656352800000.0,2022-06-27 18:00:00,ETH/BTC,0.0572675,0.0578525,0.05719,0.0575625,555.5965613463626,31.9815270625
1656349200000.0,2022-06-27 17:00:00,ETH/BTC,0.05737,0.05738,0.057185,0.0572675,123.81732876413324,7.090708875
1656345600000.0,2022-06-27 16:00:00,ETH/BTC,0.05721,0.057375,0.0571625,0.05737,135.4556850270176,7.77109265
1656342000000.0,2022-06-27 15:00:00,ETH/BTC,0.0572025,0.0572675,0.057045,0.05721,131.16978168152423,7.50422321
1656338400000.0,2022-06-27 14:00:00,ETH/BTC,0.0570625,0.05728,0.05703,0.0572025,440.44553131419076,25.194585505
1656334800000.0,2022-06-27 13:00:00,ETH/BTC,0.05725,0.05737,0.0569425,0.0570625,410.3976653231106,23.4183167775
1656331200000.0,2022-06-27 12:00:00,ETH/BTC,0.0572675,0.0574075,0.0572025,0.05725,461.3412970742358,26.4117892575
1656327600000.0,2022-06-27 11:00:00,ETH/BTC,0.057535,0.05761,0.0571725,0.0572675,243.00834998035535,13.9164806825
1656324000000.0,2022-06-27 10:00:00,ETH/BTC,0.0574775,0.05761,0.057435,0.057535,319.68211466933167,18.3929104675
1656320400000.0,2022-06-27 09:00:00,ETH/BTC,0.05737,0.05752,0.05733,0.0574775,235.92989474142055,13.560660525
1656316800000.0,2022-06-27 08:00:00,ETH/BTC,0.05747,0.0575175,0.057335,0.05737,138.2326634129336,7.9304079
1656313200000.0,2022-06-27 07:00:00,ETH/BTC,0.0574075,0.05779,0.0573475,0.05747,545.3085128327823,31.3388802325
1656309600000.0,2022-06-27 06:00:00,ETH/BTC,0.0573525,0.0574375,0.0572625,0.0574075,244.37527762051997,14.02897375
1656306000000.0,2022-06-27 05:00:00,ETH/BTC,0.0575775,0.057585,0.0573525,0.0573525,305.66018591168654,17.5303758125
1656302400000.0,2022-06-27 04:00:00,ETH/BTC,0.0576225,0.0576675,0.0575425,0.0575775,212.37912457123008,12.228259045
1656298800000.0,2022-06-27 03:00:00,ETH/BTC,0.05769,0.0578875,0.0575375,0.0576225,331.0903245693956,19.0782522275
1656295200000.0,2022-06-27 02:00:00,ETH/BTC,0.05765,0.0578225,0.057575,0.05769,332.2818037788178,19.16933726
1656291600000.0,2022-06-27 01:00:00,ETH/BTC,0.05749,0.0576775,0.0573825,0.05765,325.2177454466609,18.748803025
1656288000000.0,2022-06-27 00:00:00,ETH/BTC,0.056935,0.0576175,0.0568225,0.05749,557.3811044529484,32.043839695
1656284400000.0,2022-06-26 23:00:00,ETH/BTC,0.057435,0.057495,0.05691,0.056935,414.86098625625715,23.6201102525
1656280800000.0,2022-06-26 22:00:00,ETH/BTC,0.05791,0.05796,0.05736,0.057435,808.486573256725,46.435426335
1656277200000.0,2022-06-26 21:00:00,ETH/BTC,0.0582825,0.05832,0.0579075,0.05791,373.89287972716284,21.652136665
1656273600000.0,2022-06-26 20:00:00,ETH/BTC,0.057605,0.0582925,0.057605,0.0582825,714.2755102303436,41.629762425
1656270000000.0,2022-06-26 19:00:00,ETH/BTC,0.057485,0.0577,0.0574675,0.057605,160.72283712351359,9.2584390325
1656266400000.0,2022-06-26 18:00:00,ETH/BTC,0.0575175,0.05757,0.05729,0.057485,379.57542419761677,21.81989326
1656262800000.0,2022-06-26 17:00:00,ETH/BTC,0.05738,0.0575675,0.0572875,0.0575175,306.8041912461425,17.64661007
1656259200000.0,2022-06-26 16:00:00,ETH/BTC,0.05738,0.057605,0.0572625,0.05738,196.88507594109447,11.2972656575
1656255600000.0,2022-06-26 15:00:00,ETH/BTC,0.0574275,0.0574275,0.05698,0.05738,521.9597548797491,29.950050735
1656252000000.0,2022-06-26 14:00:00,ETH/BTC,0.05738,0.05748,0.0572225,0.0574275,273.859363022942,15.72705857
1656248400000.0,2022-06-26 13:00:00,ETH/BTC,0.0578275,0.057845,0.057315,0.05738,382.8803067706518,21.9696720025
1656244800000.0,2022-06-26 12:00:00,ETH/BTC,0.05851,0.0586925,0.0578275,0.0578275,786.6336814231984,45.4890592125
1656241200000.0,2022-06-26 11:00:00,ETH/BTC,0.0580875,0.0588825,0.0580425,0.05851,1001.6416123312254,58.6060507375
1656237600000.0,2022-06-26 10:00:00,ETH/BTC,0.05788,0.0581675,0.057835,0.0580875,455.8712003443082,26.48041835
1656234000000.0,2022-06-26 09:00:00,ETH/BTC,0.05801,0.0583175,0.0578175,0.05788,880.2044457066345,50.9462333175
1656230400000.0,2022-06-26 08:00:00,ETH/BTC,0.057865,0.058035,0.057855,0.05801,81.02873202896052,4.700476745
1656226800000.0,2022-06-26 07:00:00,ETH/BTC,0.0580775,0.05813,0.05786,0.057865,412.4032282467813,23.8637128025
1656223200000.0,2022-06-26 06:00:00,ETH/BTC,0.0578575,0.0582275,0.0577625,0.0580775,800.0146286427619,46.462849595
1656219600000.0,2022-06-26 05:00:00,ETH/BTC,0.0577825,0.057875,0.0576625,0.0578575,134.6906342738625,7.7928633725
1656216000000.0,2022-06-26 04:00:00,ETH/BTC,0.0575475,0.05786,0.0575475,0.0577825,503.4386254056159,29.0899423725
1656212400000.0,2022-06-26 03:00:00,ETH/BTC,0.0576925,0.05771,0.05752,0.0575475,72.4908517311786,4.17166729
1656208800000.0,2022-06-26 02:00:00,ETH/BTC,0.05777,0.05777,0.0576225,0.0576925,222.87962148459505,12.8584825625
1656205200000.0,2022-06-26 01:00:00,ETH/BTC,0.05777,0.057895,0.057545,0.05777,574.6511457071144,33.1975966875
1656201600000.0,2022-06-26 00:00:00,ETH/BTC,0.0578075,0.057885,0.0576775,0.0577575,385.92309899147295,22.28995339
1656198000000.0,2022-06-25 23:00:00,ETH/BTC,0.0579825,0.058075,0.0577825,0.0578075,443.35470047139216,25.6292268475
1656194400000.0,2022-06-25 22:00:00,ETH/BTC,0.05804,0.058225,0.05796,0.0579825,625.2902664597077,36.255892875
1656190800000.0,2022-06-25 21:00:00,ETH/BTC,0.0569675,0.05852,0.0568825,0.05804,1486.6464498190903,86.2849599475
1656187200000.0,2022-06-25 20:00:00,ETH/BTC,0.0568525,0.05699,0.0568025,0.0569675,368.034966779304,20.96603197
1656183600000.0,2022-06-25 19:00:00,ETH/BTC,0.0570775,0.057105,0.0568125,0.0568525,332.68493958049334,18.9139705275
1656180000000.0,2022-06-25 18:00:00,ETH/BTC,0.0567175,0.0571,0.0566325,0.0570775,425.6078853751478,24.2926340775
1656176400000.0,2022-06-25 17:00:00,ETH/BTC,0.05668,0.0568825,0.05648,0.0567175,336.6618278309164,19.09461722
1656172800000.0,2022-06-25 16:00:00,ETH/BTC,0.05649,0.0567325,0.0564075,0.05668,319.5900104093154,18.11436179
1656169200000.0,2022-06-25 15:00:00,ETH/BTC,0.056505,0.056825,0.05644,0.05649,456.2981818906001,25.776284295
1656165600000.0,2022-06-25 14:00:00,ETH/BTC,0.05667,0.05682,0.0564825,0.056505,225.1980850367224,12.724817795
1656162000000.0,2022-06-25 13:00:00,ETH/BTC,0.056595,0.056915,0.0563625,0.05667,733.6941249338274,41.57844606
1656158400000.0,2022-06-25 12:00:00,ETH/BTC,0.0570225,0.0570675,0.05647,0.056595,412.1749952292605,23.327043855
1656154800000.0,2022-06-25 11:00:00,ETH/BTC,0.057215,0.0573175,0.0568725,0.0570225,1318.2011722565655,75.167126345
1656151200000.0,2022-06-25 10:00:00,ETH/BTC,0.0572625,0.0574075,0.056995,0.0572175,528.7487825839996,30.2536834675
1656147600000.0,2022-06-25 09:00:00,ETH/BTC,0.0573625,0.05758,0.057245,0.0572625,186.3768793713163,10.672406055
1656144000000.0,2022-06-25 08:00:00,ETH/BTC,0.0573975,0.05762,0.0572575,0.0573625,287.01007631292225,16.4636155025
1656140400000.0,2022-06-25 07:00:00,ETH/BTC,0.0572575,0.057635,0.0571025,0.0573975,1011.3025294655691,58.046236935
1656136800000.0,2022-06-25 06:00:00,ETH/BTC,0.057445,0.05747,0.05708,0.0572575,603.770216958477,34.5703731975
1656133200000.0,2022-06-25 05:00:00,ETH/BTC,0.05751,0.05769,0.0574225,0.057445,825.5036748193925,47.4210586
1656129600000.0,2022-06-25 04:00:00,ETH/BTC,0.0574575,0.05751,0.0572425,0.05751,653.0007453486351,37.554072865
1656126000000.0,2022-06-25 03:00:00,ETH/BTC,0.0570075,0.05751,0.0569725,0.0574575,235.60365243875907,13.53719686
1656122400000.0,2022-06-25 02:00:00,ETH/BTC,0.0573825,0.0573975,0.05692,0.0570075,165.04960399947373,9.4090653
1656118800000.0,2022-06-25 01:00:00,ETH/BTC,0.057385,0.05747,0.057275,0.0573825,87.91665795320873,5.044877625
1656115200000.0,2022-06-25 00:00:00,ETH/BTC,0.05768,0.057735,0.0571975,0.057385,341.34700304957744,19.58819777
1656111600000.0,2022-06-24 23:00:00,ETH/BTC,0.0577275,0.05813,0.057675,0.05768,936.7346930478502,54.030857095
1656108000000.0,2022-06-24 22:00:00,ETH/BTC,0.0574325,0.057995,0.0574275,0.0577275,1336.9030209172404,77.17606914
1656104400000.0,2022-06-24 21:00:00,ETH/BTC,0.057485,0.05754,0.0570875,0.0574325,503.12006350933706,28.8954430475
1656100800000.0,2022-06-24 20:00:00,ETH/BTC,0.057775,0.05831,0.0574,0.057485,1953.4009200226144,112.2912518875
1656097200000.0,2022-06-24 19:00:00,ETH/BTC,0.0578125,0.057885,0.057585,0.057775,253.0570365642579,14.6203702875
1656093600000.0,2022-06-24 18:00:00,ETH/BTC,0.0574175,0.057855,0.0574175,0.0578125,705.2385185729729,40.771601855
1656090000000.0,2022-06-24 17:00:00,ETH/BTC,0.05724,0.0575075,0.0571775,0.0574175,646.3632450907824,37.112561625
1656086400000.0,2022-06-24 16:00:00,ETH/BTC,0.0573725,0.0574375,0.0568525,0.05724,633.267110630678,36.2482094125
1656082800000.0,2022-06-24 15:00:00,ETH/BTC,0.0569075,0.05751,0.0568225,0.0573725,628.8490996557584,36.07864497
1656079200000.0,2022-06-24 14:00:00,ETH/BTC,0.05673,0.0569375,0.056635,0.0569075,261.9396475859948,14.906330495
1656075600000.0,2022-06-24 13:00:00,ETH/BTC,0.0570525,0.0574675,0.05673,0.05673,1091.5141728803103,61.9215990275
1656072000000.0,2022-06-24 12:00:00,ETH/BTC,0.0564925,0.05737,0.0564625,0.0570525,2140.0693672932825,122.0963075775
1656068400000.0,2022-06-24 11:00:00,ETH/BTC,0.055385,0.05659,0.0553525,0.0564925,2128.150853254857,120.2245620775
1656064800000.0,2022-06-24 10:00:00,ETH/BTC,0.055105,0.0554475,0.05509,0.055385,471.8592121964431,26.1339224675
1656061200000.0,2022-06-24 09:00:00,ETH/BTC,0.05507,0.0552,0.05498,0.0551025,428.8125273354204,23.6286422875
1656057600000.0,2022-06-24 08:00:00,ETH/BTC,0.054925,0.0551525,0.054925,0.05507,597.7588567731977,32.9185802425
1656054000000.0,2022-06-24 07:00:00,ETH/BTC,0.0545125,0.05521,0.05449,0.054925,1603.771037824306,88.0871242525
1656050400000.0,2022-06-24 06:00:00,ETH/BTC,0.0545975,0.0546175,0.054445,0.0545125,106.69952529236414,5.8164578725
1656046800000.0,2022-06-24 05:00:00,ETH/BTC,0.0545625,0.0546475,0.0544975,0.0545975,153.7472360913961,8.3942147225
1656043200000.0,2022-06-24 04:00:00,ETH/BTC,0.054595,0.05488,0.0545325,0.0545625,626.4810334478808,34.1823713875
1656039600000.0,2022-06-24 03:00:00,ETH/BTC,0.05442,0.0546175,0.0543925,0.054595,329.9416291784962,18.013163245
1656036000000.0,2022-06-24 02:00:00,ETH/BTC,0.0547125,0.054885,0.0544175,0.05442,426.84918371003306,23.2291325775
1656032400000.0,2022-06-24 01:00:00,ETH/BTC,0.0544325,0.054925,0.0543825,0.0547125,499.228584007311,27.3140439025
1656028800000.0,2022-06-24 00:00:00,ETH/BTC,0.0542225,0.05467,0.05422,0.0544325,412.5551618059064,22.456408845
1656025200000.0,2022-06-23 23:00:00,ETH/BTC,0.0543675,0.0543725,0.0542075,0.0542225,257.6520570796256,13.970538665
1656021600000.0,2022-06-23 22:00:00,ETH/BTC,0.05425,0.0547075,0.0542025,0.0543675,1081.1460276359958,58.7792066575
1656018000000.0,2022-06-23 21:00:00,ETH/BTC,0.0545425,0.0545875,0.05425,0.05425,867.0274114285714,47.03623707
1656014400000.0,2022-06-23 20:00:00,ETH/BTC,0.0538825,0.0545675,0.053785,0.0545425,456.9615107484989,24.9238232
1656010800000.0,2022-06-23 19:00:00,ETH/BTC,0.0539125,0.0540925,0.05377,0.0538825,452.00814308912913,24.35532877
1656007200000.0,2022-06-23 18:00:00,ETH/BTC,0.0538225,0.05396,0.0536925,0.0539125,222.9487375376768,12.0197238125
1656003600000.0,2022-06-23 17:00:00,ETH/BTC,0.0537525,0.0538625,0.05362,0.0538225,146.9079537368201,7.90695334
1656000000000.0,2022-06-23 16:00:00,ETH/BTC,0.053755,0.053925,0.0536475,0.0537525,355.10254732338035,19.087649675
1655996400000.0,2022-06-23 15:00:00,ETH/BTC,0.053935,0.0539525,0.05355,0.053755,623.6306847735094,33.52326746
1655992800000.0,2022-06-23 14:00:00,ETH/BTC,0.05417,0.0541975,0.053895,0.053935,591.440286316863,31.8993318425
1655989200000.0,2022-06-23 13:00:00,ETH/BTC,0.0543925,0.0545175,0.0540275,0.05417,1325.346282351855,71.794008115
1655985600000.0,2022-06-23 12:00:00,ETH/BTC,0.0535875,0.0544025,0.0535875,0.0543925,465.2361404605414,25.30535677
1655982000000.0,2022-06-23 11:00:00,ETH/BTC,0.053625,0.0536375,0.0534975,0.0535875,159.48966797294145,8.5466525825
1655978400000.0,2022-06-23 10:00:00,ETH/BTC,0.053525,0.053745,0.05348,0.053625,230.72165342657343,12.372448665
1655974800000.0,2022-06-23 09:00:00,ETH/BTC,0.05336,0.05384,0.05336,0.053525,364.58650401681456,19.5144926275
1655971200000.0,2022-06-23 08:00:00,ETH/BTC,0.0533525,0.0534925,0.053285,0.05336,276.4002671008246,14.7487182525
1655967600000.0,2022-06-23 07:00:00,ETH/BTC,0.053515,0.0536925,0.0533325,0.05335,596.8053147141518,31.83956354
1655964000000.0,2022-06-23 06:00:00,ETH/BTC,0.0533325,0.053755,0.05327,0.053515,346.73165944127817,18.555344755
1655960400000.0,2022-06-23 05:00:00,ETH/BTC,0.053405,0.05347,0.053265,0.0533325,102.61889987343552,5.4729224775
1655956800000.0,2022-06-23 04:00:00,ETH/BTC,0.0532275,0.05347,0.053175,0.053405,148.00280844490214,7.904089985
1655953200000.0,2022-06-23 03:00:00,ETH/BTC,0.05335,0.05336,0.0530975,0.0532275,218.44923981964212,11.6275069125
1655949600000.0,2022-06-23 02:00:00,ETH/BTC,0.0532325,0.0533525,0.05316,0.05335,447.82190323336454,23.8912985375
1655946000000.0,2022-06-23 01:00:00,ETH/BTC,0.05282,0.0533875,0.05273,0.0532325,423.9523402057014,22.56804295
1655942400000.0,2022-06-23 00:00:00,ETH/BTC,0.052535,0.0531075,0.05252,0.05282,879.0022615013253,46.4288994525
1655938800000.0,2022-06-22 23:00:00,ETH/BTC,0.052815,0.0528375,0.0525,0.052535,657.881113971638,34.5617843225
1655935200000.0,2022-06-22 22:00:00,ETH/BTC,0.05295,0.05307,0.0528125,0.052815,216.39115071475908,11.428698625
1655931600000.0,2022-06-22 21:00:00,ETH/BTC,0.0527825,0.05299,0.052665,0.05295,208.7173148253069,11.05158182
1655928000000.0,2022-06-22 20:00:00,ETH/BTC,0.0532475,0.0533175,0.0527125,0.0527825,635.627016056458,33.549982975
1655924400000.0,2022-06-22 19:00:00,ETH/BTC,0.05348,0.0535575,0.0532475,0.0532475,136.505748204141,7.2685898275
1655920800000.0,2022-06-22 18:00:00,ETH/BTC,0.0533925,0.05351,0.0533525,0.05348,58.06003300299177,3.105050565
1655917200000.0,2022-06-22 17:00:00,ETH/BTC,0.05311,0.0534075,0.053055,0.0533925,110.01952633796881,5.87421756
1655913600000.0,2022-06-22 16:00:00,ETH/BTC,0.05355,0.05355,0.0529675,0.05311,704.8430091790623,37.4342122175
1655910000000.0,2022-06-22 15:00:00,ETH/BTC,0.0536475,0.05382,0.05355,0.05355,911.2164416900093,48.7956404525
1655906400000.0,2022-06-22 14:00:00,ETH/BTC,0.05367,0.05383,0.053495,0.0536475,700.5655647979869,37.5835911375
1655902800000.0,2022-06-22 13:00:00,ETH/BTC,0.05319,0.053725,0.0530725,0.05367,428.1945996366685,22.9812041625
1655899200000.0,2022-06-22 12:00:00,ETH/BTC,0.0534875,0.0535075,0.05317,0.05319,480.00711689227296,25.5315785475
1655895600000.0,2022-06-22 11:00:00,ETH/BTC,0.05336,0.05358,0.053335,0.0534875,189.37951881280674,10.1294370125
1655892000000.0,2022-06-22 10:00:00,ETH/BTC,0.05341,0.0534275,0.053255,0.05336,181.75852295727137,9.698634785
1655888400000.0,2022-06-22 09:00:00,ETH/BTC,0.05343,0.0535675,0.0532925,0.05341,217.1851372402172,11.59985818
1655884800000.0,2022-06-22 08:00:00,ETH/BTC,0.053485,0.053485,0.0532975,0.05343,125.59386543140558,6.71048023
1655881200000.0,2022-06-22 07:00:00,ETH/BTC,0.0536225,0.0536375,0.05344,0.053485,1351.6372496026925,72.292318295
1655877600000.0,2022-06-22 06:00:00,ETH/BTC,0.0536475,0.0537475,0.0534825,0.0536225,753.1493868711829,40.3857529975
1655874000000.0,2022-06-22 05:00:00,ETH/BTC,0.05378,0.0538625,0.05356,0.0536475,138.17232000559207,7.4125995375
1655870400000.0,2022-06-22 04:00:00,ETH/BTC,0.0535975,0.0538475,0.05352,0.0537875,192.47291438531258,10.3526368825
1655866800000.0,2022-06-22 03:00:00,ETH/BTC,0.053865,0.053955,0.05349,0.0535975,571.3885869210318,30.6249997875
1655863200000.0,2022-06-22 02:00:00,ETH/BTC,0.0539775,0.0540575,0.05379,0.053865,566.3213309663047,30.5048984925
1655859600000.0,2022-06-22 01:00:00,ETH/BTC,0.054325,0.054465,0.0539775,0.0539775,322.5931059700801,17.4127693775
1655856000000.0,2022-06-22 00:00:00,ETH/BTC,0.05434,0.054375,0.05402,0.054325,252.9572330418776,13.741901685
1655852400000.0,2022-06-21 23:00:00,ETH/BTC,0.0544625,0.0545175,0.0543025,0.0543375,698.9472569128135,37.9790465725
1655848800000.0,2022-06-21 22:00:00,ETH/BTC,0.053875,0.0546475,0.053855,0.0544625,375.0441923341749,20.425844325
1655845200000.0,2022-06-21 21:00:00,ETH/BTC,0.053825,0.05418,0.0537825,0.053875,583.4976368909513,31.4359351875
1655841600000.0,2022-06-21 20:00:00,ETH/BTC,0.0538175,0.053865,0.053565,0.053825,1177.654599256851,63.387258805
1655838000000.0,2022-06-21 19:00:00,ETH/BTC,0.05419,0.0542475,0.0537325,0.0538175,244.8473374367074,13.1770715825
1655834400000.0,2022-06-21 18:00:00,ETH/BTC,0.0542175,0.0542825,0.05404,0.05419,377.84322001291747,20.4753240925
1655830800000.0,2022-06-21 17:00:00,ETH/BTC,0.054555,0.0546225,0.0541625,0.0542175,227.03439650481855,12.3092373925
1655827200000.0,2022-06-21 16:00:00,ETH/BTC,0.05461,0.05468,0.05444,0.054555,181.23163701768857,9.8870919575
1655823600000.0,2022-06-21 15:00:00,ETH/BTC,0.0547775,0.0548225,0.05451,0.05461,245.7974983519502,13.423001385
1655820000000.0,2022-06-21 14:00:00,ETH/BTC,0.05483,0.0551075,0.05473,0.0547775,719.2482285153576,39.3986198375
1655816400000.0,2022-06-21 13:00:00,ETH/BTC,0.0544,0.0549025,0.05426,0.05483,585.7034585993069,32.114120635
1655812800000.0,2022-06-21 12:00:00,ETH/BTC,0.0544425,0.0546,0.0543475,0.0544,251.03024292279414,13.656045215
1655809200000.0,2022-06-21 11:00:00,ETH/BTC,0.05456,0.0546425,0.0542925,0.0544425,363.80982343757177,19.8067163125
1655805600000.0,2022-06-21 10:00:00,ETH/BTC,0.0546,0.0546425,0.0545075,0.05456,180.906913856305,9.87028122
1655802000000.0,2022-06-21 09:00:00,ETH/BTC,0.054645,0.0547425,0.054565,0.0546,384.0015034340659,20.9664820875
1655798400000.0,2022-06-21 08:00:00,ETH/BTC,0.0543425,0.05502,0.05416,0.054645,8125.054030423643,443.9935774925
1655794800000.0,2022-06-21 07:00:00,ETH/BTC,0.0548425,0.0548525,0.0542025,0.0543425,452.9092012697244,24.61221827
1655791200000.0,2022-06-21 06:00:00,ETH/BTC,0.05505,0.0551975,0.054745,0.0548425,222.58364717144548,12.20704367
1655787600000.0,2022-06-21 05:00:00,ETH/BTC,0.05474,0.05511,0.0545525,0.05505,789.8926130336058,43.4835883475
1655784000000.0,2022-06-21 04:00:00,ETH/BTC,0.0548375,0.0548675,0.054595,0.05474,262.8872399068323,14.3904475125
1655780400000.0,2022-06-21 03:00:00,ETH/BTC,0.0547875,0.054945,0.0546125,0.0548375,136.71646209254615,7.49718899
1655776800000.0,2022-06-21 02:00:00,ETH/BTC,0.054735,0.0548175,0.054495,0.0547875,603.7575003422313,33.07836405
1655773200000.0,2022-06-21 01:00:00,ETH/BTC,0.054655,0.0550175,0.0545775,0.054735,539.9964511738376,29.556705755
1655769600000.0,2022-06-21 00:00:00,ETH/BTC,0.0548375,0.0548525,0.05432,0.054655,520.6804358247186,28.45778922
1655766000000.0,2022-06-20 23:00:00,ETH/BTC,0.0540525,0.05499,0.053965,0.0548375,557.2849577387736,30.56011387
1655762400000.0,2022-06-20 22:00:00,ETH/BTC,0.05407,0.05407,0.0537225,0.0540525,555.2447755422968,30.01236823
1655758800000.0,2022-06-20 21:00:00,ETH/BTC,0.0548275,0.0549125,0.0540075,0.05407,730.7408682726095,39.5111587475
1655755200000.0,2022-06-20 20:00:00,ETH/BTC,0.0551075,0.0556225,0.0548125,0.054825,339.5204192886457,18.6142069875
1655751600000.0,2022-06-20 19:00:00,ETH/BTC,0.054985,0.0551075,0.0547225,0.0551075,409.8316104885905,22.584795475
1655748000000.0,2022-06-20 18:00:00,ETH/BTC,0.0549325,0.055025,0.054545,0.054985,840.6532055105938,46.223316505
1655744400000.0,2022-06-20 17:00:00,ETH/BTC,0.05466,0.0549875,0.05441,0.0549325,437.62557529695533,24.039866915
1655740800000.0,2022-06-20 16:00:00,ETH/BTC,0.05447,0.0547425,0.0542325,0.05466,585.9319897091109,32.0270425575
1655737200000.0,2022-06-20 15:00:00,ETH/BTC,0.05471,0.054845,0.05437,0.05447,490.80508490912433,26.734152975
1655733600000.0,2022-06-20 14:00:00,ETH/BTC,0.0544275,0.05476,0.054415,0.05471,375.74332813927987,20.5569174825
1655730000000.0,2022-06-20 13:00:00,ETH/BTC,0.05502,0.055185,0.0542425,0.0544275,998.7445687841624,54.3591700175
1655726400000.0,2022-06-20 12:00:00,ETH/BTC,0.0554775,0.0554775,0.055,0.05502,699.269713649582,38.473819645
1655722800000.0,2022-06-20 11:00:00,ETH/BTC,0.0556075,0.0556475,0.0553925,0.05543,987.9832036352157,54.7639089775
1655719200000.0,2022-06-20 10:00:00,ETH/BTC,0.0544425,0.0558175,0.0544325,0.0556075,884.0367182933958,49.1590718125
1655715600000.0,2022-06-20 09:00:00,ETH/BTC,0.05478,0.0549875,0.05401,0.0544425,2369.5927759562846,129.006554705
1655712000000.0,2022-06-20 08:00:00,ETH/BTC,0.0537625,0.05481,0.05371,0.05478,3432.0446726451255,188.0074071675
1655708400000.0,2022-06-20 07:00:00,ETH/BTC,0.0538725,0.05394,0.053635,0.0537625,518.973813485236,27.9013296475
1655704800000.0,2022-06-20 06:00:00,ETH/BTC,0.05378,0.05396,0.053685,0.0538725,385.5755905146411,20.771921
1655701200000.0,2022-06-20 05:00:00,ETH/BTC,0.053815,0.05384,0.0536,0.05378,909.7493223317218,48.926318555
1655697600000.0,2022-06-20 04:00:00,ETH/BTC,0.0540425,0.0541175,0.053815,0.053815,239.022089659017,12.862973755
1655694000000.0,2022-06-20 03:00:00,ETH/BTC,0.05389,0.0540925,0.0536275,0.0540425,410.90273696627656,22.2062111625
1655690400000.0,2022-06-20 02:00:00,ETH/BTC,0.054305,0.05438,0.0534875,0.05389,688.5674723046948,37.1069010825
1655686800000.0,2022-06-20 01:00:00,ETH/BTC,0.0542275,0.05464,0.05409,0.054305,571.3983506122825,31.02978743
1655683200000.0,2022-06-20 00:00:00,ETH/BTC,0.0548375,0.054895,0.0539425,0.0542275,1322.2264621732515,71.7010354775
1655679600000.0,2022-06-19 23:00:00,ETH/BTC,0.055145,0.055205,0.0547775,0.0548375,428.080752313654,23.474878255
1655676000000.0,2022-06-19 22:00:00,ETH/BTC,0.0554525,0.0556075,0.05498,0.055145,330.82736993381087,18.243475315
1655672400000.0,2022-06-19 21:00:00,ETH/BTC,0.0553325,0.0557525,0.055275,0.05545,455.394603201082,25.2516307475
1655668800000.0,2022-06-19 20:00:00,ETH/BTC,0.0546725,0.0560425,0.05445,0.0553325,989.3246637599965,54.7418069575
1655665200000.0,2022-06-19 19:00:00,ETH/BTC,0.0548875,0.055495,0.054535,0.0546725,2269.502503909644,124.079375645
1655661600000.0,2022-06-19 18:00:00,ETH/BTC,0.05385,0.05548,0.05383,0.0549,719.4169977686703,39.4959931775
1655658000000.0,2022-06-19 17:00:00,ETH/BTC,0.0539125,0.053955,0.0537,0.05385,129.6737735840297,6.9829327075
1655654400000.0,2022-06-19 16:00:00,ETH/BTC,0.054065,0.0541325,0.05389,0.0539125,1330.738133178762,71.743419605
1655650800000.0,2022-06-19 15:00:00,ETH/BTC,0.0532525,0.0541125,0.0531575,0.054065,967.6956926384908,52.3184676225
1655647200000.0,2022-06-19 14:00:00,ETH/BTC,0.0532175,0.0533025,0.05317,0.0532525,65.56002516313788,3.49123524
1655643600000.0,2022-06-19 13:00:00,ETH/BTC,0.05341,0.0535225,0.0531025,0.0532175,1046.8752766477194,55.712085035
1655640000000.0,2022-06-19 12:00:00,ETH/BTC,0.0535825,0.0537,0.05325,0.05341,873.3821214660177,46.6473391075
1655636400000.0,2022-06-19 11:00:00,ETH/BTC,0.05347,0.0536625,0.05329,0.0535825,603.070870713386,32.31404493
1655632800000.0,2022-06-19 10:00:00,ETH/BTC,0.052235,0.0539175,0.0522,0.05347,2041.541135917337,109.1612045375
1655629200000.0,2022-06-19 09:00:00,ETH/BTC,0.051875,0.0526,0.051875,0.052235,1666.341717095817,87.0413595925
1655625600000.0,2022-06-19 08:00:00,ETH/BTC,0.05219,0.0522625,0.051875,0.051875,155.12983113253014,8.04735999
1655622000000.0,2022-06-19 07:00:00,ETH/BTC,0.0522675,0.052455,0.05212,0.05219,280.22800397585746,14.6250995275
1655618400000.0,2022-06-19 06:00:00,ETH/BTC,0.0522075,0.052435,0.052,0.0522675,531.6273268761659,27.7868313075
1655614800000.0,2022-06-19 05:00:00,ETH/BTC,0.05229,0.0525475,0.05206,0.0522075,1223.904960206867,63.89701821
1655611200000.0,2022-06-19 04:00:00,ETH/BTC,0.052045,0.0523025,0.0519175,0.05229,431.78008797093133,22.5777808
1655607600000.0,2022-06-19 03:00:00,ETH/BTC,0.051715,0.052315,0.051715,0.052045,292.8183699202613,15.2397320625
1655604000000.0,2022-06-19 02:00:00,ETH/BTC,0.0520525,0.0522025,0.051525,0.051715,876.2654187856522,45.3160661325
1655600400000.0,2022-06-19 01:00:00,ETH/BTC,0.052225,0.052405,0.05192,0.0520525,487.0501443254406,25.3521776375
1655596800000.0,2022-06-19 00:00:00,ETH/BTC,0.052445,0.052775,0.0522,0.052225,1057.7525874102441,55.2411288775
1655593200000.0,2022-06-18 23:00:00,ETH/BTC,0.0516425,0.0524825,0.05156,0.052445,653.749798026504,34.2859081575
1655589600000.0,2022-06-18 22:00:00,ETH/BTC,0.05092,0.0519625,0.0508625,0.0516425,1471.5027473979765,75.9920806325
1655586000000.0,2022-06-18 21:00:00,ETH/BTC,0.0507825,0.0515775,0.0501025,0.05092,1955.3680816967792,99.56734272
1655582400000.0,2022-06-18 20:00:00,ETH/BTC,0.05066,0.0513975,0.0499025,0.0507825,2110.6478281888444,107.183973335
1655578800000.0,2022-06-18 19:00:00,ETH/BTC,0.05152,0.0515825,0.05058,0.05066,1873.7187494571656,94.9225918475
1655575200000.0,2022-06-18 18:00:00,ETH/BTC,0.0517025,0.05192,0.0513125,0.05152,1915.6535713315216,98.694471995
1655571600000.0,2022-06-18 17:00:00,ETH/BTC,0.0520475,0.05214,0.051455,0.0517025,966.3503735796143,49.96273019
1655568000000.0,2022-06-18 16:00:00,ETH/BTC,0.0522,0.0523425,0.0519825,0.0520475,296.21749752629813,15.4173802025
1655564400000.0,2022-06-18 15:00:00,ETH/BTC,0.05205,0.0522125,0.0519225,0.0522,276.95134841954024,14.4568603875
1655560800000.0,2022-06-18 14:00:00,ETH/BTC,0.05207,0.052185,0.0520125,0.05205,493.52495110470704,25.687973705
1655557200000.0,2022-06-18 13:00:00,ETH/BTC,0.052185,0.0522175,0.052015,0.05207,791.5439192913386,41.2156918775
1655553600000.0,2022-06-18 12:00:00,ETH/BTC,0.0521725,0.05239,0.05197,0.052185,217.28809705854172,11.339179345
1655550000000.0,2022-06-18 11:00:00,ETH/BTC,0.05191,0.052245,0.051845,0.0521725,732.535500119795,38.21820838
1655546400000.0,2022-06-18 10:00:00,ETH/BTC,0.0519175,0.0521,0.05162,0.05191,704.8333993931806,36.5879017625
1655542800000.0,2022-06-18 09:00:00,ETH/BTC,0.0521225,0.052185,0.05184,0.0519175,982.5049082679251,51.009198575
1655539200000.0,2022-06-18 08:00:00,ETH/BTC,0.0521475,0.05235,0.05179,0.0521225,1670.4019201880187,87.065524085
1655535600000.0,2022-06-18 07:00:00,ETH/BTC,0.052445,0.05263,0.05157,0.0521475,2133.5422489093435,111.258894425
1655532000000.0,2022-06-18 06:00:00,ETH/BTC,0.0527875,0.052805,0.0518575,0.0524525,1911.0186427243698,100.2377053575
1655528400000.0,2022-06-18 05:00:00,ETH/BTC,0.0527375,0.05282,0.052645,0.0527875,122.69094008998343,6.476548
1655524800000.0,2022-06-18 04:00:00,ETH/BTC,0.05275,0.05283,0.0526725,0.0527375,55.95315866319033,2.950829705
1655521200000.0,2022-06-18 03:00:00,ETH/BTC,0.0528675,0.0529,0.052745,0.05275,145.80702004739337,7.6913203075
1655517600000.0,2022-06-18 02:00:00,ETH/BTC,0.05276,0.0529,0.0525575,0.0528675,326.1942841537807,17.2450763175
1655514000000.0,2022-06-18 01:00:00,ETH/BTC,0.0529,0.05305,0.0526875,0.05276,338.5870140257771,17.86385086
1655510400000.0,2022-06-18 00:00:00,ETH/BTC,0.053085,0.053085,0.052785,0.0529,477.93705075614366,25.282869985
1655506800000.0,2022-06-17 23:00:00,ETH/BTC,0.052995,0.0532,0.0529775,0.053085,242.08664533295658,12.8511695675
1655503200000.0,2022-06-17 22:00:00,ETH/BTC,0.05262,0.0530175,0.052605,0.052995,550.6452287951694,29.1814439
1655499600000.0,2022-06-17 21:00:00,ETH/BTC,0.0530275,0.0531675,0.0526,0.05262,339.7469624667427,17.877485165
1655496000000.0,2022-06-17 20:00:00,ETH/BTC,0.0526625,0.0530975,0.052645,0.0530275,582.6386089764745,30.8958688375
1655492400000.0,2022-06-17 19:00:00,ETH/BTC,0.05266,0.0527425,0.052525,0.0526625,164.23901348207926,8.6492370475
1655488800000.0,2022-06-17 18:00:00,ETH/BTC,0.0524625,0.05269,0.0524125,0.05266,124.32250555450058,6.5468231425
1655485200000.0,2022-06-17 17:00:00,ETH/BTC,0.05232,0.052585,0.0521625,0.0524625,383.1604447462473,20.1015548325
1655481600000.0,2022-06-17 16:00:00,ETH/BTC,0.0524875,0.05263,0.05208,0.05232,769.3644093558868,40.2531458975
1655478000000.0,2022-06-17 15:00:00,ETH/BTC,0.052345,0.05252,0.0521575,0.05251,717.3174311559703,37.66633831
1655474400000.0,2022-06-17 14:00:00,ETH/BTC,0.052655,0.05267,0.05215,0.052345,1106.8281041646765,57.9369171125
1655470800000.0,2022-06-17 13:00:00,ETH/BTC,0.0520575,0.0527175,0.0519975,0.052655,594.0359631563954,31.27896364
1655467200000.0,2022-06-17 12:00:00,ETH/BTC,0.0521,0.052245,0.051705,0.0520575,280.7116655621188,14.61314753
1655463600000.0,2022-06-17 11:00:00,ETH/BTC,0.0523075,0.0523975,0.052065,0.0521,191.14861127639153,9.9588426475
1655460000000.0,2022-06-17 10:00:00,ETH/BTC,0.0521275,0.0523575,0.05208,0.0523075,93.93066285905462,4.9132781475
1655456400000.0,2022-06-17 09:00:00,ETH/BTC,0.0520075,0.052195,0.0519725,0.0521275,73.0806254376289,3.8095103025
1655452800000.0,2022-06-17 08:00:00,ETH/BTC,0.052085,0.0522325,0.051985,0.0520075,404.438947651781,21.03385857
1655449200000.0,2022-06-17 07:00:00,ETH/BTC,0.05287,0.052915,0.05201,0.052085,1951.308117692234,101.63388331
1655445600000.0,2022-06-17 06:00:00,ETH/BTC,0.05296,0.05296,0.0526575,0.05287,199.34569491204843,10.53940689
1655442000000.0,2022-06-17 05:00:00,ETH/BTC,0.05291,0.05306,0.052765,0.05296,69.55147040219033,3.6834458725
1655438400000.0,2022-06-17 04:00:00,ETH/BTC,0.05256,0.05301,0.0524825,0.05291,206.01669580419582,10.900343375
1655434800000.0,2022-06-17 03:00:00,ETH/BTC,0.05284,0.0529475,0.052535,0.05256,244.2589199486301,12.8382488325
1655431200000.0,2022-06-17 02:00:00,ETH/BTC,0.0530375,0.0531275,0.052675,0.05284,621.1777369417109,32.82303162
1655427600000.0,2022-06-17 01:00:00,ETH/BTC,0.0523325,0.0532925,0.0523275,0.0530375,1650.8257789300023,87.55567225
1655424000000.0,2022-06-17 00:00:00,ETH/BTC,0.05238,0.05275,0.0519225,0.0523325,911.2154166149144,47.68618079
1655420400000.0,2022-06-16 23:00:00,ETH/BTC,0.05238,0.0524725,0.051965,0.05238,878.7837338678885,46.03069198
1655416800000.0,2022-06-16 22:00:00,ETH/BTC,0.053335,0.05334,0.05234,0.05238,443.71411674303164,23.241745435
1655413200000.0,2022-06-16 21:00:00,ETH/BTC,0.0530925,0.05348,0.053035,0.053335,407.59488637855065,21.739073265
1655409600000.0,2022-06-16 20:00:00,ETH/BTC,0.0525,0.05316,0.0524725,0.0530925,468.9610411545887,24.8983140775
1655406000000.0,2022-06-16 19:00:00,ETH/BTC,0.052665,0.05291,0.0523225,0.0525,741.1042065714287,38.907970845
1655402400000.0,2022-06-16 18:00:00,ETH/BTC,0.0525475,0.05271,0.0523725,0.052665,1235.9828942371596,65.093039125
1655398800000.0,2022-06-16 17:00:00,ETH/BTC,0.0531475,0.053155,0.0525,0.0525475,1583.5835014986442,83.213354045
1655395200000.0,2022-06-16 16:00:00,ETH/BTC,0.05287,0.05341,0.05256,0.0531475,1659.893951032504,88.2192137625
1655391600000.0,2022-06-16 15:00:00,ETH/BTC,0.05253,0.053115,0.05253,0.05287,649.3456653111406,34.330905325
1655388000000.0,2022-06-16 14:00:00,ETH/BTC,0.0522125,0.05286,0.0520525,0.05253,980.6606105558728,51.5141018725
1655384400000.0,2022-06-16 13:00:00,ETH/BTC,0.0528125,0.0529975,0.0519,0.0522125,1078.9880873832894,56.3366655125
1655380800000.0,2022-06-16 12:00:00,ETH/BTC,0.0527825,0.05346,0.0527425,0.0528125,530.6230193609467,28.02352821
1655377200000.0,2022-06-16 11:00:00,ETH/BTC,0.05277,0.0529075,0.0525175,0.0527825,429.90146881068534,22.6912742775
1655373600000.0,2022-06-16 10:00:00,ETH/BTC,0.0530175,0.0531175,0.0524025,0.05277,1049.1623137199167,55.364295295
1655370000000.0,2022-06-16 09:00:00,ETH/BTC,0.05389,0.053945,0.05278,0.0530175,2170.2744575376055,115.0625260525
1655366400000.0,2022-06-16 08:00:00,ETH/BTC,0.0535325,0.05394,0.0533975,0.05389,885.741924707738,47.7326323225
1655362800000.0,2022-06-16 07:00:00,ETH/BTC,0.05395,0.05407,0.053365,0.0535325,2450.1546765983285,131.162905225
1655359200000.0,2022-06-16 06:00:00,ETH/BTC,0.0539025,0.0540375,0.053795,0.05395,214.95910393883227,11.5970436575
1655355600000.0,2022-06-16 05:00:00,ETH/BTC,0.0539475,0.0542975,0.0538775,0.0539025,371.3719359955475,20.01787578
1655352000000.0,2022-06-16 04:00:00,ETH/BTC,0.0544625,0.05459,0.0538075,0.0539475,486.2414302794383,26.23150956
1655348400000.0,2022-06-16 03:00:00,ETH/BTC,0.0542825,0.054545,0.053995,0.0544625,512.7411525820519,27.9251650225
1655344800000.0,2022-06-16 02:00:00,ETH/BTC,0.054355,0.05453,0.05417,0.0542825,575.5154520793994,31.2404175275
1655341200000.0,2022-06-16 01:00:00,ETH/BTC,0.0544575,0.0548325,0.05428,0.054355,579.3853369975163,31.4924899925
1655337600000.0,2022-06-16 00:00:00,ETH/BTC,0.0548225,0.05519,0.05433,0.0544575,909.90448739843,49.5511236225
1655334000000.0,2022-06-15 23:00:00,ETH/BTC,0.0542,0.05484,0.05416,0.0548225,412.36045109216104,22.60663083
1655330400000.0,2022-06-15 22:00:00,ETH/BTC,0.055245,0.0553375,0.05413,0.0542,592.4320728782287,32.10981835
1655326800000.0,2022-06-15 21:00:00,ETH/BTC,0.0544175,0.0557875,0.05433,0.055195,1237.6530727420961,68.31226135
1655323200000.0,2022-06-15 20:00:00,ETH/BTC,0.0541325,0.0544525,0.0537025,0.0544175,1250.1543489226813,68.0302742825
1655319600000.0,2022-06-15 19:00:00,ETH/BTC,0.05443,0.05486,0.0539225,0.0541325,3637.6379761695835,196.914437745
1655316000000.0,2022-06-15 18:00:00,ETH/BTC,0.05277,0.0547,0.051535,0.05443,9487.43656728826,516.4011723575
1655312400000.0,2022-06-15 17:00:00,ETH/BTC,0.052055,0.053015,0.05146,0.05277,1723.2702662023878,90.9369719475
1655308800000.0,2022-06-15 16:00:00,ETH/BTC,0.05228,0.052425,0.051695,0.052055,1065.6108723945827,55.4703739625
1655305200000.0,2022-06-15 15:00:00,ETH/BTC,0.05212,0.0524,0.051825,0.05228,400.73792023718437,20.95057847
1655301600000.0,2022-06-15 14:00:00,ETH/BTC,0.052885,0.0530375,0.0518525,0.05212,1377.679418457406,71.80465129
1655298000000.0,2022-06-15 13:00:00,ETH/BTC,0.05247,0.05326,0.05231,0.052885,1846.5120439160441,97.6527894425
1655294400000.0,2022-06-15 12:00:00,ETH/BTC,0.0529075,0.05338,0.05238,0.05247,2402.9850047169807,126.0846231975
1655290800000.0,2022-06-15 11:00:00,ETH/BTC,0.0517675,0.05346,0.0514575,0.0529075,1665.6694707744648,88.126407525
1655287200000.0,2022-06-15 10:00:00,ETH/BTC,0.050965,0.05204,0.0507575,0.0517675,1708.3092753175254,88.43490041
1655283600000.0,2022-06-15 09:00:00,ETH/BTC,0.0507675,0.05112,0.0503575,0.050965,2157.994921122339,109.982211155
1655280000000.0,2022-06-15 08:00:00,ETH/BTC,0.0528075,0.0528075,0.0506,0.0507675,3251.8161952528685,165.0865786925
1655276400000.0,2022-06-15 07:00:00,ETH/BTC,0.053245,0.0532825,0.05229,0.0528075,977.550904085594,51.6220193675
1655272800000.0,2022-06-15 06:00:00,ETH/BTC,0.0529275,0.05336,0.0526675,0.053245,912.4108674523429,48.5813166375
1655269200000.0,2022-06-15 05:00:00,ETH/BTC,0.053795,0.05387,0.05265,0.0529275,3223.0672541212034,170.5888920925
1655265600000.0,2022-06-15 04:00:00,ETH/BTC,0.0546675,0.05472,0.053615,0.053795,1491.5088384143507,80.2357179625
1655262000000.0,2022-06-15 03:00:00,ETH/BTC,0.0548225,0.0548925,0.05451,0.0546675,1002.395179402753,54.79843847
1655258400000.0,2022-06-15 02:00:00,ETH/BTC,0.0550825,0.055115,0.0546775,0.0548225,524.7794698344658,28.769722485
1655254800000.0,2022-06-15 01:00:00,ETH/BTC,0.0547,0.05521,0.05464,0.0550825,755.3721765533519,41.607787915
1655251200000.0,2022-06-15 00:00:00,ETH/BTC,0.054595,0.05501,0.054575,0.0547,300.7155630255941,16.4491412975
1655247600000.0,2022-06-14 23:00:00,ETH/BTC,0.0544975,0.0547975,0.0543975,0.054595,206.70163975638798,11.2848760225
1655244000000.0,2022-06-14 22:00:00,ETH/BTC,0.054445,0.054595,0.05433,0.0544975,245.9910327996697,13.40589631
1655240400000.0,2022-06-14 21:00:00,ETH/BTC,0.054075,0.054445,0.05372,0.054445,476.7978025530352,25.95925636
1655236800000.0,2022-06-14 20:00:00,ETH/BTC,0.05432,0.05441,0.0537925,0.054075,426.88788682385575,23.08396248
1655233200000.0,2022-06-14 19:00:00,ETH/BTC,0.0542525,0.05438,0.05401,0.05432,175.72613001656848,9.5454433825
1655229600000.0,2022-06-14 18:00:00,ETH/BTC,0.0542725,0.0546325,0.05409,0.0542525,555.8086958665499,30.1540112725
1655226000000.0,2022-06-14 17:00:00,ETH/BTC,0.05457,0.054735,0.0542725,0.0542725,412.249197567829,22.373794575
1655222400000.0,2022-06-14 16:00:00,ETH/BTC,0.055135,0.0556225,0.0543675,0.05457,725.4953585303281,39.590281715
1655218800000.0,2022-06-14 15:00:00,ETH/BTC,0.0542825,0.0554175,0.0541525,0.055135,1562.780143330008,86.1638832025
1655215200000.0,2022-06-14 14:00:00,ETH/BTC,0.0544,0.05463,0.05389,0.0542825,720.6306948832496,39.117635695
1655211600000.0,2022-06-14 13:00:00,ETH/BTC,0.0541,0.0545575,0.05397,0.0544,702.9418067095588,38.240034285
1655208000000.0,2022-06-14 12:00:00,ETH/BTC,0.053425,0.05445,0.0531,0.0541,2469.336511460259,133.59110527
1655204400000.0,2022-06-14 11:00:00,ETH/BTC,0.053015,0.053505,0.0529975,0.053425,778.8491037903602,41.61001337
1655200800000.0,2022-06-14 10:00:00,ETH/BTC,0.05345,0.05351,0.05285,0.053015,1157.293079788739,61.353892625
1655197200000.0,2022-06-14 09:00:00,ETH/BTC,0.0539525,0.0542225,0.0534,0.05345,815.562194667914,43.591799305
1655193600000.0,2022-06-14 08:00:00,ETH/BTC,0.054255,0.0543775,0.0537875,0.0539525,548.6645060006487,29.60182176
1655190000000.0,2022-06-14 07:00:00,ETH/BTC,0.0545325,0.0549275,0.053985,0.054255,1224.5586962952725,66.4384320675
1655186400000.0,2022-06-14 06:00:00,ETH/BTC,0.053985,0.05478,0.05378,0.05455,796.106067644363,43.42758599
1655182800000.0,2022-06-14 05:00:00,ETH/BTC,0.0526625,0.0540125,0.0524875,0.053985,2470.513693387052,133.3706817375
1655179200000.0,2022-06-14 04:00:00,ETH/BTC,0.0530625,0.05325,0.05217,0.0526625,811.9696601471635,42.7603522275
1655175600000.0,2022-06-14 03:00:00,ETH/BTC,0.0519325,0.0530725,0.05177,0.0530675,1124.216692184482,59.6593693125
1655172000000.0,2022-06-14 02:00:00,ETH/BTC,0.0528675,0.053,0.051105,0.0519325,4016.2242939873872,208.5725681475
1655168400000.0,2022-06-14 01:00:00,ETH/BTC,0.053895,0.05454,0.0528075,0.0528675,2943.232981557668,155.6013696525
1655164800000.0,2022-06-14 00:00:00,ETH/BTC,0.053815,0.0539775,0.05361,0.053895,967.6771923647834,52.1529622825
1655161200000.0,2022-06-13 23:00:00,ETH/BTC,0.0528725,0.0538975,0.0528575,0.053815,2078.6904926135835,111.86472886
1655157600000.0,2022-06-13 22:00:00,ETH/BTC,0.0533375,0.0535125,0.05277,0.0528725,947.3941300770722,50.0910961425
1655154000000.0,2022-06-13 21:00:00,ETH/BTC,0.0534325,0.053585,0.0532625,0.0533375,218.76137712678698,11.6681849525
1655150400000.0,2022-06-13 20:00:00,ETH/BTC,0.0529375,0.0539475,0.052915,0.0534325,1119.6928950077202,59.8279906125
1655146800000.0,2022-06-13 19:00:00,ETH/BTC,0.05267,0.0530325,0.0526175,0.05294,682.62649234983,36.138246505
1655143200000.0,2022-06-13 18:00:00,ETH/BTC,0.0526425,0.052955,0.0524525,0.05267,421.78509725650275,22.2154210725
1655139600000.0,2022-06-13 17:00:00,ETH/BTC,0.0522525,0.0526825,0.0521225,0.0526425,368.4864948948093,19.3980503075
1655136000000.0,2022-06-13 16:00:00,ETH/BTC,0.052865,0.0530375,0.0521475,0.0522525,1661.4908067556576,86.81704838
1655132400000.0,2022-06-13 15:00:00,ETH/BTC,0.052295,0.0531,0.05222,0.052865,1933.1435338598317,102.1956329175
1655128800000.0,2022-06-13 14:00:00,ETH/BTC,0.052325,0.0525875,0.051475,0.052295,1174.9696908882302,61.445039985
1655125200000.0,2022-06-13 13:00:00,ETH/BTC,0.051425,0.05237,0.05122,0.052325,720.1388455805064,37.681265095
1655121600000.0,2022-06-13 12:00:00,ETH/BTC,0.050945,0.05183,0.05092,0.051425,1130.9165388429751,58.15738301
1655118000000.0,2022-06-13 11:00:00,ETH/BTC,0.05094,0.0511075,0.050075,0.050945,2046.1391732751008,104.2405601825
1655114400000.0,2022-06-13 10:00:00,ETH/BTC,0.051475,0.051975,0.050895,0.05094,1003.7576841382019,51.13141643
1655110800000.0,2022-06-13 09:00:00,ETH/BTC,0.049915,0.0515975,0.0491,0.051475,3497.1740009713453,180.0170317
1655107200000.0,2022-06-13 08:00:00,ETH/BTC,0.05172,0.05178,0.04979,0.049915,2627.1860687669036,131.1359926225
1655103600000.0,2022-06-13 07:00:00,ETH/BTC,0.0522275,0.05262,0.0513025,0.05172,1102.2090705239752,57.0062531275
1655100000000.0,2022-06-13 06:00:00,ETH/BTC,0.05246,0.0527425,0.0516275,0.0522275,808.3459379158489,42.2178874725
1655096400000.0,2022-06-13 05:00:00,ETH/BTC,0.0531425,0.05322,0.05234,0.05246,595.5407929374762,31.2420699975
1655092800000.0,2022-06-13 04:00:00,ETH/BTC,0.05296,0.0534175,0.0526325,0.053135,1301.0841945986638,69.13310868
1655089200000.0,2022-06-13 03:00:00,ETH/BTC,0.05282,0.0534425,0.052185,0.05296,2735.3748731117826,144.86545328
1655085600000.0,2022-06-13 02:00:00,ETH/BTC,0.05294,0.053,0.0524475,0.05282,189.71524010791367,10.0207589825
1655082000000.0,2022-06-13 01:00:00,ETH/BTC,0.0527125,0.052945,0.0517875,0.05294,3051.391986777484,161.54069178
1655078400000.0,2022-06-13 00:00:00,ETH/BTC,0.05399,0.0541825,0.0526,0.0527125,4406.117726535452,232.25748066
1655074800000.0,2022-06-12 23:00:00,ETH/BTC,0.05396,0.05428,0.0539,0.05399,128.50869531394702,6.93818446
1655071200000.0,2022-06-12 22:00:00,ETH/BTC,0.05388,0.0541475,0.05364,0.05396,566.297031782802,30.557387835
1655067600000.0,2022-06-12 21:00:00,ETH/BTC,0.053985,0.054045,0.0537975,0.05388,52.97324350408315,2.85419836
1655064000000.0,2022-06-12 20:00:00,ETH/BTC,0.0539725,0.0540675,0.05393,0.053985,128.35588834861537,6.9292926325
1655060400000.0,2022-06-12 19:00:00,ETH/BTC,0.054215,0.0542975,0.0536925,0.0539725,332.5589626198527,17.94903861
1655056800000.0,2022-06-12 18:00:00,ETH/BTC,0.0540925,0.054305,0.0539975,0.054215,220.35780120815272,11.9466981925
1655053200000.0,2022-06-12 17:00:00,ETH/BTC,0.053945,0.0541775,0.0539,0.0540925,146.2977895734159,7.9136131825
1655049600000.0,2022-06-12 16:00:00,ETH/BTC,0.05432,0.05443,0.0538,0.053945,247.46708527203634,13.349611915
1655046000000.0,2022-06-12 15:00:00,ETH/BTC,0.0542825,0.0546775,0.05418,0.05432,333.6834519053756,18.1256851075
1655042400000.0,2022-06-12 14:00:00,ETH/BTC,0.0530225,0.05474,0.0529575,0.0542825,955.9966518214894,51.8938882525
1655038800000.0,2022-06-12 13:00:00,ETH/BTC,0.053335,0.053475,0.0528475,0.0530225,864.1621378188504,45.8200369525
1655035200000.0,2022-06-12 12:00:00,ETH/BTC,0.0535125,0.053565,0.05331,0.053335,207.77818018186932,11.08184924
1655031600000.0,2022-06-12 11:00:00,ETH/BTC,0.0532225,0.0535475,0.0530975,0.0535125,162.8631323055361,8.7152133675
1655028000000.0,2022-06-12 10:00:00,ETH/BTC,0.0533,0.05356,0.0532225,0.0532225,288.5347718540091,15.356541895
1655024400000.0,2022-06-12 09:00:00,ETH/BTC,0.0533425,0.05359,0.0532025,0.0533,159.3138559099437,8.49142852
1655020800000.0,2022-06-12 08:00:00,ETH/BTC,0.053225,0.053645,0.05315,0.0533425,673.5601379762852,35.92938166
1655017200000.0,2022-06-12 07:00:00,ETH/BTC,0.0530725,0.0532925,0.05289,0.053225,249.1406380930014,13.2605104625
1655013600000.0,2022-06-12 06:00:00,ETH/BTC,0.052445,0.0532775,0.0524225,0.0530725,403.12047599981156,21.3946114625
1655010000000.0,2022-06-12 05:00:00,ETH/BTC,0.052955,0.0529725,0.052315,0.052445,588.496152302412,30.8636807075
1655006400000.0,2022-06-12 04:00:00,ETH/BTC,0.0532475,0.053515,0.052955,0.052955,387.2380591539986,20.5061914225
1655002800000.0,2022-06-12 03:00:00,ETH/BTC,0.0529925,0.0533675,0.0528725,0.0532475,932.4410842762571,49.650156635
1654999200000.0,2022-06-12 02:00:00,ETH/BTC,0.0535925,0.05368,0.052435,0.0529825,1607.1624038125797,85.15148206
1654995600000.0,2022-06-12 01:00:00,ETH/BTC,0.0539325,0.05395,0.0534325,0.0535925,215.31088197975464,11.5390484425
1654992000000.0,2022-06-12 00:00:00,ETH/BTC,0.0539225,0.054075,0.0538175,0.0539325,41.2241268715524,2.2233202225
1654988400000.0,2022-06-11 23:00:00,ETH/BTC,0.054085,0.054085,0.0538825,0.0539225,54.77680638879875,2.9537023425
1654984800000.0,2022-06-11 22:00:00,ETH/BTC,0.053915,0.0541675,0.05391,0.054085,328.7590771470833,17.7809346875
1654981200000.0,2022-06-11 21:00:00,ETH/BTC,0.05361,0.053955,0.0535775,0.053915,142.54158939998146,7.6851297925
1654977600000.0,2022-06-11 20:00:00,ETH/BTC,0.054085,0.05418,0.0535325,0.05361,379.3612686532363,20.3375576125
1654974000000.0,2022-06-11 19:00:00,ETH/BTC,0.0542175,0.0544175,0.0539975,0.054085,867.810819681982,46.9355481825
1654970400000.0,2022-06-11 18:00:00,ETH/BTC,0.0538225,0.0547075,0.05374,0.0542175,378.57584511458475,20.5254358825
1654966800000.0,2022-06-11 17:00:00,ETH/BTC,0.0539525,0.05406,0.0537375,0.0538225,968.5144023410282,52.12786642
1654963200000.0,2022-06-11 16:00:00,ETH/BTC,0.0534225,0.0542425,0.0533975,0.0539525,464.83561100041703,25.0790433025
1654959600000.0,2022-06-11 15:00:00,ETH/BTC,0.053705,0.0538325,0.05301,0.0534225,1023.5147854836445,54.6787186275
1654956000000.0,2022-06-11 14:00:00,ETH/BTC,0.054645,0.054645,0.05341,0.053705,2527.699254817987,135.75008848
1654952400000.0,2022-06-11 13:00:00,ETH/BTC,0.0545,0.0548025,0.054445,0.054645,289.9792869429957,15.845918135
1654948800000.0,2022-06-11 12:00:00,ETH/BTC,0.0548325,0.05516,0.05434,0.0545,516.0488271100918,28.1246610775
1654945200000.0,2022-06-11 11:00:00,ETH/BTC,0.054865,0.0549675,0.054475,0.0548325,459.07321465371814,25.1721320425
1654941600000.0,2022-06-11 10:00:00,ETH/BTC,0.05492,0.0551425,0.0547675,0.054865,816.1158828032444,44.77619791
1654938000000.0,2022-06-11 09:00:00,ETH/BTC,0.05439,0.0553125,0.0534225,0.05492,1856.0796870903134,101.935896415
1654934400000.0,2022-06-11 08:00:00,ETH/BTC,0.05685,0.0569175,0.05439,0.05439,1920.0451772384629,104.43125719
1654930800000.0,2022-06-11 07:00:00,ETH/BTC,0.0568075,0.056895,0.056755,0.05685,1062.2444493843448,60.3885969475
1654927200000.0,2022-06-11 06:00:00,ETH/BTC,0.05697,0.0570275,0.056765,0.0568075,135.1634158781851,7.6782957475
1654923600000.0,2022-06-11 05:00:00,ETH/BTC,0.0570875,0.05709,0.0568625,0.05697,216.2896316482359,12.322020315
1654920000000.0,2022-06-11 04:00:00,ETH/BTC,0.057025,0.0571475,0.057025,0.0570875,51.99515436829429,2.968273375
1654916400000.0,2022-06-11 03:00:00,ETH/BTC,0.0571775,0.057195,0.057025,0.057025,146.45418697939502,8.3515500125
1654912800000.0,2022-06-11 02:00:00,ETH/BTC,0.0573825,0.0573825,0.0571275,0.0571775,1502.836613746666,85.9284404825
1654909200000.0,2022-06-11 01:00:00,ETH/BTC,0.0574375,0.057455,0.05734,0.0573825,243.05299106870558,13.94698826
1654905600000.0,2022-06-11 00:00:00,ETH/BTC,0.05715,0.0575325,0.057085,0.0574375,257.97426071817193,14.8173966
1654902000000.0,2022-06-10 23:00:00,ETH/BTC,0.057405,0.057405,0.057015,0.05715,286.8414723534558,16.392990145
1654898400000.0,2022-06-10 22:00:00,ETH/BTC,0.057475,0.05754,0.0573975,0.057405,291.1122866475046,16.711300815
1654894800000.0,2022-06-10 21:00:00,ETH/BTC,0.0574775,0.05755,0.0572575,0.057475,232.51521761635493,13.3638121325
1654891200000.0,2022-06-10 20:00:00,ETH/BTC,0.057575,0.05769,0.0574525,0.0574775,139.71021169153144,8.0301936925
1654887600000.0,2022-06-10 19:00:00,ETH/BTC,0.057795,0.057795,0.0575675,0.057575,124.42030686061659,7.1634991675
1654884000000.0,2022-06-10 18:00:00,ETH/BTC,0.057815,0.0579075,0.0576975,0.057795,145.2707062894714,8.39592047
1654880400000.0,2022-06-10 17:00:00,ETH/BTC,0.0579125,0.05812,0.0577675,0.057815,662.6940946986076,38.313659085
1654876800000.0,2022-06-10 16:00:00,ETH/BTC,0.0586275,0.0586875,0.0574625,0.0579125,1239.716407899849,71.7950764725
1654873200000.0,2022-06-10 15:00:00,ETH/BTC,0.058805,0.0588175,0.0586275,0.0586275,488.5331883075349,28.6414794975
1654869600000.0,2022-06-10 14:00:00,ETH/BTC,0.058795,0.0589875,0.0587625,0.058805,290.82716507950005,17.1020914425
1654866000000.0,2022-06-10 13:00:00,ETH/BTC,0.05834,0.058795,0.058025,0.058795,708.845026235224,41.6765433175
1654862400000.0,2022-06-10 12:00:00,ETH/BTC,0.05903,0.0591175,0.0582075,0.05834,2092.105761570106,122.05345013
1654858800000.0,2022-06-10 11:00:00,ETH/BTC,0.059045,0.05918,0.059,0.05903,1091.2251088006099,64.4150181725
1654855200000.0,2022-06-10 10:00:00,ETH/BTC,0.0591225,0.059175,0.05901,0.0590425,1619.4107337511116,95.6140582475
1654851600000.0,2022-06-10 09:00:00,ETH/BTC,0.0594825,0.0594975,0.0591025,0.0591225,259.14369148801217,15.3212229
1654848000000.0,2022-06-10 08:00:00,ETH/BTC,0.05951,0.05961,0.05947,0.0594825,205.12535048123397,12.20136866
1654844400000.0,2022-06-10 07:00:00,ETH/BTC,0.0594575,0.05955,0.05942,0.05951,351.0524784490002,20.8911329925
1654840800000.0,2022-06-10 06:00:00,ETH/BTC,0.0595275,0.0596125,0.0594575,0.0594575,188.55519648488416,11.211020595
1654837200000.0,2022-06-10 05:00:00,ETH/BTC,0.0595825,0.0596275,0.059495,0.0595275,270.88482369493096,16.1250963425
1654833600000.0,2022-06-10 04:00:00,ETH/BTC,0.0595225,0.0596175,0.0594775,0.0595825,75.24806784710277,4.4834680025
1654830000000.0,2022-06-10 03:00:00,ETH/BTC,0.0595025,0.059645,0.05936,0.0595225,344.95213612499475,20.5324135225
1654826400000.0,2022-06-10 02:00:00,ETH/BTC,0.0594425,0.0595775,0.059435,0.0595025,191.3909815133818,11.3882418775
1654822800000.0,2022-06-10 01:00:00,ETH/BTC,0.0596125,0.0596325,0.0593875,0.0594425,377.9019375867435,22.463435925
1654819200000.0,2022-06-10 00:00:00,ETH/BTC,0.0594,0.059665,0.05866,0.059615,2358.1061472364336,140.5784979675
1654815600000.0,2022-06-09 23:00:00,ETH/BTC,0.0594625,0.0595025,0.0593975,0.0594,99.8233026936027,5.92950418
1654812000000.0,2022-06-09 22:00:00,ETH/BTC,0.0595375,0.0595725,0.059455,0.0594625,99.60565600168172,5.92280132
1654808400000.0,2022-06-09 21:00:00,ETH/BTC,0.0594675,0.0595425,0.059445,0.0595375,35.31300575267688,2.10244808
1654804800000.0,2022-06-09 20:00:00,ETH/BTC,0.059415,0.0595475,0.0593925,0.0594675,137.28706886114264,8.1641187675
1654801200000.0,2022-06-09 19:00:00,ETH/BTC,0.05945,0.0595,0.05933,0.059415,137.97384301102417,8.1977158825
1654797600000.0,2022-06-09 18:00:00,ETH/BTC,0.059525,0.059565,0.0594175,0.05945,213.6457996215307,12.7012427875
1654794000000.0,2022-06-09 17:00:00,ETH/BTC,0.05968,0.0597475,0.05952,0.059525,468.96409092818146,27.9150875125
1654790400000.0,2022-06-09 16:00:00,ETH/BTC,0.0593775,0.05968,0.059355,0.05968,1220.944990616622,72.86599704
1654786800000.0,2022-06-09 15:00:00,ETH/BTC,0.0594475,0.0595175,0.0592825,0.0593775,199.7960192412951,11.8633881325
1654783200000.0,2022-06-09 14:00:00,ETH/BTC,0.0595375,0.0595575,0.0593625,0.0594475,220.35277677782918,13.0994216975
1654779600000.0,2022-06-09 13:00:00,ETH/BTC,0.0595725,0.0596575,0.0593575,0.0595375,234.83430199454128,13.981447255
1654776000000.0,2022-06-09 12:00:00,ETH/BTC,0.05956,0.0597875,0.059545,0.0595725,203.96016748499727,12.1504170775
1654772400000.0,2022-06-09 11:00:00,ETH/BTC,0.0595025,0.059635,0.0594925,0.05956,250.50685136836802,14.9201880675
1654768800000.0,2022-06-09 10:00:00,ETH/BTC,0.0595675,0.0595875,0.0594725,0.0595025,182.53692626360237,10.861403455
1654765200000.0,2022-06-09 09:00:00,ETH/BTC,0.059535,0.059825,0.05951,0.0595675,412.9851596508163,24.6004934975
1654761600000.0,2022-06-09 08:00:00,ETH/BTC,0.0594275,0.059565,0.05939,0.059535,163.3458804064836,9.72479699
1654758000000.0,2022-06-09 07:00:00,ETH/BTC,0.0592925,0.0594275,0.0592225,0.0594275,73.79274683437802,4.3853184625
1654754400000.0,2022-06-09 06:00:00,ETH/BTC,0.0593625,0.0593725,0.05929,0.0592925,11.191689716237299,0.6635832625
1654750800000.0,2022-06-09 05:00:00,ETH/BTC,0.0594175,0.0594575,0.05935,0.0593625,133.52456201305537,7.9263518125
1654747200000.0,2022-06-09 04:00:00,ETH/BTC,0.0593925,0.0594375,0.059335,0.0594175,37.95735179029747,2.25533095
1654743600000.0,2022-06-09 03:00:00,ETH/BTC,0.05942,0.0594975,0.0593775,0.0593925,157.93718301974155,9.3802841425
1654740000000.0,2022-06-09 02:00:00,ETH/BTC,0.059235,0.059505,0.05919,0.05942,222.67112457926623,13.2311182225
1654736400000.0,2022-06-09 01:00:00,ETH/BTC,0.0592625,0.059395,0.05923,0.059235,21.037202456318056,1.2461386875
1654732800000.0,2022-06-09 00:00:00,ETH/BTC,0.0593025,0.0593875,0.059105,0.0592625,51.419029698375866,3.0472202475
1654729200000.0,2022-06-08 23:00:00,ETH/BTC,0.059395,0.059435,0.0592825,0.0593025,124.76687003077441,7.39898731
1654725600000.0,2022-06-08 22:00:00,ETH/BTC,0.05948,0.059495,0.0593575,0.059395,72.58184969273508,4.3109989625
1654722000000.0,2022-06-08 21:00:00,ETH/BTC,0.0594675,0.05949,0.0592825,0.05948,493.74505695191664,29.3679559875
1654718400000.0,2022-06-08 20:00:00,ETH/BTC,0.05939,0.059575,0.05939,0.0594675,46.386891495354604,2.75851247
1654714800000.0,2022-06-08 19:00:00,ETH/BTC,0.0592825,0.0594925,0.0592375,0.05939,87.12205573328843,5.17417889
1654711200000.0,2022-06-08 18:00:00,ETH/BTC,0.059295,0.059375,0.0591325,0.0592825,106.2652695567832,6.2996708425
1654707600000.0,2022-06-08 17:00:00,ETH/BTC,0.0592225,0.059355,0.059175,0.059295,176.00118483851926,10.435990255
1654704000000.0,2022-06-08 16:00:00,ETH/BTC,0.059575,0.059715,0.059135,0.0592225,640.8983087508971,37.95560009
1654700400000.0,2022-06-08 15:00:00,ETH/BTC,0.059195,0.0596275,0.059185,0.059575,72.52954179605538,4.3209474525
1654696800000.0,2022-06-08 14:00:00,ETH/BTC,0.05927,0.059445,0.059195,0.059195,163.27127498099503,9.6648431225
1654693200000.0,2022-06-08 13:00:00,ETH/BTC,0.059475,0.05965,0.05927,0.05927,587.1438564197739,34.80001637
1654689600000.0,2022-06-08 12:00:00,ETH/BTC,0.05946,0.0594775,0.05921,0.059475,68.1865023959647,4.05539223
1654686000000.0,2022-06-08 11:00:00,ETH/BTC,0.0594275,0.059525,0.0593775,0.05946,56.49342116548941,3.3590988225
1654682400000.0,2022-06-08 10:00:00,ETH/BTC,0.059515,0.059515,0.0593475,0.0594275,40.60908901602793,2.4132966375
1654678800000.0,2022-06-08 09:00:00,ETH/BTC,0.059265,0.059515,0.05915,0.059515,111.85805519616903,6.657232155
1654675200000.0,2022-06-08 08:00:00,ETH/BTC,0.0590975,0.059295,0.059025,0.059265,108.2107768919261,6.4131116925
1654671600000.0,2022-06-08 07:00:00,ETH/BTC,0.05916,0.05922,0.058995,0.0590975,1042.1839975464275,61.590468795
1654668000000.0,2022-06-08 06:00:00,ETH/BTC,0.05932,0.05932,0.05913,0.05916,206.76558578431374,12.232252055
1654664400000.0,2022-06-08 05:00:00,ETH/BTC,0.0591025,0.0593775,0.0590675,0.05932,409.4681732130816,24.289652035
1654660800000.0,2022-06-08 04:00:00,ETH/BTC,0.0592575,0.0595575,0.0588775,0.0591025,1004.6903826403283,59.37971334
1654657200000.0,2022-06-08 03:00:00,ETH/BTC,0.0588925,0.0595575,0.0586475,0.0592575,699.2418762182003,41.43532548
1654653600000.0,2022-06-08 02:00:00,ETH/BTC,0.0585275,0.0588925,0.0584675,0.0588925,67.43172288491743,3.97122274
1654650000000.0,2022-06-08 01:00:00,ETH/BTC,0.058375,0.058555,0.0581225,0.0585275,123.46890154201016,7.226326135
1654646400000.0,2022-06-08 00:00:00,ETH/BTC,0.058255,0.058405,0.0582525,0.058375,122.23872244111348,7.1356854225
1654642800000.0,2022-06-07 23:00:00,ETH/BTC,0.05785,0.0583925,0.05765,0.058255,385.6836354390181,22.4680001825
1654639200000.0,2022-06-07 22:00:00,ETH/BTC,0.05864,0.05872,0.0576,0.0578525,1647.49614472149,95.3117707125
1654635600000.0,2022-06-07 21:00:00,ETH/BTC,0.0588525,0.0588525,0.0585625,0.05864,4036.121354834584,236.6781562475
1654632000000.0,2022-06-07 20:00:00,ETH/BTC,0.0594925,0.0595975,0.0587925,0.0588525,674.8960358523427,39.71931895
1654628400000.0,2022-06-07 19:00:00,ETH/BTC,0.0598775,0.059935,0.0593725,0.0594925,240.95645984788,14.3351021875
1654624800000.0,2022-06-07 18:00:00,ETH/BTC,0.0595275,0.0599,0.0594725,0.0598775,103.88625226504112,6.22044907
1654621200000.0,2022-06-07 17:00:00,ETH/BTC,0.059605,0.05975,0.05933,0.0595275,346.6089853849062,20.6327663775
1654617600000.0,2022-06-07 16:00:00,ETH/BTC,0.0596,0.059635,0.059455,0.059605,169.14039124234546,10.08161302
1654614000000.0,2022-06-07 15:00:00,ETH/BTC,0.0596525,0.059705,0.0595075,0.0596,165.39397390939595,9.857480845
1654610400000.0,2022-06-07 14:00:00,ETH/BTC,0.0595725,0.05985,0.0594875,0.0596525,1022.5723042621852,60.99899438
1654606800000.0,2022-06-07 13:00:00,ETH/BTC,0.05936,0.05969,0.0593125,0.0595775,71.95679560236667,4.28700599
1654603200000.0,2022-06-07 12:00:00,ETH/BTC,0.0593975,0.0594625,0.0590425,0.05936,158.54744512297844,9.4113763425
1654599600000.0,2022-06-07 11:00:00,ETH/BTC,0.0596925,0.059705,0.0593475,0.0593975,847.6524416431669,50.3484359025
1654596000000.0,2022-06-07 10:00:00,ETH/BTC,0.05964,0.0597175,0.05962,0.0596925,1416.93770389915,84.58055389
1654592400000.0,2022-06-07 09:00:00,ETH/BTC,0.0596925,0.0597175,0.05961,0.05964,143.60479175050304,8.56458978
1654588800000.0,2022-06-07 08:00:00,ETH/BTC,0.0596025,0.05982,0.05955,0.0596925,213.43693763873182,12.7405844
1654585200000.0,2022-06-07 07:00:00,ETH/BTC,0.059455,0.05962,0.059455,0.0596025,84.16099106581099,5.01620547
1654581600000.0,2022-06-07 06:00:00,ETH/BTC,0.059495,0.05952,0.0594225,0.059455,115.3050698006896,6.855462925
1654578000000.0,2022-06-07 05:00:00,ETH/BTC,0.0593725,0.05955,0.0593575,0.059495,340.3162743928061,20.247116745
1654574400000.0,2022-06-07 04:00:00,ETH/BTC,0.0594075,0.0594275,0.05929,0.0593725,228.8463910059371,13.58718235
1654570800000.0,2022-06-07 03:00:00,ETH/BTC,0.0592025,0.0594425,0.0591825,0.0594075,191.2575680680049,11.362133975
1654567200000.0,2022-06-07 02:00:00,ETH/BTC,0.058925,0.05923,0.05878,0.0592025,640.8640890587391,37.9407562325
1654563600000.0,2022-06-07 01:00:00,ETH/BTC,0.0582225,0.058985,0.0581975,0.058925,3150.5546217225287,185.646431085
1654560000000.0,2022-06-07 00:00:00,ETH/BTC,0.059265,0.05945,0.05767,0.0582225,1295.785358795998,75.4438630525
1654556400000.0,2022-06-06 23:00:00,ETH/BTC,0.059075,0.05933,0.0590725,0.059265,148.32571353243907,8.7905234125
1654552800000.0,2022-06-06 22:00:00,ETH/BTC,0.059475,0.0595025,0.05903,0.059075,231.98643393990687,13.704598585
1654549200000.0,2022-06-06 21:00:00,ETH/BTC,0.059155,0.0594775,0.05911,0.059475,286.00484392601936,17.0101380925
1654545600000.0,2022-06-06 20:00:00,ETH/BTC,0.05922,0.059295,0.059045,0.059155,867.5385147071253,51.3192408375
1654542000000.0,2022-06-06 19:00:00,ETH/BTC,0.05936,0.05941,0.0592175,0.05922,149.73071200607902,8.867052765
1654538400000.0,2022-06-06 18:00:00,ETH/BTC,0.0592075,0.0594725,0.0591975,0.05936,303.3487263729784,18.0067803975
1654534800000.0,2022-06-06 17:00:00,ETH/BTC,0.05935,0.0594275,0.059165,0.0592075,1142.9154846936622,67.66916856
1654531200000.0,2022-06-06 16:00:00,ETH/BTC,0.0598225,0.0598475,0.05922,0.05935,553.9034224515586,32.8741681225
1654527600000.0,2022-06-06 15:00:00,ETH/BTC,0.060105,0.0601125,0.0598225,0.0598225,1489.6686453257553,89.115702535
1654524000000.0,2022-06-06 14:00:00,ETH/BTC,0.06057,0.0605925,0.060075,0.060105,541.0651048581649,32.5207181275
1654520400000.0,2022-06-06 13:00:00,ETH/BTC,0.0608,0.0608575,0.0604625,0.06057,309.2272892108304,18.7298969075
1654516800000.0,2022-06-06 12:00:00,ETH/BTC,0.0607925,0.0609925,0.0607725,0.0608,473.86854736842105,28.81120768
1654513200000.0,2022-06-06 11:00:00,ETH/BTC,0.06061,0.0609225,0.0605875,0.0607925,529.1330847143973,32.1673230525
1654509600000.0,2022-06-06 10:00:00,ETH/BTC,0.0607375,0.0608275,0.0605925,0.06061,331.18428254413465,20.073079365
1654506000000.0,2022-06-06 09:00:00,ETH/BTC,0.060535,0.0607375,0.06042,0.0607375,1903.828440666804,115.633779915
1654502400000.0,2022-06-06 08:00:00,ETH/BTC,0.060495,0.06062,0.060375,0.060535,672.4003858924589,40.70375736
1654498800000.0,2022-06-06 07:00:00,ETH/BTC,0.0602975,0.060495,0.060285,0.060495,220.15990346309613,13.31857336
1654495200000.0,2022-06-06 06:00:00,ETH/BTC,0.059995,0.0603475,0.0598925,0.0602975,422.03162282847546,25.4474517775
1654491600000.0,2022-06-06 05:00:00,ETH/BTC,0.0602175,0.06036,0.0599625,0.059995,453.7126051754313,27.2204877475
1654488000000.0,2022-06-06 04:00:00,ETH/BTC,0.060085,0.06024,0.0600625,0.0602175,209.58132353551707,12.62046335
1654484400000.0,2022-06-06 03:00:00,ETH/BTC,0.060365,0.0604725,0.060085,0.060085,201.11237409503204,12.0838369975
1654480800000.0,2022-06-06 02:00:00,ETH/BTC,0.060445,0.060465,0.0599975,0.060365,224.91009666197297,13.576697985
1654477200000.0,2022-06-06 01:00:00,ETH/BTC,0.0605925,0.0606825,0.060365,0.060445,198.5376891802465,12.0006106225
1654473600000.0,2022-06-06 00:00:00,ETH/BTC,0.06035,0.06074,0.0603425,0.0605925,331.69084734084254,20.0979776675
1654470000000.0,2022-06-05 23:00:00,ETH/BTC,0.0604675,0.060535,0.0603,0.06035,107.46976756420878,6.4858004725
1654466400000.0,2022-06-05 22:00:00,ETH/BTC,0.06049,0.0605975,0.060395,0.0604675,87.19384437921198,5.272393785
1654462800000.0,2022-06-05 21:00:00,ETH/BTC,0.0604675,0.06058,0.0604125,0.06049,290.2040451727558,17.5544426925
1654459200000.0,2022-06-05 20:00:00,ETH/BTC,0.0606,0.0606625,0.060465,0.0604675,77.01834291148138,4.65710665
1654455600000.0,2022-06-05 19:00:00,ETH/BTC,0.0605475,0.0606325,0.0605425,0.0606,207.06977318481847,12.548428255
1654452000000.0,2022-06-05 18:00:00,ETH/BTC,0.06077,0.0608325,0.0605425,0.0605475,257.25659110615635,15.57624345
1654448400000.0,2022-06-05 17:00:00,ETH/BTC,0.0602775,0.0607725,0.0602675,0.06077,439.90449131973014,26.7329959375
1654444800000.0,2022-06-05 16:00:00,ETH/BTC,0.0604575,0.06048,0.060255,0.0602775,378.0141767657916,22.78574954
1654441200000.0,2022-06-05 15:00:00,ETH/BTC,0.06025,0.06047,0.06023,0.0604575,340.1414875739156,20.564103985
1654437600000.0,2022-06-05 14:00:00,ETH/BTC,0.06016,0.060335,0.0600825,0.06025,202.66864132780083,12.21078564
1654434000000.0,2022-06-05 13:00:00,ETH/BTC,0.06026,0.0603,0.0601325,0.06016,176.94320674035907,10.6449033175
1654430400000.0,2022-06-05 12:00:00,ETH/BTC,0.060165,0.0602725,0.0601275,0.06026,176.49493416030535,10.6355847325
1654426800000.0,2022-06-05 11:00:00,ETH/BTC,0.060065,0.06022,0.060045,0.060165,284.5872732485664,17.122193295
1654423200000.0,2022-06-05 10:00:00,ETH/BTC,0.0601,0.060165,0.060045,0.060065,179.87675268459168,10.80429715
1654419600000.0,2022-06-05 09:00:00,ETH/BTC,0.06023,0.060265,0.0600125,0.0601,191.25175678036607,11.4942305825
1654416000000.0,2022-06-05 08:00:00,ETH/BTC,0.06024,0.0603675,0.06021,0.06023,71.49258625269799,4.30599847
1654412400000.0,2022-06-05 07:00:00,ETH/BTC,0.060245,0.06031,0.0602125,0.06024,139.40258096779547,8.3976114775
1654408800000.0,2022-06-05 06:00:00,ETH/BTC,0.0603225,0.0603325,0.0602325,0.0602525,130.85029608729928,7.884057465
1654405200000.0,2022-06-05 05:00:00,ETH/BTC,0.060225,0.060345,0.0602175,0.0603225,302.3729306229019,18.2398911075
1654401600000.0,2022-06-05 04:00:00,ETH/BTC,0.06024,0.0602825,0.06016,0.060225,107.86979613947696,6.4964584725
1654398000000.0,2022-06-05 03:00:00,ETH/BTC,0.06019,0.060285,0.0601625,0.06024,87.86541484063744,5.29301259
1654394400000.0,2022-06-05 02:00:00,ETH/BTC,0.0601575,0.0602425,0.06012,0.06019,202.60994762419006,12.1950927475
1654390800000.0,2022-06-05 01:00:00,ETH/BTC,0.0604725,0.060475,0.0601425,0.0601575,293.2037456260649,17.6384043275
1654387200000.0,2022-06-05 00:00:00,ETH/BTC,0.0604225,0.0605775,0.0604225,0.0604725,304.2368020587871,18.3979600125
1654383600000.0,2022-06-04 23:00:00,ETH/BTC,0.0603625,0.0604325,0.060295,0.0604225,545.1553551657082,32.9396494475
1654380000000.0,2022-06-04 22:00:00,ETH/BTC,0.0598975,0.060605,0.05989,0.0603625,886.0360529716298,53.4833512475
1654376400000.0,2022-06-04 21:00:00,ETH/BTC,0.0597275,0.05991,0.0596925,0.05988,182.4975544004676,10.9279535575
1654372800000.0,2022-06-04 20:00:00,ETH/BTC,0.0597625,0.0598575,0.05968,0.0597275,81.92724251810304,4.8933093775
1654369200000.0,2022-06-04 19:00:00,ETH/BTC,0.059745,0.0598225,0.05971,0.0597625,59.395071114829534,3.5495979375
1654365600000.0,2022-06-04 18:00:00,ETH/BTC,0.059765,0.0598075,0.0597025,0.059745,126.00912842078836,7.5284153775
1654362000000.0,2022-06-04 17:00:00,ETH/BTC,0.0595775,0.05979,0.0595775,0.059765,87.30725888898183,5.2179183275
1654358400000.0,2022-06-04 16:00:00,ETH/BTC,0.0595775,0.0596875,0.05951,0.0595775,140.4703315429483,8.3688711775
1654354800000.0,2022-06-04 15:00:00,ETH/BTC,0.05968,0.0596925,0.0595775,0.0595775,79.51479140615166,4.737292485
1654351200000.0,2022-06-04 14:00:00,ETH/BTC,0.0596775,0.059865,0.0596425,0.05968,127.91867539376676,7.6341865475
1654347600000.0,2022-06-04 13:00:00,ETH/BTC,0.0595425,0.0596775,0.0595425,0.0596775,61.89359381676511,3.693654945
1654344000000.0,2022-06-04 12:00:00,ETH/BTC,0.0595725,0.0596675,0.0594625,0.0595425,121.31089104421213,7.22315373
1654340400000.0,2022-06-04 11:00:00,ETH/BTC,0.05965,0.0596825,0.0595425,0.0595725,147.93446300726006,8.8128257975
1654336800000.0,2022-06-04 10:00:00,ETH/BTC,0.0596725,0.059735,0.059595,0.05965,164.55416269907795,9.815655805
1654333200000.0,2022-06-04 09:00:00,ETH/BTC,0.0596575,0.059795,0.0596325,0.0596725,205.7693966651305,12.2787743225
1654329600000.0,2022-06-04 08:00:00,ETH/BTC,0.0595525,0.0596675,0.0594825,0.0596575,136.45515764991828,8.1405735675
1654326000000.0,2022-06-04 07:00:00,ETH/BTC,0.0596075,0.0596175,0.0594925,0.0595525,31.744281852147264,1.890451345
1654322400000.0,2022-06-04 06:00:00,ETH/BTC,0.0596,0.0597575,0.0595725,0.0596075,114.46005729144822,6.822677865
1654318800000.0,2022-06-04 05:00:00,ETH/BTC,0.059515,0.0596,0.0594875,0.0596,21.986766442953023,1.31041128
1654315200000.0,2022-06-04 04:00:00,ETH/BTC,0.0592975,0.0595825,0.0592925,0.059515,72.99128299588338,4.3440762075
1654311600000.0,2022-06-04 03:00:00,ETH/BTC,0.0593325,0.05939,0.0592725,0.0592975,66.16823205025507,3.92361074
1654308000000.0,2022-06-04 02:00:00,ETH/BTC,0.05949,0.05954,0.05924,0.0593325,101.5844663127291,6.0272603475
1654304400000.0,2022-06-04 01:00:00,ETH/BTC,0.059705,0.0597375,0.0594775,0.05949,102.16725147083542,6.07792979
1654300800000.0,2022-06-04 00:00:00,ETH/BTC,0.0597525,0.0598175,0.0596525,0.059705,209.96190277196214,12.535775405
1654297200000.0,2022-06-03 23:00:00,ETH/BTC,0.059955,0.0599625,0.059685,0.0597525,104.87988933517427,6.2668355875
1654293600000.0,2022-06-03 22:00:00,ETH/BTC,0.0600225,0.06006,0.059865,0.059955,194.20457709949127,11.64353542
1654290000000.0,2022-06-03 21:00:00,ETH/BTC,0.0593075,0.06006,0.0593075,0.0600225,397.1010172435337,23.8349958075
1654286400000.0,2022-06-03 20:00:00,ETH/BTC,0.0591975,0.0595275,0.05917,0.059305,206.02291164320042,12.218188775
1654282800000.0,2022-06-03 19:00:00,ETH/BTC,0.059215,0.059355,0.0591375,0.0591975,72.08128447147261,4.2670318375
1654279200000.0,2022-06-03 18:00:00,ETH/BTC,0.059375,0.0594025,0.0591375,0.059215,199.40797547074223,11.8079432675
1654275600000.0,2022-06-03 17:00:00,ETH/BTC,0.059655,0.059655,0.059335,0.059375,165.3250259368421,9.816173415
1654272000000.0,2022-06-03 16:00:00,ETH/BTC,0.059765,0.0598125,0.0594725,0.059655,247.67363871427372,14.7749709175
1654268400000.0,2022-06-03 15:00:00,ETH/BTC,0.05997,0.05999,0.0597525,0.059765,256.72294863214256,15.343047025
1654264800000.0,2022-06-03 14:00:00,ETH/BTC,0.059495,0.05997,0.059425,0.05997,192.25918984492245,11.529783615
1654261200000.0,2022-06-03 13:00:00,ETH/BTC,0.05911,0.0594975,0.05908,0.059495,362.74621678292294,21.5815861675
1654257600000.0,2022-06-03 12:00:00,ETH/BTC,0.0592075,0.0595925,0.0589175,0.05911,318.1776507359161,18.807480935
1654254000000.0,2022-06-03 11:00:00,ETH/BTC,0.0590725,0.05928,0.0590475,0.0592075,176.77761111345689,10.46656041
1654250400000.0,2022-06-03 10:00:00,ETH/BTC,0.05941,0.0594875,0.0589175,0.0590725,298.3836896186889,17.626270505
1654246800000.0,2022-06-03 09:00:00,ETH/BTC,0.059465,0.0595625,0.0592,0.05941,377.388068380744,22.4206251425
1654243200000.0,2022-06-03 08:00:00,ETH/BTC,0.059585,0.0596625,0.059415,0.059465,118.7165060119398,7.05947703
1654239600000.0,2022-06-03 07:00:00,ETH/BTC,0.059675,0.059825,0.0594925,0.059585,202.2705018461022,12.0522878525
1654236000000.0,2022-06-03 06:00:00,ETH/BTC,0.05977,0.05981,0.05964,0.059675,172.50010984499374,10.293944055
1654232400000.0,2022-06-03 05:00:00,ETH/BTC,0.05974,0.05983,0.0596625,0.05977,241.73324795047685,14.44839623
1654228800000.0,2022-06-03 04:00:00,ETH/BTC,0.059825,0.05992,0.0597125,0.05974,171.62321363408103,10.2527707825
1654225200000.0,2022-06-03 03:00:00,ETH/BTC,0.0599575,0.06005,0.0598175,0.059825,100.51277442540743,6.01317673
1654221600000.0,2022-06-03 02:00:00,ETH/BTC,0.060085,0.0601175,0.0599475,0.0599575,50.88035166576326,3.050658685
1654218000000.0,2022-06-03 01:00:00,ETH/BTC,0.0600575,0.0601325,0.0600225,0.060085,856.4883179246068,51.4621005825
1654214400000.0,2022-06-03 00:00:00,ETH/BTC,0.0602175,0.0602425,0.06005,0.0600575,1099.3976296049618,66.02707314
1654210800000.0,2022-06-02 23:00:00,ETH/BTC,0.0601625,0.060245,0.0600875,0.0602175,130.80652713081747,7.8768420475
1654207200000.0,2022-06-02 22:00:00,ETH/BTC,0.0602,0.06046,0.06008,0.060165,202.3358282639408,12.1735351075
1654203600000.0,2022-06-02 21:00:00,ETH/BTC,0.060285,0.0603725,0.0602,0.0602,106.7631754152824,6.42714316
1654200000000.0,2022-06-02 20:00:00,ETH/BTC,0.0601375,0.0603375,0.06012,0.0602875,91.78564677586564,5.53352718
1654196400000.0,2022-06-02 19:00:00,ETH/BTC,0.0599975,0.060145,0.059915,0.0601375,465.93209706921635,28.0199914875
1654192800000.0,2022-06-02 18:00:00,ETH/BTC,0.060175,0.0603275,0.059945,0.0599975,440.87351989666234,26.45130901
1654189200000.0,2022-06-02 17:00:00,ETH/BTC,0.0603025,0.0603675,0.06013,0.060175,154.4034895720814,9.291229985
1654185600000.0,2022-06-02 16:00:00,ETH/BTC,0.0601,0.060405,0.06002,0.0603025,156.3122130508685,9.4260172275
1654182000000.0,2022-06-02 15:00:00,ETH/BTC,0.060015,0.0603075,0.0600125,0.0601,363.9430339434276,21.87297634
1654178400000.0,2022-06-02 14:00:00,ETH/BTC,0.06019,0.0603575,0.0599425,0.060015,149.70040356577522,8.98426972
1654174800000.0,2022-06-02 13:00:00,ETH/BTC,0.06076,0.06079,0.05999,0.06019,616.3923116381459,37.1006532375
1654171200000.0,2022-06-02 12:00:00,ETH/BTC,0.0609775,0.06098,0.0607475,0.06076,108.53059800855826,6.594319135
1654167600000.0,2022-06-02 11:00:00,ETH/BTC,0.0609125,0.06108,0.0608225,0.0609775,53.80328957402321,3.28079009
1654164000000.0,2022-06-02 10:00:00,ETH/BTC,0.06079,0.0609625,0.06065,0.0609125,115.7116179766058,7.04828393
1654160400000.0,2022-06-02 09:00:00,ETH/BTC,0.0608575,0.0609375,0.06069,0.06079,203.22425682678073,12.3540025725
1654156800000.0,2022-06-02 08:00:00,ETH/BTC,0.0609375,0.061075,0.0608575,0.0608575,150.45609686562872,9.156381915
1654153200000.0,2022-06-02 07:00:00,ETH/BTC,0.0609775,0.0611575,0.060845,0.0609375,382.87078806153846,23.3311886475
1654149600000.0,2022-06-02 06:00:00,ETH/BTC,0.060965,0.06099,0.06076,0.0609775,109.95131970808906,6.7045565975
1654146000000.0,2022-06-02 05:00:00,ETH/BTC,0.0609125,0.0610675,0.06079,0.060965,153.82845571229393,9.3781518025
1654142400000.0,2022-06-02 04:00:00,ETH/BTC,0.061015,0.0610225,0.06076,0.0609125,236.5100435050277,14.406418025
1654138800000.0,2022-06-02 03:00:00,ETH/BTC,0.061385,0.06139,0.060935,0.061015,456.91818261902813,27.8788629125
1654135200000.0,2022-06-02 02:00:00,ETH/BTC,0.0612275,0.061455,0.0611475,0.061385,391.78516616437236,24.049732425
1654131600000.0,2022-06-02 01:00:00,ETH/BTC,0.0611925,0.0614225,0.061155,0.0612275,517.1096744110082,31.66133259
1654128000000.0,2022-06-02 00:00:00,ETH/BTC,0.060995,0.06125,0.0608825,0.0611925,220.33141692200843,13.48263023
1654124400000.0,2022-06-01 23:00:00,ETH/BTC,0.061115,0.0615225,0.060985,0.060995,261.67798253955243,15.961048545
1654120800000.0,2022-06-01 22:00:00,ETH/BTC,0.0607725,0.06116,0.06076,0.061115,90.37435981346641,5.523229
1654117200000.0,2022-06-01 21:00:00,ETH/BTC,0.0604875,0.0608,0.06046,0.0607725,95.97705689250894,5.83276569
1654113600000.0,2022-06-01 20:00:00,ETH/BTC,0.0604675,0.06063,0.0601325,0.0604875,368.8630299235379,22.3116025225
1654110000000.0,2022-06-01 19:00:00,ETH/BTC,0.0603075,0.0605125,0.06016,0.0604675,451.6058761318063,27.307478315
1654106400000.0,2022-06-01 18:00:00,ETH/BTC,0.06121,0.06126,0.060285,0.0603075,559.3042614931808,33.73024175
1654102800000.0,2022-06-01 17:00:00,ETH/BTC,0.06106,0.061245,0.0608575,0.06121,265.49689262375426,16.2510647975
1654099200000.0,2022-06-01 16:00:00,ETH/BTC,0.0611775,0.0613625,0.060735,0.06106,1862.5233085899115,113.7256732225
1654095600000.0,2022-06-01 15:00:00,ETH/BTC,0.0612775,0.0615875,0.06115,0.0611775,349.4969292632095,21.38134839
1654092000000.0,2022-06-01 14:00:00,ETH/BTC,0.061875,0.0619225,0.061115,0.0612775,662.7277998449675,40.610302755
1654088400000.0,2022-06-01 13:00:00,ETH/BTC,0.06158,0.0619,0.06145,0.061875,270.72203272727273,16.750925775
1654084800000.0,2022-06-01 12:00:00,ETH/BTC,0.061335,0.0617325,0.06125,0.0615775,432.68226357029755,26.643492085
1654081200000.0,2022-06-01 11:00:00,ETH/BTC,0.0613275,0.06137,0.0611975,0.061335,112.6099202739056,6.90692946
1654077600000.0,2022-06-01 10:00:00,ETH/BTC,0.0613225,0.061385,0.0612825,0.0613275,35.358267457502755,2.1684341475
1654074000000.0,2022-06-01 09:00:00,ETH/BTC,0.0611975,0.0613225,0.0611575,0.0613225,122.67278996290105,7.5226021625
1654070400000.0,2022-06-01 08:00:00,ETH/BTC,0.061305,0.061315,0.06117,0.0611975,96.71946194697496,5.9189892725
1654066800000.0,2022-06-01 07:00:00,ETH/BTC,0.061315,0.0614825,0.06128,0.061305,112.4506988418563,6.8937900925
1654063200000.0,2022-06-01 06:00:00,ETH/BTC,0.0611175,0.06133,0.061095,0.061315,125.4864749653429,7.6942032125
1654059600000.0,2022-06-01 05:00:00,ETH/BTC,0.06127,0.061295,0.0610925,0.0611175,385.61235010430727,23.5676628075
1654056000000.0,2022-06-01 04:00:00,ETH/BTC,0.0610325,0.0612725,0.06093,0.06127,162.22946486861434,9.9397993125
1654052400000.0,2022-06-01 03:00:00,ETH/BTC,0.0610075,0.061075,0.0608625,0.0610325,245.57075934952687,14.98779737
1654048800000.0,2022-06-01 02:00:00,ETH/BTC,0.0610375,0.0610375,0.0608325,0.0610075,190.58037376552065,11.6268321525
1654045200000.0,2022-06-01 01:00:00,ETH/BTC,0.0611875,0.0611875,0.060985,0.0610375,82.25878996518533,5.0208708925
1654041600000.0,2022-06-01 00:00:00,ETH/BTC,0.0610525,0.0612425,0.0609,0.0611875,265.887788927477,16.269009085
1654038000000.0,2022-05-31 23:00:00,ETH/BTC,0.061425,0.061425,0.0609925,0.0610525,144.67116215552187,8.8325361275
1654034400000.0,2022-05-31 22:00:00,ETH/BTC,0.06137,0.0614375,0.06129,0.061425,140.88552564102565,8.6538934125
1654030800000.0,2022-05-31 21:00:00,ETH/BTC,0.061385,0.0614325,0.0613025,0.06137,108.1065833876487,6.6345010225
1654027200000.0,2022-05-31 20:00:00,ETH/BTC,0.06115,0.061385,0.06115,0.061385,107.77393976541501,6.6157032925
1654023600000.0,2022-05-31 19:00:00,ETH/BTC,0.0610525,0.0611925,0.061035,0.06115,158.4676878168438,9.69029911
1654020000000.0,2022-05-31 18:00:00,ETH/BTC,0.0612275,0.0612725,0.0609325,0.0610525,119.50527148765406,7.2960955875
1654016400000.0,2022-05-31 17:00:00,ETH/BTC,0.0613475,0.0614625,0.06112,0.0612275,257.5301985627373,15.7679302325
1654012800000.0,2022-05-31 16:00:00,ETH/BTC,0.062015,0.06208,0.0613025,0.0613475,508.8886692204246,31.219047635
1654009200000.0,2022-05-31 15:00:00,ETH/BTC,0.0618975,0.06207,0.0616375,0.062015,532.4207426025961,33.0180723525
1654005600000.0,2022-05-31 14:00:00,ETH/BTC,0.06195,0.0619675,0.061785,0.0618975,374.0529132840583,23.1529402
1654002000000.0,2022-05-31 13:00:00,ETH/BTC,0.062105,0.062295,0.06179,0.06195,520.2968465698143,32.232389645
1653998400000.0,2022-05-31 12:00:00,ETH/BTC,0.0622675,0.0622725,0.0620675,0.062105,601.5691311488608,37.36045089
1653994800000.0,2022-05-31 11:00:00,ETH/BTC,0.062295,0.06242,0.062195,0.0622675,151.90790119243587,9.4589252375
1653991200000.0,2022-05-31 10:00:00,ETH/BTC,0.0623125,0.062405,0.06226,0.062295,344.43354631190306,21.4564877675
1653987600000.0,2022-05-31 09:00:00,ETH/BTC,0.06233,0.06237,0.062185,0.0623125,1944.0107940621865,121.136172605
1653984000000.0,2022-05-31 08:00:00,ETH/BTC,0.0624,0.06251,0.0622925,0.06233,197.27510267928767,12.29615715
1653980400000.0,2022-05-31 07:00:00,ETH/BTC,0.0624425,0.062595,0.0623625,0.0624,387.1485239583333,24.158067895
1653976800000.0,2022-05-31 06:00:00,ETH/BTC,0.06253,0.06253,0.06231,0.0624425,2028.8426492773353,126.6860071275
1653973200000.0,2022-05-31 05:00:00,ETH/BTC,0.0626125,0.0626975,0.0624675,0.06253,539.0078610267072,33.70416155
1653969600000.0,2022-05-31 04:00:00,ETH/BTC,0.0627775,0.0628,0.0626125,0.0626125,189.6796009582751,11.876314015
1653966000000.0,2022-05-31 03:00:00,ETH/BTC,0.06298,0.063,0.0626725,0.0627775,160.0079586635339,10.044899625
1653962400000.0,2022-05-31 02:00:00,ETH/BTC,0.062935,0.063055,0.06286,0.06298,208.71055259606226,13.1445906025
1653958800000.0,2022-05-31 01:00:00,ETH/BTC,0.0631225,0.0631225,0.0628525,0.062935,302.4563415825852,19.0350898575
1653955200000.0,2022-05-31 00:00:00,ETH/BTC,0.0629825,0.0632725,0.0629125,0.0631225,551.7122888431226,34.8254589525
1653951600000.0,2022-05-30 23:00:00,ETH/BTC,0.0629525,0.0630925,0.0628,0.0629825,218.52472143055613,13.7632332675
1653948000000.0,2022-05-30 22:00:00,ETH/BTC,0.062575,0.063025,0.06253,0.0629525,192.76711909773243,12.135172065
1653944400000.0,2022-05-30 21:00:00,ETH/BTC,0.06249,0.06277,0.062,0.062575,829.280195884938,51.8922082575
1653940800000.0,2022-05-30 20:00:00,ETH/BTC,0.062565,0.0627975,0.0621375,0.06249,632.0824725556089,39.49883371
1653937200000.0,2022-05-30 19:00:00,ETH/BTC,0.0626025,0.062785,0.06252,0.062565,144.03166135219374,9.0113408925
1653933600000.0,2022-05-30 18:00:00,ETH/BTC,0.0627775,0.06278,0.062565,0.0626025,435.9790969210494,27.293381415
1653930000000.0,2022-05-30 17:00:00,ETH/BTC,0.06266,0.0629675,0.0625425,0.0627775,745.7858847915256,46.8185733825
1653926400000.0,2022-05-30 16:00:00,ETH/BTC,0.0624325,0.0629425,0.0622725,0.06266,730.3724955314395,45.76514057
1653922800000.0,2022-05-30 15:00:00,ETH/BTC,0.062245,0.0624775,0.0622025,0.0624325,395.4955511152044,24.691775995
1653919200000.0,2022-05-30 14:00:00,ETH/BTC,0.0620125,0.0625675,0.061985,0.062245,529.2011166358744,32.940123505
1653915600000.0,2022-05-30 13:00:00,ETH/BTC,0.061835,0.0620325,0.06183,0.0620125,158.07298161660955,9.8025007725
1653912000000.0,2022-05-30 12:00:00,ETH/BTC,0.062035,0.062065,0.061565,0.061835,393.4058503679146,24.3262507575
1653908400000.0,2022-05-30 11:00:00,ETH/BTC,0.061865,0.0621375,0.061865,0.062035,114.67564669138389,7.1139037425
1653904800000.0,2022-05-30 10:00:00,ETH/BTC,0.0620075,0.0620675,0.061865,0.061865,235.5439328376303,14.571925405
1653901200000.0,2022-05-30 09:00:00,ETH/BTC,0.06208,0.062145,0.062,0.0620075,138.6317549489981,8.596208545
1653897600000.0,2022-05-30 08:00:00,ETH/BTC,0.0622725,0.06232,0.0620625,0.06208,98.06110941527061,6.0876336725
1653894000000.0,2022-05-30 07:00:00,ETH/BTC,0.0620725,0.0623825,0.062015,0.0622725,234.64113171945883,14.611689875
1653890400000.0,2022-05-30 06:00:00,ETH/BTC,0.0623475,0.06236,0.0620225,0.0620725,298.8786100124854,18.55214252
1653886800000.0,2022-05-30 05:00:00,ETH/BTC,0.061805,0.06238,0.061795,0.0623475,643.6397657484262,40.129330295
1653883200000.0,2022-05-30 04:00:00,ETH/BTC,0.0619475,0.0619825,0.06179,0.061805,267.3962091659251,16.5264227075
1653879600000.0,2022-05-30 03:00:00,ETH/BTC,0.0620625,0.06214,0.06192,0.0619475,424.1922885104322,26.2776517925
1653876000000.0,2022-05-30 02:00:00,ETH/BTC,0.061995,0.06228,0.061765,0.0620625,293.9123639476334,18.2409360875
1653872400000.0,2022-05-30 01:00:00,ETH/BTC,0.0615775,0.062125,0.06155,0.061995,337.1798720864586,20.90346617
1653868800000.0,2022-05-30 00:00:00,ETH/BTC,0.0615325,0.0616675,0.0614375,0.0615775,179.5255123218708,11.054732235
1653865200000.0,2022-05-29 23:00:00,ETH/BTC,0.0615275,0.0616275,0.0615025,0.0615325,103.12753422987852,6.345695
1653861600000.0,2022-05-29 22:00:00,ETH/BTC,0.061695,0.0619225,0.06151,0.0615275,249.40010275892894,15.3449648225
1653858000000.0,2022-05-29 21:00:00,ETH/BTC,0.0615675,0.0617675,0.0615,0.061695,169.60804048140045,10.4639680575
1653854400000.0,2022-05-29 20:00:00,ETH/BTC,0.061405,0.0616325,0.0613875,0.0615675,43.23477804848337,2.6618571975
1653850800000.0,2022-05-29 19:00:00,ETH/BTC,0.0615425,0.0615625,0.06127,0.061405,389.24168561192084,23.901385705
1653847200000.0,2022-05-29 18:00:00,ETH/BTC,0.0615525,0.0617075,0.061515,0.0615425,292.43830064589514,17.9973841175
1653843600000.0,2022-05-29 17:00:00,ETH/BTC,0.061595,0.061685,0.0614975,0.0615525,507.4120659193371,31.2324811875
1653840000000.0,2022-05-29 16:00:00,ETH/BTC,0.061515,0.061725,0.061515,0.061595,693.3709206104392,42.708181855
1653836400000.0,2022-05-29 15:00:00,ETH/BTC,0.06162,0.06162,0.0614625,0.061515,330.57653409737463,20.335415495
1653832800000.0,2022-05-29 14:00:00,ETH/BTC,0.061695,0.06176,0.0615825,0.06162,501.57864727361243,30.907276245
1653829200000.0,2022-05-29 13:00:00,ETH/BTC,0.061745,0.061975,0.061695,0.061695,608.0932983629143,37.5163160425
1653825600000.0,2022-05-29 12:00:00,ETH/BTC,0.0616825,0.06195,0.0616125,0.061745,262.6777011094016,16.219034655
1653822000000.0,2022-05-29 11:00:00,ETH/BTC,0.0615875,0.0617125,0.0614625,0.0616825,459.219549548089,28.325809865
1653818400000.0,2022-05-29 10:00:00,ETH/BTC,0.0613875,0.0617,0.0613725,0.0615875,241.35671451187332,14.864556655
1653814800000.0,2022-05-29 09:00:00,ETH/BTC,0.0614375,0.06148,0.061265,0.0613875,765.1648182040318,46.9715552775
1653811200000.0,2022-05-29 08:00:00,ETH/BTC,0.061495,0.06164,0.0614,0.0614375,942.3360425635809,57.894770615
1653807600000.0,2022-05-29 07:00:00,ETH/BTC,0.06142,0.061575,0.0613575,0.061495,706.165199934954,43.42562897
1653804000000.0,2022-05-29 06:00:00,ETH/BTC,0.0614675,0.061585,0.061325,0.06142,1076.8697845571476,66.1413421675
1653800400000.0,2022-05-29 05:00:00,ETH/BTC,0.06136,0.0615275,0.0613125,0.0614675,568.083764997763,34.918688825
1653796800000.0,2022-05-29 04:00:00,ETH/BTC,0.061315,0.0614325,0.061195,0.06136,522.4438095664927,32.057152155
1653793200000.0,2022-05-29 03:00:00,ETH/BTC,0.0611925,0.0613625,0.0611125,0.061315,713.2984924162114,43.7358970625
1653789600000.0,2022-05-29 02:00:00,ETH/BTC,0.06141,0.06144,0.0611125,0.061195,784.1932676280742,47.9887070125
1653786000000.0,2022-05-29 01:00:00,ETH/BTC,0.06169,0.0616925,0.06133,0.06141,820.7872468246213,50.4045448275
1653782400000.0,2022-05-29 00:00:00,ETH/BTC,0.0617325,0.0618175,0.061665,0.06169,240.66171993029664,14.8464215025
1653778800000.0,2022-05-28 23:00:00,ETH/BTC,0.06156,0.0619425,0.0615325,0.0617325,232.1259233790953,14.329713565
1653775200000.0,2022-05-28 22:00:00,ETH/BTC,0.0615,0.061615,0.0614225,0.06156,59.27656461176088,3.6490653175
1653771600000.0,2022-05-28 21:00:00,ETH/BTC,0.0617875,0.0618675,0.0614825,0.0615,326.84876223577237,20.1011988775
1653768000000.0,2022-05-28 20:00:00,ETH/BTC,0.0617875,0.061795,0.0616025,0.0617875,1033.7611178231843,63.8735150675
1653764400000.0,2022-05-28 19:00:00,ETH/BTC,0.061685,0.0619275,0.0615525,0.0617875,1406.5182243172162,86.905244785
1653760800000.0,2022-05-28 18:00:00,ETH/BTC,0.0614975,0.0617075,0.061495,0.061685,1963.8239029342628,121.1384774525
1653757200000.0,2022-05-28 17:00:00,ETH/BTC,0.06139,0.0617025,0.06115,0.0614975,1348.5658044229442,82.9334255575
1653753600000.0,2022-05-28 16:00:00,ETH/BTC,0.0619175,0.06193,0.06137,0.06139,515.4931303143835,31.64612327
1653750000000.0,2022-05-28 15:00:00,ETH/BTC,0.0615025,0.06222,0.0615025,0.0619175,1723.6553509104858,106.72443019
1653746400000.0,2022-05-28 14:00:00,ETH/BTC,0.06152,0.06157,0.06137,0.0615025,505.1700932075932,31.0692236575
1653742800000.0,2022-05-28 13:00:00,ETH/BTC,0.0616525,0.0616825,0.061415,0.06152,639.1995344603381,39.32355536
1653739200000.0,2022-05-28 12:00:00,ETH/BTC,0.06151,0.06178,0.06147,0.0616525,584.8138058067394,36.0552331625
1653735600000.0,2022-05-28 11:00:00,ETH/BTC,0.0611325,0.0618025,0.061115,0.06151,1537.2998955454398,94.559316575
1653732000000.0,2022-05-28 10:00:00,ETH/BTC,0.0610075,0.06116,0.0608625,0.0611325,611.0500652271704,37.3550181125
1653728400000.0,2022-05-28 09:00:00,ETH/BTC,0.06104,0.061125,0.060895,0.0610075,672.6661316641396,41.0376790275
1653724800000.0,2022-05-28 08:00:00,ETH/BTC,0.0611325,0.061245,0.0608,0.06104,606.8801486730014,37.043964275
1653721200000.0,2022-05-28 07:00:00,ETH/BTC,0.061175,0.0612125,0.0610325,0.0611325,275.1565993129677,16.8210108075
1653717600000.0,2022-05-28 06:00:00,ETH/BTC,0.061335,0.0614,0.061175,0.061175,166.82920637515323,10.2057767
1653714000000.0,2022-05-28 05:00:00,ETH/BTC,0.0611275,0.06161,0.0609875,0.061335,562.6603834270808,34.5107746175
1653710400000.0,2022-05-28 04:00:00,ETH/BTC,0.06126,0.06129,0.06104,0.0611275,461.38430734939266,28.2032692475
1653706800000.0,2022-05-28 03:00:00,ETH/BTC,0.060305,0.0612925,0.0601675,0.06126,1175.096953028077,71.9864393425
1653703200000.0,2022-05-28 02:00:00,ETH/BTC,0.0604725,0.0606275,0.0602025,0.060305,1094.6869801426085,66.0150983375
1653699600000.0,2022-05-28 01:00:00,ETH/BTC,0.060695,0.06082,0.060415,0.0604725,1046.902359791641,63.3088029525
1653696000000.0,2022-05-28 00:00:00,ETH/BTC,0.0603275,0.060695,0.060305,0.060695,689.3709082708625,41.8413672775
1653692400000.0,2022-05-27 23:00:00,ETH/BTC,0.06044,0.0604825,0.0597525,0.0603275,985.4886899423977,59.4520689425
1653688800000.0,2022-05-27 22:00:00,ETH/BTC,0.0604,0.0607475,0.0602475,0.06044,494.80901791032426,29.9062570425
1653685200000.0,2022-05-27 21:00:00,ETH/BTC,0.0606875,0.0608225,0.0603475,0.0604,565.9930443708608,34.18597988
1653681600000.0,2022-05-27 20:00:00,ETH/BTC,0.06073,0.0611125,0.060655,0.0606875,999.9974841606592,60.68734732
1653678000000.0,2022-05-27 19:00:00,ETH/BTC,0.0607225,0.0609425,0.0605925,0.06073,566.595844599045,34.4093656425
1653674400000.0,2022-05-27 18:00:00,ETH/BTC,0.0610275,0.0610275,0.0606225,0.0607225,360.3223328667298,21.8796728575
1653670800000.0,2022-05-27 17:00:00,ETH/BTC,0.0608,0.061125,0.0607575,0.0610275,1192.0961687354063,72.7506489375
1653667200000.0,2022-05-27 16:00:00,ETH/BTC,0.061155,0.0613225,0.06072,0.0608,637.1656893092105,38.73967391
1653663600000.0,2022-05-27 15:00:00,ETH/BTC,0.0614325,0.06157,0.0611275,0.061155,393.8294081432426,24.084637455
1653660000000.0,2022-05-27 14:00:00,ETH/BTC,0.061915,0.0619475,0.0613525,0.0614325,361.8835488951288,22.2314111175
1653656400000.0,2022-05-27 13:00:00,ETH/BTC,0.0619575,0.0619825,0.061625,0.0619125,1451.283134221684,89.8525670475
1653652800000.0,2022-05-27 12:00:00,ETH/BTC,0.0613,0.0623275,0.06111,0.0619575,2278.262844853327,141.15547021
1653649200000.0,2022-05-27 11:00:00,ETH/BTC,0.0610125,0.0615825,0.0609775,0.0613,952.4757171288744,58.38676146
1653645600000.0,2022-05-27 10:00:00,ETH/BTC,0.0614575,0.0615375,0.06101,0.0610125,626.1922256504815,38.2055531675
1653642000000.0,2022-05-27 09:00:00,ETH/BTC,0.06102,0.0614675,0.06093,0.0614575,800.6765069356873,49.207576425
1653638400000.0,2022-05-27 08:00:00,ETH/BTC,0.0608475,0.06141,0.0606625,0.06102,1184.0303130530974,72.2495297025
1653634800000.0,2022-05-27 07:00:00,ETH/BTC,0.0611325,0.06165,0.0608025,0.0608475,1189.761202391224,72.3939947625
1653631200000.0,2022-05-27 06:00:00,ETH/BTC,0.0602725,0.061225,0.0601175,0.0611325,1139.795463501411,69.6785461725
1653627600000.0,2022-05-27 05:00:00,ETH/BTC,0.06033,0.06057,0.0598,0.0602725,1085.9381184619851,65.452205245
1653624000000.0,2022-05-27 04:00:00,ETH/BTC,0.060935,0.0610775,0.0602675,0.06033,823.1011841538207,49.65769444
1653620400000.0,2022-05-27 03:00:00,ETH/BTC,0.0605,0.06105,0.0604725,0.060935,628.8269351768278,38.317569295
1653616800000.0,2022-05-27 02:00:00,ETH/BTC,0.060185,0.06078,0.0599825,0.0605,1825.8255007024793,110.4624427925
1653613200000.0,2022-05-27 01:00:00,ETH/BTC,0.0610075,0.0611,0.0601175,0.060185,2522.9683000747696,151.84484714
1653609600000.0,2022-05-27 00:00:00,ETH/BTC,0.0613575,0.0615725,0.060975,0.0610075,1037.4584921116257,63.2927489575
1653606000000.0,2022-05-26 23:00:00,ETH/BTC,0.06168,0.061885,0.061305,0.0613575,644.1473522796724,39.5232711675
1653602400000.0,2022-05-26 22:00:00,ETH/BTC,0.061975,0.0621925,0.061665,0.06168,1503.494887889105,92.735564685
1653598800000.0,2022-05-26 21:00:00,ETH/BTC,0.06201,0.0622925,0.0618775,0.061975,3746.4973234772083,232.1891716225
1653595200000.0,2022-05-26 20:00:00,ETH/BTC,0.062155,0.0623125,0.061745,0.06201,446.7553224883083,27.7032975475
1653591600000.0,2022-05-26 19:00:00,ETH/BTC,0.062895,0.0629125,0.062095,0.062155,470.8498901938701,29.265674925
1653588000000.0,2022-05-26 18:00:00,ETH/BTC,0.0633,0.06331,0.062895,0.062895,302.5456959615231,19.0286115475
1653584400000.0,2022-05-26 17:00:00,ETH/BTC,0.06365,0.0636525,0.0632775,0.0633,182.70280829383887,11.565087765
1653580800000.0,2022-05-26 16:00:00,ETH/BTC,0.0633475,0.0640425,0.063345,0.06365,522.7608981539671,33.2737311675
1653577200000.0,2022-05-26 15:00:00,ETH/BTC,0.063385,0.0635625,0.06309,0.0633475,507.46720565136746,32.14677881
1653573600000.0,2022-05-26 14:00:00,ETH/BTC,0.062845,0.0635375,0.062725,0.063385,955.7704731403329,60.58151144
1653570000000.0,2022-05-26 13:00:00,ETH/BTC,0.0625825,0.0631625,0.06144,0.062845,988.8508865462646,62.144333965
1653566400000.0,2022-05-26 12:00:00,ETH/BTC,0.0626275,0.0628475,0.0624125,0.0625825,418.20497715016177,26.1723129825
1653562800000.0,2022-05-26 11:00:00,ETH/BTC,0.0628375,0.0628525,0.0621825,0.0626275,902.8923480100594,56.545890525
1653559200000.0,2022-05-26 10:00:00,ETH/BTC,0.0629725,0.0630675,0.0628375,0.0628375,306.2416311915655,19.2434585
1653555600000.0,2022-05-26 09:00:00,ETH/BTC,0.063225,0.063315,0.0629,0.0629725,1629.9926477430624,102.64471201
1653552000000.0,2022-05-26 08:00:00,ETH/BTC,0.0647925,0.0648025,0.06252,0.063225,2043.8835029260579,129.2245344725
1653548400000.0,2022-05-26 07:00:00,ETH/BTC,0.064785,0.0648575,0.0646075,0.0647925,259.33989721032526,16.80328029
1653544800000.0,2022-05-26 06:00:00,ETH/BTC,0.0647725,0.064905,0.06469,0.064785,643.4692565022768,41.6871557825
1653541200000.0,2022-05-26 05:00:00,ETH/BTC,0.0650975,0.0651725,0.06475,0.0647725,558.2315244895597,36.15805142
1653537600000.0,2022-05-26 04:00:00,ETH/BTC,0.0653,0.06531,0.065045,0.0650975,335.10905361188986,21.8147616175
1653534000000.0,2022-05-26 03:00:00,ETH/BTC,0.0654875,0.0654875,0.06512,0.0653,208.56728820826953,13.61944392
1653530400000.0,2022-05-26 02:00:00,ETH/BTC,0.0655125,0.0655875,0.0654825,0.0654875,89.36154491315136,5.8520641725
1653526800000.0,2022-05-26 01:00:00,ETH/BTC,0.0657625,0.0657725,0.0655025,0.0655125,114.3342513260828,7.49032264
1653523200000.0,2022-05-26 00:00:00,ETH/BTC,0.065745,0.065875,0.0657425,0.0657625,122.63957669644556,8.0650851625
1653519600000.0,2022-05-25 23:00:00,ETH/BTC,0.065985,0.065985,0.0656425,0.065745,254.80129363449694,16.75191105
1653516000000.0,2022-05-25 22:00:00,ETH/BTC,0.0659825,0.0660075,0.065855,0.065985,102.46899545351215,6.761416665
1653512400000.0,2022-05-25 21:00:00,ETH/BTC,0.06582,0.0660325,0.0656125,0.0659825,352.91687269351723,23.2863375525
1653508800000.0,2022-05-25 20:00:00,ETH/BTC,0.06591,0.06598,0.0658175,0.06582,354.14987264509267,23.3101446175
1653505200000.0,2022-05-25 19:00:00,ETH/BTC,0.0660925,0.066185,0.06582,0.06591,243.21696214534975,16.030429975
1653501600000.0,2022-05-25 18:00:00,ETH/BTC,0.06603,0.066125,0.065865,0.0660925,255.2771337141128,16.87190396
1653498000000.0,2022-05-25 17:00:00,ETH/BTC,0.066095,0.0661575,0.0659525,0.06603,271.1871830228684,17.906489695
1653494400000.0,2022-05-25 16:00:00,ETH/BTC,0.0663225,0.066335,0.06595,0.066095,262.84544451168773,17.372769655
1653490800000.0,2022-05-25 15:00:00,ETH/BTC,0.0661725,0.06636,0.066075,0.0663225,262.0116882279769,17.3772701925
1653487200000.0,2022-05-25 14:00:00,ETH/BTC,0.0664075,0.0664075,0.066085,0.0661725,277.24877671993653,18.3462446775
1653483600000.0,2022-05-25 13:00:00,ETH/BTC,0.066215,0.0665175,0.06612,0.0664075,299.46525701163273,19.886739055
1653480000000.0,2022-05-25 12:00:00,ETH/BTC,0.06612,0.0662275,0.0658575,0.066215,447.1173958317602,29.605878365
1653476400000.0,2022-05-25 11:00:00,ETH/BTC,0.0660625,0.0662375,0.0659125,0.06612,334.6754494101633,22.128740715
1653472800000.0,2022-05-25 10:00:00,ETH/BTC,0.0662625,0.0662675,0.066055,0.0660625,193.6600727341533,12.793668555
1653469200000.0,2022-05-25 09:00:00,ETH/BTC,0.066275,0.0663425,0.0661475,0.0662625,182.21009715148085,12.0736965625
1653465600000.0,2022-05-25 08:00:00,ETH/BTC,0.0665475,0.06655,0.0661975,0.066275,271.1862194643531,17.972866695
1653462000000.0,2022-05-25 07:00:00,ETH/BTC,0.066585,0.0665925,0.0664425,0.0665475,107.4731933956948,7.1520723375
1653458400000.0,2022-05-25 06:00:00,ETH/BTC,0.06652,0.0666775,0.06643,0.066585,181.97096331756399,12.1165365925
1653454800000.0,2022-05-25 05:00:00,ETH/BTC,0.0666275,0.06677,0.0665125,0.06652,124.89283249398679,8.3078712175
1653451200000.0,2022-05-25 04:00:00,ETH/BTC,0.066705,0.0667225,0.06658,0.0666275,225.16884248245842,15.0024370525
1653447600000.0,2022-05-25 03:00:00,ETH/BTC,0.06694,0.066955,0.066705,0.066705,393.72355344426956,26.2633296325
1653444000000.0,2022-05-25 02:00:00,ETH/BTC,0.0666825,0.0670275,0.06655,0.06694,378.5991088288019,25.343424345
1653440400000.0,2022-05-25 01:00:00,ETH/BTC,0.0666825,0.0666975,0.06654,0.0666825,61.39875773253852,4.0942226625
1653436800000.0,2022-05-25 00:00:00,ETH/BTC,0.066735,0.06689,0.0666825,0.0666825,78.77880542121245,5.2531676925
1653433200000.0,2022-05-24 23:00:00,ETH/BTC,0.0669625,0.0669775,0.06663,0.066735,295.9769726530306,19.75202327
1653429600000.0,2022-05-24 22:00:00,ETH/BTC,0.067025,0.0670975,0.0669325,0.0669625,153.12171547507936,10.2534128725
1653426000000.0,2022-05-24 21:00:00,ETH/BTC,0.0668675,0.067025,0.066755,0.067025,304.40513241327864,20.402754
1653422400000.0,2022-05-24 20:00:00,ETH/BTC,0.0667675,0.0668825,0.0666875,0.0668675,225.26871211724682,15.0631556075
1653418800000.0,2022-05-24 19:00:00,ETH/BTC,0.06665,0.06688,0.0665575,0.0667675,161.51434653836074,10.7839091325
1653415200000.0,2022-05-24 18:00:00,ETH/BTC,0.06675,0.06691,0.0665875,0.06665,304.9914551762941,20.3276804875
1653411600000.0,2022-05-24 17:00:00,ETH/BTC,0.0667775,0.0667775,0.066415,0.06675,290.86703483146067,19.415374575
1653408000000.0,2022-05-24 16:00:00,ETH/BTC,0.06679,0.0668725,0.066675,0.0667775,205.97068825577477,13.754207635
1653404400000.0,2022-05-24 15:00:00,ETH/BTC,0.06665,0.0667975,0.0664925,0.06679,228.7120525153466,15.2756779875
1653400800000.0,2022-05-24 14:00:00,ETH/BTC,0.0666875,0.066785,0.0666,0.06665,278.1214917104276,18.5367974225
1653397200000.0,2022-05-24 13:00:00,ETH/BTC,0.0672075,0.0672175,0.066605,0.0666875,562.2839402436739,37.497310265
1653393600000.0,2022-05-24 12:00:00,ETH/BTC,0.0671175,0.0672375,0.067015,0.0672075,176.56933928505003,11.86678387
1653390000000.0,2022-05-24 11:00:00,ETH/BTC,0.0673475,0.0674225,0.06705,0.0671175,91.61112947442918,6.1487099825
1653386400000.0,2022-05-24 10:00:00,ETH/BTC,0.0672125,0.067355,0.0672125,0.0673475,291.9825061063885,19.66429183
1653382800000.0,2022-05-24 09:00:00,ETH/BTC,0.06734,0.06734,0.0670225,0.0672125,457.9837090198996,30.7822300425
1653379200000.0,2022-05-24 08:00:00,ETH/BTC,0.06751,0.06751,0.067265,0.06734,227.26547612860114,15.3040571625
1653375600000.0,2022-05-24 07:00:00,ETH/BTC,0.06751,0.06754,0.0673875,0.06751,197.09561394608207,13.3059248975
1653372000000.0,2022-05-24 06:00:00,ETH/BTC,0.0675225,0.06763,0.0675,0.06751,338.46081661976,22.84948973
1653368400000.0,2022-05-24 05:00:00,ETH/BTC,0.0676875,0.0676875,0.0674775,0.0675225,133.8717300159206,9.03935389
1653364800000.0,2022-05-24 04:00:00,ETH/BTC,0.067825,0.067825,0.0676775,0.0676875,69.72463590027701,4.7194862925
1653361200000.0,2022-05-24 03:00:00,ETH/BTC,0.067825,0.0679575,0.0678,0.067825,179.2635455584224,12.1585499775
1653357600000.0,2022-05-24 02:00:00,ETH/BTC,0.0679625,0.0679625,0.06781,0.067825,111.4567984150387,7.5595573525
1653354000000.0,2022-05-24 01:00:00,ETH/BTC,0.0679525,0.0679875,0.0678425,0.0679625,112.90362188707009,7.6732124025
1653350400000.0,2022-05-24 00:00:00,ETH/BTC,0.0677975,0.06797,0.067755,0.0679525,114.55463216953018,7.7842736425
1653346800000.0,2022-05-23 23:00:00,ETH/BTC,0.0677325,0.06784,0.06768,0.0677975,232.1326826210406,15.73801555
1653343200000.0,2022-05-23 22:00:00,ETH/BTC,0.0679575,0.0679575,0.06747,0.0677325,578.3272791126859,39.1715524325
1653339600000.0,2022-05-23 21:00:00,ETH/BTC,0.0681575,0.068185,0.0679375,0.0679575,159.15389114520102,10.8157005575
1653336000000.0,2022-05-23 20:00:00,ETH/BTC,0.06808,0.0683075,0.0679725,0.0681575,290.36263896122955,19.790391565
1653332400000.0,2022-05-23 19:00:00,ETH/BTC,0.068015,0.0682875,0.06793,0.06808,469.37889710634545,31.955315315
1653328800000.0,2022-05-23 18:00:00,ETH/BTC,0.0681225,0.0682575,0.0680125,0.068015,115.22789358964933,7.8372251825
1653325200000.0,2022-05-23 17:00:00,ETH/BTC,0.06803,0.0682325,0.06802,0.0681225,132.07497801754192,8.99727769
1653321600000.0,2022-05-23 16:00:00,ETH/BTC,0.068,0.068125,0.067955,0.06803,261.61834815522565,17.797896225
1653318000000.0,2022-05-23 15:00:00,ETH/BTC,0.0680175,0.06816,0.06797,0.068,389.9938005882353,26.51957844
1653314400000.0,2022-05-23 14:00:00,ETH/BTC,0.06785,0.06818,0.0678,0.0680175,566.462821001948,38.5293849275
1653310800000.0,2022-05-23 13:00:00,ETH/BTC,0.0679825,0.0680275,0.0677725,0.06785,281.61797015475315,19.107779275
1653307200000.0,2022-05-23 12:00:00,ETH/BTC,0.0680725,0.0682075,0.06795,0.0679825,169.62376835950428,11.5314478325
1653303600000.0,2022-05-23 11:00:00,ETH/BTC,0.0680225,0.068155,0.0680225,0.0680725,234.45002736053476,15.9595994875
1653300000000.0,2022-05-23 10:00:00,ETH/BTC,0.0679075,0.0680675,0.06786,0.0680225,126.86342776287258,8.629567515
1653296400000.0,2022-05-23 09:00:00,ETH/BTC,0.0677325,0.067945,0.067705,0.0679075,117.52962960644996,7.9811433225
1653292800000.0,2022-05-23 08:00:00,ETH/BTC,0.0678675,0.06799,0.0677325,0.0677325,380.85699213819066,25.79639622
1653289200000.0,2022-05-23 07:00:00,ETH/BTC,0.0674775,0.0678825,0.0673425,0.0678675,393.4068132758684,26.6995369
1653285600000.0,2022-05-23 06:00:00,ETH/BTC,0.0674275,0.0674775,0.0672375,0.0674775,299.4459341261902,20.20586302
1653282000000.0,2022-05-23 05:00:00,ETH/BTC,0.0672975,0.067455,0.06728,0.0674275,87.22578369359682,5.88141653
1653278400000.0,2022-05-23 04:00:00,ETH/BTC,0.067295,0.0673775,0.067255,0.0672975,41.781988446821956,2.8118233675
1653274800000.0,2022-05-23 03:00:00,ETH/BTC,0.0672975,0.0674075,0.06725,0.067295,250.6207723084925,16.8655248725
1653271200000.0,2022-05-23 02:00:00,ETH/BTC,0.0673425,0.0673425,0.06722,0.0672975,173.44887525539582,11.6726756825
1653267600000.0,2022-05-23 01:00:00,ETH/BTC,0.067445,0.06745,0.06725,0.0673425,171.75735052158743,11.5665693775
1653264000000.0,2022-05-23 00:00:00,ETH/BTC,0.06744,0.0675375,0.067405,0.067445,60.72052839350581,4.0952960375
1653260400000.0,2022-05-22 23:00:00,ETH/BTC,0.06722,0.0674625,0.0671825,0.06744,299.76233348161327,20.21597177
1653256800000.0,2022-05-22 22:00:00,ETH/BTC,0.0672,0.0674175,0.06717,0.06722,403.958771682535,27.1541086325
1653253200000.0,2022-05-22 21:00:00,ETH/BTC,0.067075,0.0672175,0.0670325,0.0672,341.65628058035713,22.959302055
1653249600000.0,2022-05-22 20:00:00,ETH/BTC,0.067055,0.067115,0.06705,0.067075,46.98926962355573,3.15180526
1653246000000.0,2022-05-22 19:00:00,ETH/BTC,0.0670525,0.0671175,0.0670125,0.067055,9.70400782939378,0.650702245
1653242400000.0,2022-05-22 18:00:00,ETH/BTC,0.0670425,0.0671675,0.06702,0.0670525,91.49091193467805,6.1346943725
1653238800000.0,2022-05-22 17:00:00,ETH/BTC,0.0671225,0.0671725,0.067015,0.0670425,365.3639629712496,24.4949134875
1653235200000.0,2022-05-22 16:00:00,ETH/BTC,0.067165,0.0671675,0.067,0.0671225,117.5666441580692,7.8913670725
1653231600000.0,2022-05-22 15:00:00,ETH/BTC,0.0673525,0.067355,0.067,0.067165,285.4783218194,19.174151485
1653228000000.0,2022-05-22 14:00:00,ETH/BTC,0.06725,0.0674325,0.06723,0.0673525,491.40457191641,33.09732643
1653224400000.0,2022-05-22 13:00:00,ETH/BTC,0.067215,0.06731,0.0671575,0.06725,213.91972033457247,14.3861011925
1653220800000.0,2022-05-22 12:00:00,ETH/BTC,0.0674775,0.0676025,0.0672025,0.067215,241.63112415383475,16.24123601
1653217200000.0,2022-05-22 11:00:00,ETH/BTC,0.0671975,0.0674975,0.0671825,0.0674775,359.1505430328628,24.2345807675
1653213600000.0,2022-05-22 10:00:00,ETH/BTC,0.067275,0.0673575,0.0671825,0.0671975,237.42936277391274,15.954659605
1653210000000.0,2022-05-22 09:00:00,ETH/BTC,0.0671275,0.067455,0.06712,0.067275,583.647529877369,39.2648875725
1653206400000.0,2022-05-22 08:00:00,ETH/BTC,0.067125,0.0671775,0.0670525,0.0671275,85.57027421697515,5.7441185825
1653202800000.0,2022-05-22 07:00:00,ETH/BTC,0.0671575,0.0671625,0.0670875,0.067125,359.35702923649905,24.1218405875
1653199200000.0,2022-05-22 06:00:00,ETH/BTC,0.0671425,0.0671725,0.06714,0.0671575,96.90473588206828,6.5078798
1653195600000.0,2022-05-22 05:00:00,ETH/BTC,0.0671725,0.0671725,0.06714,0.0671425,404.797477864244,27.1791146575
1653192000000.0,2022-05-22 04:00:00,ETH/BTC,0.06723,0.0672875,0.0671725,0.0671725,412.6302176113737,27.7174032925
1653188400000.0,2022-05-22 03:00:00,ETH/BTC,0.06718,0.0672475,0.0671375,0.06723,656.2117152312956,44.117113615
1653184800000.0,2022-05-22 02:00:00,ETH/BTC,0.0671025,0.0672,0.06704,0.06718,305.95183380470377,20.553844195
1653181200000.0,2022-05-22 01:00:00,ETH/BTC,0.0671,0.0671775,0.0670925,0.0671025,239.80999277225143,16.09185004
1653177600000.0,2022-05-22 00:00:00,ETH/BTC,0.067065,0.06713,0.06705,0.0671,182.36018576751115,12.236368465
1653174000000.0,2022-05-21 23:00:00,ETH/BTC,0.0671225,0.0671225,0.06704,0.067065,94.55152806978305,6.34109823
1653170400000.0,2022-05-21 22:00:00,ETH/BTC,0.0670275,0.0671575,0.0670175,0.0671225,116.38314250065179,7.8119274825
1653166800000.0,2022-05-21 21:00:00,ETH/BTC,0.067145,0.0671575,0.0670125,0.0670275,87.2439621051061,5.84774467
1653163200000.0,2022-05-21 20:00:00,ETH/BTC,0.067235,0.06727,0.0670925,0.067145,121.05405826941696,8.1281747425
1653159600000.0,2022-05-21 19:00:00,ETH/BTC,0.0672975,0.0673125,0.0671475,0.067235,156.39808384769836,10.5154251675
1653156000000.0,2022-05-21 18:00:00,ETH/BTC,0.067175,0.0673175,0.067175,0.0672975,85.05780515620937,5.7241776425
1653152400000.0,2022-05-21 17:00:00,ETH/BTC,0.0670125,0.067205,0.066985,0.067175,92.97924358020097,6.2458806875
1653148800000.0,2022-05-21 16:00:00,ETH/BTC,0.06701,0.067135,0.066955,0.0670125,263.3044980414102,17.644692675
1653145200000.0,2022-05-21 15:00:00,ETH/BTC,0.067255,0.0673,0.0669875,0.06701,456.4408012610058,30.5860980925
1653141600000.0,2022-05-21 14:00:00,ETH/BTC,0.067175,0.0673075,0.06692,0.067255,622.1625267638094,41.8435407375
1653138000000.0,2022-05-21 13:00:00,ETH/BTC,0.0672475,0.067335,0.0671625,0.067175,256.87585362858204,17.2556354675
1653134400000.0,2022-05-21 12:00:00,ETH/BTC,0.067275,0.067315,0.06717,0.0672475,1059.0374320978474,71.217619715
1653130800000.0,2022-05-21 11:00:00,ETH/BTC,0.06724,0.0673075,0.06704,0.067275,423.1586590858417,28.46799879
1653127200000.0,2022-05-21 10:00:00,ETH/BTC,0.0672375,0.0672975,0.067185,0.06724,245.62371791344438,16.5157387925
1653123600000.0,2022-05-21 09:00:00,ETH/BTC,0.0673475,0.0673475,0.06716,0.0672375,283.81369243353777,19.082923145
1653120000000.0,2022-05-21 08:00:00,ETH/BTC,0.0672375,0.067495,0.0672275,0.0673475,282.25458569360404,19.00914071
1653116400000.0,2022-05-21 07:00:00,ETH/BTC,0.0671625,0.067265,0.0670525,0.0672375,435.06170131994793,29.2524611425
1653112800000.0,2022-05-21 06:00:00,ETH/BTC,0.067165,0.067265,0.0671375,0.0671625,259.2191050437372,17.4098031425
1653109200000.0,2022-05-21 05:00:00,ETH/BTC,0.067185,0.0672425,0.0671125,0.067165,335.2969200476439,22.520217635
1653105600000.0,2022-05-21 04:00:00,ETH/BTC,0.0672625,0.0672675,0.0671475,0.067185,245.09404971347774,16.46664373
1653102000000.0,2022-05-21 03:00:00,ETH/BTC,0.06703,0.0672675,0.066925,0.067265,333.2356215342303,22.4150940825
1653098400000.0,2022-05-21 02:00:00,ETH/BTC,0.0669525,0.067085,0.06686,0.06703,70.32735383410413,4.7140425275
1653094800000.0,2022-05-21 01:00:00,ETH/BTC,0.06706,0.06706,0.0668325,0.0669525,268.26818094918036,17.961225385
1653091200000.0,2022-05-21 00:00:00,ETH/BTC,0.067095,0.06725,0.0670375,0.06706,303.24481248136,20.335597125
1653087600000.0,2022-05-20 23:00:00,ETH/BTC,0.067015,0.067335,0.066985,0.067095,348.15802738654145,23.3596628475
1653084000000.0,2022-05-20 22:00:00,ETH/BTC,0.0671475,0.067265,0.066985,0.067015,133.48205062299485,8.9452996225
1653080400000.0,2022-05-20 21:00:00,ETH/BTC,0.0672675,0.0673225,0.0671275,0.0671475,227.86788592278194,15.30075887
1653076800000.0,2022-05-20 20:00:00,ETH/BTC,0.0672075,0.067295,0.067165,0.0672675,397.52500955141784,26.74051358
1653073200000.0,2022-05-20 19:00:00,ETH/BTC,0.066905,0.0672725,0.0668375,0.0672075,412.2899425287356,27.7089763125
1653069600000.0,2022-05-20 18:00:00,ETH/BTC,0.066955,0.0669775,0.0667,0.066905,365.434857222928,24.4494191225
1653066000000.0,2022-05-20 17:00:00,ETH/BTC,0.0669425,0.06717,0.06681,0.066955,590.0174942872078,39.50462133
1653062400000.0,2022-05-20 16:00:00,ETH/BTC,0.067275,0.0673375,0.0667125,0.0669425,419.46026672144,28.079718905
1653058800000.0,2022-05-20 15:00:00,ETH/BTC,0.0673825,0.0673825,0.066845,0.067275,378.849141434411,25.48707599
1653055200000.0,2022-05-20 14:00:00,ETH/BTC,0.0673275,0.0674925,0.06716,0.0673825,320.7661881423218,21.6140276725
1653051600000.0,2022-05-20 13:00:00,ETH/BTC,0.067325,0.06751,0.0672725,0.0673275,185.65603891426235,12.49975696
1653048000000.0,2022-05-20 12:00:00,ETH/BTC,0.0675375,0.0676,0.06728,0.067325,331.8403108800594,22.34114893
1653044400000.0,2022-05-20 11:00:00,ETH/BTC,0.0673325,0.067575,0.067325,0.0675375,483.51732578197294,32.65555139
1653040800000.0,2022-05-20 10:00:00,ETH/BTC,0.0673025,0.06741,0.0672425,0.0673325,111.31938354435079,7.4954123925
1653037200000.0,2022-05-20 09:00:00,ETH/BTC,0.0671775,0.06731,0.067155,0.0673025,186.84998046134987,12.57547081
1653033600000.0,2022-05-20 08:00:00,ETH/BTC,0.066955,0.06718,0.06694,0.0671775,122.15641572699192,8.2061626175
1653030000000.0,2022-05-20 07:00:00,ETH/BTC,0.067125,0.0671525,0.066905,0.066955,147.0779985437981,9.8476073925
1653026400000.0,2022-05-20 06:00:00,ETH/BTC,0.0671775,0.06721,0.0670175,0.067125,387.14368573556794,25.987019905
1653022800000.0,2022-05-20 05:00:00,ETH/BTC,0.06713,0.0672075,0.067075,0.0671775,131.6571446168732,8.8443978325
1653019200000.0,2022-05-20 04:00:00,ETH/BTC,0.06705,0.067335,0.06705,0.06713,337.7065928794876,22.67024358
1653015600000.0,2022-05-20 03:00:00,ETH/BTC,0.0669075,0.06705,0.06689,0.06705,97.50062244593587,6.537416735
1653012000000.0,2022-05-20 02:00:00,ETH/BTC,0.06679,0.0669575,0.0666625,0.0669075,298.57695239696596,19.9770374425
1653008400000.0,2022-05-20 01:00:00,ETH/BTC,0.066615,0.0670125,0.06652,0.06679,913.8768713879323,61.03783624
1653004800000.0,2022-05-20 00:00:00,ETH/BTC,0.066615,0.0666375,0.0665,0.066615,109.87022487427757,7.31900503
1653001200000.0,2022-05-19 23:00:00,ETH/BTC,0.06647,0.0666875,0.06647,0.066615,99.01424960594461,6.5958342375
1652997600000.0,2022-05-19 22:00:00,ETH/BTC,0.06653,0.06653,0.06641,0.06647,32.03856717316082,2.12960356
1652994000000.0,2022-05-19 21:00:00,ETH/BTC,0.0666275,0.06665,0.0665,0.06653,75.64922020141289,5.03294262
1652990400000.0,2022-05-19 20:00:00,ETH/BTC,0.06654,0.0667475,0.0665125,0.0666275,517.5940750816104,34.4859992375
1652986800000.0,2022-05-19 19:00:00,ETH/BTC,0.0666475,0.0666775,0.0664075,0.06654,236.16299383829275,15.71428561
1652983200000.0,2022-05-19 18:00:00,ETH/BTC,0.0667475,0.06677,0.0665225,0.0666475,196.76015754529428,13.1135726
1652979600000.0,2022-05-19 17:00:00,ETH/BTC,0.066725,0.066785,0.0665475,0.0667475,383.4528385332784,25.59451834
1652976000000.0,2022-05-19 16:00:00,ETH/BTC,0.06659,0.0668475,0.066485,0.066725,418.0425285874859,27.89388772
1652972400000.0,2022-05-19 15:00:00,ETH/BTC,0.0662925,0.0668725,0.0662625,0.06659,1024.600659746208,68.2281579325
1652968800000.0,2022-05-19 14:00:00,ETH/BTC,0.066415,0.0666,0.0662075,0.0662925,341.99872915488174,22.6719507525
1652965200000.0,2022-05-19 13:00:00,ETH/BTC,0.0662175,0.0668725,0.0661,0.066415,1230.2564390197997,81.7074813975
1652961600000.0,2022-05-19 12:00:00,ETH/BTC,0.0666225,0.0666375,0.0661725,0.0662175,165.75602555970855,10.9759496225
1652958000000.0,2022-05-19 11:00:00,ETH/BTC,0.066435,0.066635,0.0663175,0.0666225,207.18595418214565,13.8032462325
1652954400000.0,2022-05-19 10:00:00,ETH/BTC,0.0665175,0.0665875,0.06634,0.066435,334.0021536087906,22.189433075
1652950800000.0,2022-05-19 09:00:00,ETH/BTC,0.06672,0.06673,0.066285,0.0665175,371.58005566204383,24.7165763525
1652947200000.0,2022-05-19 08:00:00,ETH/BTC,0.0668775,0.06696,0.0667,0.06672,283.74660585281777,18.9315735425
1652943600000.0,2022-05-19 07:00:00,ETH/BTC,0.067055,0.067085,0.06675,0.0668775,202.21887103285854,13.5238925475
1652940000000.0,2022-05-19 06:00:00,ETH/BTC,0.0669675,0.0671525,0.06696,0.067055,132.74883308478113,8.9014730025
1652936400000.0,2022-05-19 05:00:00,ETH/BTC,0.0669475,0.0671025,0.0669275,0.0669675,378.133228021055,25.3226369475
1652932800000.0,2022-05-19 04:00:00,ETH/BTC,0.0669125,0.067175,0.0669125,0.0669475,404.59470387243744,27.0866039375
1652929200000.0,2022-05-19 03:00:00,ETH/BTC,0.06671,0.06713,0.0666775,0.0669125,554.0492007846067,37.0728171475
1652925600000.0,2022-05-19 02:00:00,ETH/BTC,0.066385,0.0667225,0.0662325,0.06671,606.8571532378953,40.4834406925
1652922000000.0,2022-05-19 01:00:00,ETH/BTC,0.0668075,0.0670075,0.0663325,0.066385,507.31225781426525,33.677924235
1652918400000.0,2022-05-19 00:00:00,ETH/BTC,0.0666725,0.0670275,0.0664875,0.0668075,432.8455659918422,28.91733015
1652914800000.0,2022-05-18 23:00:00,ETH/BTC,0.0672325,0.0673675,0.066525,0.0666725,341.4239335558139,22.76358721
1652911200000.0,2022-05-18 22:00:00,ETH/BTC,0.0672225,0.0673725,0.0671125,0.067235,126.07850230534692,8.4768881025
1652907600000.0,2022-05-18 21:00:00,ETH/BTC,0.0672575,0.067295,0.06712,0.0672225,81.36683149243184,5.46968183
1652904000000.0,2022-05-18 20:00:00,ETH/BTC,0.0676625,0.0676625,0.06717,0.0672575,140.21950585436568,9.430813415
1652900400000.0,2022-05-18 19:00:00,ETH/BTC,0.0674425,0.067665,0.06742,0.0676625,281.32856002216886,19.0353936925
1652896800000.0,2022-05-18 18:00:00,ETH/BTC,0.0676025,0.0676375,0.0674075,0.0674425,119.49962545872408,8.05935349
1652893200000.0,2022-05-18 17:00:00,ETH/BTC,0.0676575,0.06772,0.067495,0.0676025,380.47644365962805,25.7211587825
1652889600000.0,2022-05-18 16:00:00,ETH/BTC,0.06748,0.0677125,0.06737,0.0676575,250.89396667036178,16.97485855
1652886000000.0,2022-05-18 15:00:00,ETH/BTC,0.067585,0.067625,0.0672325,0.06748,401.9439412418495,27.123177155
1652882400000.0,2022-05-18 14:00:00,ETH/BTC,0.0676825,0.0678375,0.0674575,0.067585,348.82095524154767,23.57506426
1652878800000.0,2022-05-18 13:00:00,ETH/BTC,0.0676175,0.0677725,0.06743,0.0676825,564.5961587559561,38.213279515
1652875200000.0,2022-05-18 12:00:00,ETH/BTC,0.0680775,0.068135,0.0675125,0.0676175,353.6582252375495,23.913485045
1652871600000.0,2022-05-18 11:00:00,ETH/BTC,0.0680975,0.0681075,0.06793,0.0680775,386.55669846865703,26.31581364
1652868000000.0,2022-05-18 10:00:00,ETH/BTC,0.06798,0.06821,0.067975,0.0680975,197.73343147692646,13.46515235
1652864400000.0,2022-05-18 09:00:00,ETH/BTC,0.0681125,0.0681375,0.0678775,0.06798,115.42856123124449,7.8468335925
1652860800000.0,2022-05-18 08:00:00,ETH/BTC,0.0681425,0.0681575,0.068015,0.0681125,100.46164676087355,6.842693915
1652857200000.0,2022-05-18 07:00:00,ETH/BTC,0.0679375,0.0681875,0.0679,0.0681425,140.40318732802584,9.5674241925
1652853600000.0,2022-05-18 06:00:00,ETH/BTC,0.0681875,0.0682375,0.06788,0.0679375,196.21609722171115,13.330431105
1652850000000.0,2022-05-18 05:00:00,ETH/BTC,0.0681575,0.0682075,0.068035,0.0681875,171.99619684692945,11.7279906725
1652846400000.0,2022-05-18 04:00:00,ETH/BTC,0.068365,0.0685275,0.0681125,0.0681575,242.85276194842828,16.5522371225
1652842800000.0,2022-05-18 03:00:00,ETH/BTC,0.068575,0.06868,0.068225,0.068365,219.25021941051708,14.98904125
1652839200000.0,2022-05-18 02:00:00,ETH/BTC,0.06865,0.0687075,0.06838,0.068575,228.07853787823552,15.640485735
1652835600000.0,2022-05-18 01:00:00,ETH/BTC,0.068575,0.0687175,0.0683525,0.06865,339.9055394391843,23.3345152825
1652832000000.0,2022-05-18 00:00:00,ETH/BTC,0.0686825,0.06892,0.068565,0.068575,227.85953725847614,15.6254677675
1652828400000.0,2022-05-17 23:00:00,ETH/BTC,0.06858,0.0688275,0.06858,0.0686825,160.963974302042,11.055408165
1652824800000.0,2022-05-17 22:00:00,ETH/BTC,0.0683,0.0686,0.0683,0.06858,139.14445286526683,9.5425265775
1652821200000.0,2022-05-17 21:00:00,ETH/BTC,0.0682175,0.0683375,0.068065,0.0683,194.77865120790628,13.3033818775
1652817600000.0,2022-05-17 20:00:00,ETH/BTC,0.06799,0.0683575,0.0679025,0.0682175,453.36331447209295,30.927311905
1652814000000.0,2022-05-17 19:00:00,ETH/BTC,0.06795,0.0681325,0.06779,0.06799,191.8134977570231,13.0413997125
1652810400000.0,2022-05-17 18:00:00,ETH/BTC,0.06838,0.06844,0.0679325,0.06795,348.8470626195732,23.704157905
1652806800000.0,2022-05-17 17:00:00,ETH/BTC,0.068315,0.06838,0.068225,0.06838,110.46481441942089,7.55358401
1652803200000.0,2022-05-17 16:00:00,ETH/BTC,0.06834,0.0683425,0.06808,0.068315,390.0091414403865,26.6434744975
1652799600000.0,2022-05-17 15:00:00,ETH/BTC,0.0683825,0.06845,0.06819,0.06834,281.69415942347086,19.250978855
1652796000000.0,2022-05-17 14:00:00,ETH/BTC,0.0688125,0.068815,0.0683625,0.0683825,264.11740975395753,18.0610087725
1652792400000.0,2022-05-17 13:00:00,ETH/BTC,0.06862,0.06902,0.06848,0.0688125,582.7601874296095,40.1011853975
1652788800000.0,2022-05-17 12:00:00,ETH/BTC,0.0686125,0.0688,0.0685625,0.06862,333.1755213858933,22.8625042775
1652785200000.0,2022-05-17 11:00:00,ETH/BTC,0.0683575,0.06862,0.06834,0.0686125,172.7894319912552,11.8555149025
1652781600000.0,2022-05-17 10:00:00,ETH/BTC,0.0682175,0.0683625,0.0681925,0.0683575,87.73867304246059,5.9975963425
1652778000000.0,2022-05-17 09:00:00,ETH/BTC,0.0681725,0.06835,0.0681525,0.0682175,279.91510550811745,19.09510871
1652774400000.0,2022-05-17 08:00:00,ETH/BTC,0.0680775,0.0683375,0.0680775,0.0681725,271.9353867395211,18.5385151525
1652770800000.0,2022-05-17 07:00:00,ETH/BTC,0.0684125,0.06846,0.06806,0.0680775,157.09292728875178,10.6944937575
1652767200000.0,2022-05-17 06:00:00,ETH/BTC,0.0683,0.0686,0.0681975,0.0684125,131.8578016444363,9.020721855
1652763600000.0,2022-05-17 05:00:00,ETH/BTC,0.0683525,0.06838,0.0682225,0.0683,241.677847510981,16.506596985
1652760000000.0,2022-05-17 04:00:00,ETH/BTC,0.068275,0.0685,0.0682225,0.0683525,263.1369280201895,17.9860668725
1652756400000.0,2022-05-17 03:00:00,ETH/BTC,0.06809,0.0683575,0.0680325,0.068275,345.67418714756496,23.6009051275
1652752800000.0,2022-05-17 02:00:00,ETH/BTC,0.0679525,0.06816,0.067885,0.06809,175.7844800631517,11.9691652475
1652749200000.0,2022-05-17 01:00:00,ETH/BTC,0.0679,0.06804,0.06785,0.0679525,98.00797785217615,6.659887115
1652745600000.0,2022-05-17 00:00:00,ETH/BTC,0.06772,0.068025,0.067705,0.0679,120.94772194403535,8.21235032
1652742000000.0,2022-05-16 23:00:00,ETH/BTC,0.06772,0.06775,0.06759,0.06772,49.2377887994684,3.3343830575
1652738400000.0,2022-05-16 22:00:00,ETH/BTC,0.0679,0.06804,0.06759,0.06772,177.9437557959244,12.0503511425
1652734800000.0,2022-05-16 21:00:00,ETH/BTC,0.06797,0.06809,0.0677875,0.0679,183.65602150220911,12.47024386
1652731200000.0,2022-05-16 20:00:00,ETH/BTC,0.0678525,0.068165,0.0678525,0.06797,264.3550430336913,17.968212275
1652727600000.0,2022-05-16 19:00:00,ETH/BTC,0.0680975,0.0682325,0.0678375,0.0678525,200.98971861758963,13.6376548825
1652724000000.0,2022-05-16 18:00:00,ETH/BTC,0.068,0.0682625,0.0679975,0.0680975,391.2172023569147,26.6409134375
1652720400000.0,2022-05-16 17:00:00,ETH/BTC,0.067965,0.06808,0.0678475,0.068,81.25700720588235,5.52547649
1652716800000.0,2022-05-16 16:00:00,ETH/BTC,0.06788,0.0680475,0.0678075,0.067965,622.9695267049217,42.3401238825
1652713200000.0,2022-05-16 15:00:00,ETH/BTC,0.0677925,0.0681,0.06777,0.06788,672.2107494475546,45.6296656725
1652709600000.0,2022-05-16 14:00:00,ETH/BTC,0.06755,0.0680275,0.0673725,0.0677925,437.8902887856326,29.6856774025
1652706000000.0,2022-05-16 13:00:00,ETH/BTC,0.06791,0.06802,0.06748,0.06755,600.0457041820873,40.5330873175
1652702400000.0,2022-05-16 12:00:00,ETH/BTC,0.0678175,0.0681175,0.0677475,0.06791,328.9714420188485,22.3404506275
1652698800000.0,2022-05-16 11:00:00,ETH/BTC,0.067925,0.0681075,0.067785,0.0678175,440.04205581155304,29.84255212
1652695200000.0,2022-05-16 10:00:00,ETH/BTC,0.067785,0.0681675,0.067325,0.067925,613.1404794626426,41.6475670675
1652691600000.0,2022-05-16 09:00:00,ETH/BTC,0.0680675,0.0680675,0.067785,0.067785,147.14465947481008,9.9742007425
1652688000000.0,2022-05-16 08:00:00,ETH/BTC,0.0679625,0.0682075,0.06788,0.0680675,382.0633714694972,26.0060985375
1652684400000.0,2022-05-16 07:00:00,ETH/BTC,0.06793,0.068255,0.067805,0.0679625,534.5813991907303,36.3314883425
1652680800000.0,2022-05-16 06:00:00,ETH/BTC,0.0682575,0.0685325,0.0678775,0.06793,631.8238798763432,42.91979616
1652677200000.0,2022-05-16 05:00:00,ETH/BTC,0.0682875,0.0683975,0.0681775,0.0682575,128.42954059993406,8.7662793675
1652673600000.0,2022-05-16 04:00:00,ETH/BTC,0.0684775,0.06858,0.0682425,0.0682875,161.44842657880284,11.02490943
1652670000000.0,2022-05-16 03:00:00,ETH/BTC,0.06843,0.0685075,0.06821,0.0684775,76.71420327844912,5.253196855
1652666400000.0,2022-05-16 02:00:00,ETH/BTC,0.068025,0.068485,0.0679475,0.06843,474.1936072263627,32.4490685425
1652662800000.0,2022-05-16 01:00:00,ETH/BTC,0.0682075,0.068315,0.0680025,0.068025,450.44928853362734,30.6418128525
1652659200000.0,2022-05-16 00:00:00,ETH/BTC,0.0684875,0.068505,0.06813,0.0682075,328.44155569402193,22.40217741
1652655600000.0,2022-05-15 23:00:00,ETH/BTC,0.0685275,0.0687775,0.068465,0.0684875,121.15467515970066,8.297580815
1652652000000.0,2022-05-15 22:00:00,ETH/BTC,0.0686975,0.06895,0.0685275,0.0685275,254.3612351610667,17.4307395425
1652648400000.0,2022-05-15 21:00:00,ETH/BTC,0.0686325,0.0688,0.06854,0.0686975,182.5883220277303,12.5433612525
1652644800000.0,2022-05-15 20:00:00,ETH/BTC,0.0690675,0.0692125,0.068415,0.0686325,310.39728259206646,21.3033414975
1652641200000.0,2022-05-15 19:00:00,ETH/BTC,0.0689175,0.0690675,0.0688325,0.0690675,24.15273934918739,1.668169325
1652637600000.0,2022-05-15 18:00:00,ETH/BTC,0.06894,0.0693,0.0688625,0.0689175,219.22407868103164,15.1083754425
1652634000000.0,2022-05-15 17:00:00,ETH/BTC,0.068975,0.0691525,0.068875,0.06894,99.17329522048158,6.8370069725
1652630400000.0,2022-05-15 16:00:00,ETH/BTC,0.0687125,0.06903,0.06864,0.068975,137.51620717651323,9.48518039
1652626800000.0,2022-05-15 15:00:00,ETH/BTC,0.068995,0.069055,0.068635,0.0687125,144.41352290340186,9.9230141925
1652623200000.0,2022-05-15 14:00:00,ETH/BTC,0.06859,0.069045,0.06855,0.068995,287.1039881513153,19.8087396625
1652619600000.0,2022-05-15 13:00:00,ETH/BTC,0.068765,0.068765,0.068515,0.06859,103.21905784370901,7.0797951775
1652616000000.0,2022-05-15 12:00:00,ETH/BTC,0.068795,0.068965,0.0685675,0.068765,340.79929488111685,23.4350635125
1652612400000.0,2022-05-15 11:00:00,ETH/BTC,0.06863,0.069,0.0686,0.068795,275.3643423213897,18.94368993
1652608800000.0,2022-05-15 10:00:00,ETH/BTC,0.06843,0.06876,0.06839,0.06863,96.17262509106806,6.60032726
1652605200000.0,2022-05-15 09:00:00,ETH/BTC,0.0683475,0.0684925,0.0683325,0.06843,42.30771898290223,2.89511721
1652601600000.0,2022-05-15 08:00:00,ETH/BTC,0.068315,0.06846,0.06828,0.0683475,51.70628062474852,3.533995015
1652598000000.0,2022-05-15 07:00:00,ETH/BTC,0.0679775,0.068385,0.0679675,0.068315,111.90968659884359,7.64511024
1652594400000.0,2022-05-15 06:00:00,ETH/BTC,0.0682475,0.0683,0.0679525,0.0679775,98.03173564782465,6.66395231
1652590800000.0,2022-05-15 05:00:00,ETH/BTC,0.0680525,0.068295,0.06802,0.0682475,145.29663222096048,9.9161319075
1652587200000.0,2022-05-15 04:00:00,ETH/BTC,0.06776,0.0680625,0.0677525,0.0680525,442.3857564013078,30.1054566875
1652583600000.0,2022-05-15 03:00:00,ETH/BTC,0.068075,0.068075,0.0675925,0.06776,406.63866278040143,27.55383579
1652580000000.0,2022-05-15 02:00:00,ETH/BTC,0.06815,0.0682075,0.06795,0.068075,106.68307745134044,7.2624504975
1652576400000.0,2022-05-15 01:00:00,ETH/BTC,0.0685125,0.068545,0.0681375,0.06815,162.23602281731473,11.056384955
1652572800000.0,2022-05-15 00:00:00,ETH/BTC,0.068345,0.06876,0.06828,0.0685125,155.2641439153439,10.63753466
1652569200000.0,2022-05-14 23:00:00,ETH/BTC,0.0679925,0.068445,0.06799,0.068345,85.17610326285755,5.8213607775
1652565600000.0,2022-05-14 22:00:00,ETH/BTC,0.0683,0.06855,0.0679725,0.0679925,427.0372050593816,29.035327165
1652562000000.0,2022-05-14 21:00:00,ETH/BTC,0.0680225,0.068635,0.06788,0.0683,265.7468874816984,18.150512415
1652558400000.0,2022-05-14 20:00:00,ETH/BTC,0.0680325,0.0682325,0.0679825,0.0680225,81.11641401742071,5.5177412725
1652554800000.0,2022-05-14 19:00:00,ETH/BTC,0.0681975,0.0682125,0.067795,0.0680325,300.824370778672,20.465834005
1652551200000.0,2022-05-14 18:00:00,ETH/BTC,0.0681575,0.0682975,0.06793,0.0681975,253.92815033542288,17.3172650325
1652547600000.0,2022-05-14 17:00:00,ETH/BTC,0.06842,0.0685275,0.0680525,0.0681575,117.53465847485603,8.010868485
1652544000000.0,2022-05-14 16:00:00,ETH/BTC,0.0681475,0.0685925,0.0681475,0.0684125,238.27587308605882,16.3010481675
1652540400000.0,2022-05-14 15:00:00,ETH/BTC,0.068165,0.0683575,0.068125,0.0681475,99.78764217322718,6.800278345
1652536800000.0,2022-05-14 14:00:00,ETH/BTC,0.06807,0.06817,0.06793,0.068165,114.65225636323626,7.815271055
1652533200000.0,2022-05-14 13:00:00,ETH/BTC,0.068225,0.06829,0.067965,0.06807,602.8176614881738,41.0337982175
1652529600000.0,2022-05-14 12:00:00,ETH/BTC,0.06829,0.0683925,0.06814,0.068225,2784.4150286551853,189.96671533
1652526000000.0,2022-05-14 11:00:00,ETH/BTC,0.0687025,0.06875,0.0682025,0.06829,709.6141479718846,48.459550165
1652522400000.0,2022-05-14 10:00:00,ETH/BTC,0.0688,0.0690475,0.06863,0.0687025,472.03440766347654,32.4299438925
1652518800000.0,2022-05-14 09:00:00,ETH/BTC,0.0691625,0.0693975,0.068755,0.0688,1131.2005271075582,77.826596265
1652515200000.0,2022-05-14 08:00:00,ETH/BTC,0.06906,0.06935,0.0690375,0.0691625,399.8439833724923,27.6542095
1652511600000.0,2022-05-14 07:00:00,ETH/BTC,0.0692175,0.069325,0.06896,0.06906,481.9225012308138,33.281567935
1652508000000.0,2022-05-14 06:00:00,ETH/BTC,0.0691375,0.069275,0.068995,0.0692175,71.59463968649547,4.9556019725
1652504400000.0,2022-05-14 05:00:00,ETH/BTC,0.068925,0.069305,0.06883,0.0691375,112.21857776170674,7.75851192
1652500800000.0,2022-05-14 04:00:00,ETH/BTC,0.0694775,0.0694775,0.068925,0.068925,169.3507016322089,11.67249711
1652497200000.0,2022-05-14 03:00:00,ETH/BTC,0.0693425,0.0694925,0.069175,0.0694775,81.29178403080134,5.647949925
1652493600000.0,2022-05-14 02:00:00,ETH/BTC,0.06934,0.0695075,0.06914,0.0693425,267.47180405234883,18.5471635725
1652490000000.0,2022-05-14 01:00:00,ETH/BTC,0.069105,0.069505,0.06901,0.06934,152.8776018531872,10.6005329125
1652486400000.0,2022-05-14 00:00:00,ETH/BTC,0.0685975,0.069215,0.06848,0.069105,252.8659396570436,17.47430076
1652482800000.0,2022-05-13 23:00:00,ETH/BTC,0.0690425,0.0692775,0.0685275,0.0685975,391.3891412587922,26.8483166175
1652479200000.0,2022-05-13 22:00:00,ETH/BTC,0.0691075,0.0693,0.06896,0.0690425,408.6269066154904,28.2126232
1652475600000.0,2022-05-13 21:00:00,ETH/BTC,0.0686475,0.0691075,0.0685,0.0691075,422.6577645335166,29.2088214625
1652472000000.0,2022-05-13 20:00:00,ETH/BTC,0.0686375,0.0689575,0.0685,0.0686475,152.84134735423723,10.4921763925
1652468400000.0,2022-05-13 19:00:00,ETH/BTC,0.0689,0.0689975,0.06858,0.0686375,465.1505034055727,31.9267676775
1652464800000.0,2022-05-13 18:00:00,ETH/BTC,0.069295,0.0695225,0.06878,0.0689,1121.9475236574744,77.30218438
1652461200000.0,2022-05-13 17:00:00,ETH/BTC,0.0690475,0.0694,0.06891,0.069295,236.3872727108738,16.3804560625
1652457600000.0,2022-05-13 16:00:00,ETH/BTC,0.0689775,0.06921,0.068485,0.0690475,610.2769254498714,42.13809601
1652454000000.0,2022-05-13 15:00:00,ETH/BTC,0.0693125,0.0693325,0.06872,0.0689775,315.5179420100757,21.763638845
1652450400000.0,2022-05-13 14:00:00,ETH/BTC,0.06908,0.069385,0.0689725,0.0693125,649.6896939224526,45.03161691
1652446800000.0,2022-05-13 13:00:00,ETH/BTC,0.06904,0.0691775,0.06853,0.06908,625.822920671685,43.23184736
1652443200000.0,2022-05-13 12:00:00,ETH/BTC,0.06894,0.0692525,0.06882,0.06904,258.1096363340093,17.8198892925
1652439600000.0,2022-05-13 11:00:00,ETH/BTC,0.06877,0.0690325,0.06853,0.06894,245.0727369814331,16.8953144875
1652436000000.0,2022-05-13 10:00:00,ETH/BTC,0.0682225,0.068925,0.0679975,0.06877,849.6023383379381,58.4271528075
1652432400000.0,2022-05-13 09:00:00,ETH/BTC,0.0682075,0.06843,0.068105,0.0682225,261.6027537835758,17.84719387
1652428800000.0,2022-05-13 08:00:00,ETH/BTC,0.0678925,0.068305,0.0678925,0.0682075,297.73030322911706,20.3074396575
1652425200000.0,2022-05-13 07:00:00,ETH/BTC,0.06893,0.06893,0.0678925,0.0678925,866.8611319365174,58.8533694
1652421600000.0,2022-05-13 06:00:00,ETH/BTC,0.0690075,0.06935,0.0688825,0.06893,386.2922213114754,26.627122815
1652418000000.0,2022-05-13 05:00:00,ETH/BTC,0.0685525,0.069285,0.068425,0.0690075,882.6041109299714,60.906303185
1652414400000.0,2022-05-13 04:00:00,ETH/BTC,0.06856,0.06869,0.0683,0.0685525,322.1504485248532,22.0842186225
1652410800000.0,2022-05-13 03:00:00,ETH/BTC,0.0685325,0.0688675,0.0681575,0.06856,941.2653592473745,64.53315303
1652407200000.0,2022-05-13 02:00:00,ETH/BTC,0.068395,0.0689375,0.06825,0.0685325,1178.2420422062526,80.7478727575
1652403600000.0,2022-05-13 01:00:00,ETH/BTC,0.0681375,0.0689,0.0679,0.068395,1177.982803165436,80.5681338225
1652400000000.0,2022-05-13 00:00:00,ETH/BTC,0.0675075,0.0684375,0.0673025,0.0681375,1777.7645073564481,121.13242912
1652396400000.0,2022-05-12 23:00:00,ETH/BTC,0.0667625,0.06772,0.0667625,0.0675075,1092.5067638410546,73.75240036
1652392800000.0,2022-05-12 22:00:00,ETH/BTC,0.06731,0.06747,0.0666825,0.06677,843.9102538190805,56.3478876475
1652389200000.0,2022-05-12 21:00:00,ETH/BTC,0.06744,0.0675225,0.06672,0.0673,618.1128890044577,41.59899743
1652385600000.0,2022-05-12 20:00:00,ETH/BTC,0.06794,0.068,0.06742,0.06744,340.54220266162514,22.9661661475
1652382000000.0,2022-05-12 19:00:00,ETH/BTC,0.06735,0.068105,0.0673225,0.06794,761.1516327642037,51.71264193
1652378400000.0,2022-05-12 18:00:00,ETH/BTC,0.06751,0.0681525,0.0673325,0.06735,761.1779195991091,51.265332885
1652374800000.0,2022-05-12 17:00:00,ETH/BTC,0.06819,0.068365,0.06739,0.06751,662.1365898385424,44.70084118
1652371200000.0,2022-05-12 16:00:00,ETH/BTC,0.067845,0.06826,0.06768,0.06819,1787.7202337219533,121.9046427375
1652367600000.0,2022-05-12 15:00:00,ETH/BTC,0.0684175,0.06873,0.06781,0.067845,2071.5208499889454,140.5423320675
1652364000000.0,2022-05-12 14:00:00,ETH/BTC,0.0677,0.068435,0.0675725,0.0684175,1595.348995724778,109.149789915
1652360400000.0,2022-05-12 13:00:00,ETH/BTC,0.06875,0.06892,0.06755,0.0677,1683.1717952732645,113.95073054
1652356800000.0,2022-05-12 12:00:00,ETH/BTC,0.06859,0.0691075,0.068435,0.06875,667.1771510545454,45.868429135
1652353200000.0,2022-05-12 11:00:00,ETH/BTC,0.06918,0.0694075,0.0682,0.06859,2437.9576019098995,167.219511915
1652349600000.0,2022-05-12 10:00:00,ETH/BTC,0.06831,0.0695,0.06817,0.06918,817.7975166233015,56.5752322
1652346000000.0,2022-05-12 09:00:00,ETH/BTC,0.0681075,0.068715,0.067815,0.0683,972.2591022693997,66.405296685
1652342400000.0,2022-05-12 08:00:00,ETH/BTC,0.0681725,0.06858,0.06791,0.068105,1281.179471074077,87.2547278775
1652338800000.0,2022-05-12 07:00:00,ETH/BTC,0.0681825,0.0683975,0.0665,0.0681725,3160.476650665591,215.4575944675
1652335200000.0,2022-05-12 06:00:00,ETH/BTC,0.067645,0.06904,0.0672425,0.068185,2426.435344540588,165.4464939675
1652331600000.0,2022-05-12 05:00:00,ETH/BTC,0.0684175,0.0686475,0.0671375,0.067645,6520.905272673516,441.10663717
1652328000000.0,2022-05-12 04:00:00,ETH/BTC,0.0694225,0.0700775,0.067725,0.0684175,4851.825560748346,331.9497753025
1652324400000.0,2022-05-12 03:00:00,ETH/BTC,0.07118,0.071335,0.0694225,0.0694225,2932.5984265187803,203.588314265
1652320800000.0,2022-05-12 02:00:00,ETH/BTC,0.07201,0.07209,0.0711575,0.07118,1976.209252037089,140.66657456
1652317200000.0,2022-05-12 01:00:00,ETH/BTC,0.07212,0.0722125,0.071695,0.07201,585.6468785932509,42.1724317275
1652313600000.0,2022-05-12 00:00:00,ETH/BTC,0.0716625,0.0726525,0.0716,0.07212,2557.754932404326,184.465285725
1652310000000.0,2022-05-11 23:00:00,ETH/BTC,0.0722125,0.072345,0.07154,0.0716625,1130.4136343973487,81.008267075
1652306400000.0,2022-05-11 22:00:00,ETH/BTC,0.07209,0.0724,0.071515,0.0722125,1603.991320789337,115.8282232525
1652302800000.0,2022-05-11 21:00:00,ETH/BTC,0.07174,0.0725,0.071515,0.07209,2021.645717887363,145.7404398025
1652299200000.0,2022-05-11 20:00:00,ETH/BTC,0.0720875,0.07253,0.0716875,0.07174,1448.4185760036241,103.9095486425
1652295600000.0,2022-05-11 19:00:00,ETH/BTC,0.0728225,0.073125,0.071675,0.0720875,1620.7680431073347,116.8371163075
1652292000000.0,2022-05-11 18:00:00,ETH/BTC,0.07305,0.073335,0.07275,0.0728225,799.2546891070755,58.2037245975
1652288400000.0,2022-05-11 17:00:00,ETH/BTC,0.072855,0.07322,0.07249,0.07305,1573.8850735112935,114.97230462
1652284800000.0,2022-05-11 16:00:00,ETH/BTC,0.0731575,0.07333,0.072705,0.072855,2145.38547086679,156.30205848
1652281200000.0,2022-05-11 15:00:00,ETH/BTC,0.073865,0.0740725,0.07309,0.0731575,3727.109985818269,272.6660487875
1652277600000.0,2022-05-11 14:00:00,ETH/BTC,0.0749575,0.075305,0.073835,0.073865,4837.369921376837,357.3123292425
1652274000000.0,2022-05-11 13:00:00,ETH/BTC,0.07412,0.076035,0.0739425,0.0749575,8195.368403962246,614.30432714
1652270400000.0,2022-05-11 12:00:00,ETH/BTC,0.0764025,0.076495,0.0729075,0.0741175,5856.248116740311,434.0504697925
1652266800000.0,2022-05-11 11:00:00,ETH/BTC,0.07637,0.0767,0.0761225,0.0764025,745.1683805830961,56.9327271975
1652263200000.0,2022-05-11 10:00:00,ETH/BTC,0.07664,0.0768575,0.07597,0.07637,1797.895744107634,137.3052979775
1652259600000.0,2022-05-11 09:00:00,ETH/BTC,0.0757225,0.0768475,0.0756725,0.07664,2371.572799223643,181.7573393325
1652256000000.0,2022-05-11 08:00:00,ETH/BTC,0.0756,0.076185,0.0753875,0.0757225,1913.8578717025985,144.92210269
1652252400000.0,2022-05-11 07:00:00,ETH/BTC,0.0751925,0.0757425,0.075015,0.0756,2109.2934386243383,159.46258396
1652248800000.0,2022-05-11 06:00:00,ETH/BTC,0.075725,0.07574,0.075135,0.0751925,877.6494664028992,65.9926575025
1652245200000.0,2022-05-11 05:00:00,ETH/BTC,0.0753675,0.0757325,0.07534,0.075725,1357.527828821393,102.7987948375
1652241600000.0,2022-05-11 04:00:00,ETH/BTC,0.0756425,0.0757275,0.0753,0.0753675,427.3620524430291,32.2092094875
1652238000000.0,2022-05-11 03:00:00,ETH/BTC,0.0755175,0.07569,0.07536,0.0756425,374.15027560564494,28.3016622225
1652234400000.0,2022-05-11 02:00:00,ETH/BTC,0.0759575,0.0759675,0.0755,0.0755175,740.4528934684014,55.9171513825
1652230800000.0,2022-05-11 01:00:00,ETH/BTC,0.0758675,0.0760725,0.075785,0.0759575,283.69474900437746,21.5487438975
1652227200000.0,2022-05-11 00:00:00,ETH/BTC,0.075505,0.0761525,0.0755,0.0758675,642.2107365472699,48.722923055
1652223600000.0,2022-05-10 23:00:00,ETH/BTC,0.075365,0.075755,0.0752175,0.075505,751.5804340109926,56.74808067
1652220000000.0,2022-05-10 22:00:00,ETH/BTC,0.074825,0.0753975,0.07478,0.07536,444.3679392914013,33.487567905
1652216400000.0,2022-05-10 21:00:00,ETH/BTC,0.0750825,0.0751725,0.0743525,0.074825,1659.0983403274306,124.142033315
1652212800000.0,2022-05-10 20:00:00,ETH/BTC,0.075145,0.0753325,0.07506,0.0750825,305.16407055572205,22.9124813275
1652209200000.0,2022-05-10 19:00:00,ETH/BTC,0.0752075,0.075405,0.0748525,0.075145,708.5890721272207,53.246925825
1652205600000.0,2022-05-10 18:00:00,ETH/BTC,0.0757725,0.07578,0.0751825,0.0752075,465.2234714622877,34.98829423
1652202000000.0,2022-05-10 17:00:00,ETH/BTC,0.0753675,0.07587,0.0752625,0.0757725,552.7143022864494,41.88054447
1652198400000.0,2022-05-10 16:00:00,ETH/BTC,0.075405,0.075575,0.0751575,0.0753675,553.032333698212,41.68066441
1652194800000.0,2022-05-10 15:00:00,ETH/BTC,0.07587,0.075925,0.07513,0.075405,1260.892782905643,95.077620295
1652191200000.0,2022-05-10 14:00:00,ETH/BTC,0.0762025,0.07624,0.075805,0.07587,626.5518591669961,47.536489555
1652187600000.0,2022-05-10 13:00:00,ETH/BTC,0.076035,0.0762025,0.0757675,0.0762025,1429.073321183688,108.8989597575
1652184000000.0,2022-05-10 12:00:00,ETH/BTC,0.07595,0.076075,0.07576,0.076035,913.3761925100282,69.4485587975
1652180400000.0,2022-05-10 11:00:00,ETH/BTC,0.075695,0.07595,0.07567,0.07595,456.08772156023696,34.6398624525
1652176800000.0,2022-05-10 10:00:00,ETH/BTC,0.075575,0.07573,0.075545,0.075695,412.3293718871788,31.211271805
1652173200000.0,2022-05-10 09:00:00,ETH/BTC,0.0751325,0.075675,0.07504,0.0755725,961.3775142743722,72.6537021975
1652169600000.0,2022-05-10 08:00:00,ETH/BTC,0.0750725,0.0753,0.0750525,0.0751325,733.0062719196086,55.072593725
1652166000000.0,2022-05-10 07:00:00,ETH/BTC,0.07471,0.075165,0.07468,0.0750725,1870.565665856339,140.42804095
1652162400000.0,2022-05-10 06:00:00,ETH/BTC,0.075555,0.075555,0.0746075,0.07471,1554.9451108954624,116.169949235
1652158800000.0,2022-05-10 05:00:00,ETH/BTC,0.0751125,0.075575,0.0750925,0.075555,2560.000390212428,193.4208294825
1652155200000.0,2022-05-10 04:00:00,ETH/BTC,0.0750875,0.075175,0.07485,0.0751125,504.5241298385755,37.8960687025
1652151600000.0,2022-05-10 03:00:00,ETH/BTC,0.0747925,0.07521,0.0747625,0.0750875,1738.3833985350423,130.5308634375
1652148000000.0,2022-05-10 02:00:00,ETH/BTC,0.0748325,0.074905,0.0746175,0.0747925,1152.5282248554333,86.2004672575
1652144400000.0,2022-05-10 01:00:00,ETH/BTC,0.0743125,0.07509,0.0740025,0.0748325,3893.7598621588213,291.379784885
1652140800000.0,2022-05-10 00:00:00,ETH/BTC,0.07414,0.07482,0.0736075,0.0743125,2275.8836519091674,169.1266038825
1652137200000.0,2022-05-09 23:00:00,ETH/BTC,0.0737775,0.0744,0.07376,0.07414,1337.482897154033,99.160981995
1652133600000.0,2022-05-09 22:00:00,ETH/BTC,0.0738175,0.07405,0.0736975,0.0737775,424.45049835654504,31.3148966425
1652130000000.0,2022-05-09 21:00:00,ETH/BTC,0.0739675,0.07404,0.07356,0.0738175,482.78471023131374,35.6379603475
1652126400000.0,2022-05-09 20:00:00,ETH/BTC,0.07338,0.0739925,0.0731375,0.0739675,923.887711697705,68.337664315
1652122800000.0,2022-05-09 19:00:00,ETH/BTC,0.07421,0.0742775,0.07314,0.07338,1863.7887309553012,136.7648170775
1652119200000.0,2022-05-09 18:00:00,ETH/BTC,0.07352,0.0744,0.07334,0.07421,1186.9239923527825,88.0816294725
1652115600000.0,2022-05-09 17:00:00,ETH/BTC,0.07345,0.07396,0.07261,0.07352,2219.6371682535364,163.18772461
1652112000000.0,2022-05-09 16:00:00,ETH/BTC,0.0736375,0.0738175,0.07337,0.07345,1408.3133525187202,103.4406157425
1652108400000.0,2022-05-09 15:00:00,ETH/BTC,0.0734625,0.0737275,0.07314,0.0736375,1713.2670142929894,126.160699765
1652104800000.0,2022-05-09 14:00:00,ETH/BTC,0.07307,0.07355,0.0728,0.0734625,833.2737357155012,61.21437181
1652101200000.0,2022-05-09 13:00:00,ETH/BTC,0.0728525,0.07326,0.0727425,0.07307,1299.737907999179,94.9718489375
1652097600000.0,2022-05-09 12:00:00,ETH/BTC,0.0726525,0.073065,0.07263,0.0728525,1886.7550624892765,137.45482319
1652094000000.0,2022-05-09 11:00:00,ETH/BTC,0.07242,0.0727,0.0723175,0.0726525,664.968644850487,48.31163447
1652090400000.0,2022-05-09 10:00:00,ETH/BTC,0.073015,0.0731275,0.07214,0.07242,1213.1776572769954,87.85832594
1652086800000.0,2022-05-09 09:00:00,ETH/BTC,0.0731725,0.0732,0.073015,0.073015,268.79890967609396,19.62635239
1652083200000.0,2022-05-09 08:00:00,ETH/BTC,0.07302,0.0733425,0.0729225,0.0731725,509.47013816666094,37.279203685
1652079600000.0,2022-05-09 07:00:00,ETH/BTC,0.073105,0.0731775,0.07298,0.07302,273.30027423993425,19.956386025
1652076000000.0,2022-05-09 06:00:00,ETH/BTC,0.07291,0.073145,0.0726625,0.073105,768.4031640790644,56.17411331
1652072400000.0,2022-05-09 05:00:00,ETH/BTC,0.07316,0.0732025,0.072865,0.07291,198.37752053902068,14.4637050225
1652068800000.0,2022-05-09 04:00:00,ETH/BTC,0.0732225,0.0733425,0.073065,0.07316,360.57486775560415,26.379657325
1652065200000.0,2022-05-09 03:00:00,ETH/BTC,0.0729025,0.073315,0.0728375,0.0732225,756.6196623988528,55.40158323
1652061600000.0,2022-05-09 02:00:00,ETH/BTC,0.0736,0.0736475,0.0726675,0.0729025,2066.21350454374,150.632130015
1652058000000.0,2022-05-09 01:00:00,ETH/BTC,0.07392,0.0739375,0.07357,0.0736,273.9206713994565,20.160561415
1652054400000.0,2022-05-09 00:00:00,ETH/BTC,0.07399,0.074025,0.073805,0.07392,537.9559429788961,39.765703305
1652050800000.0,2022-05-08 23:00:00,ETH/BTC,0.0740975,0.0741025,0.073905,0.07399,248.75675898770103,18.4055125975
1652047200000.0,2022-05-08 22:00:00,ETH/BTC,0.074165,0.0742725,0.0740025,0.0740975,190.03598140962922,14.0811911325
1652043600000.0,2022-05-08 21:00:00,ETH/BTC,0.074195,0.074275,0.0741,0.074165,422.56484504146164,31.3395217325
1652040000000.0,2022-05-08 20:00:00,ETH/BTC,0.0740825,0.0741975,0.0739,0.074195,646.6681008828087,47.979539745
1652036400000.0,2022-05-08 19:00:00,ETH/BTC,0.0742425,0.07428,0.0739675,0.0740825,605.7684289137111,44.876839635
1652032800000.0,2022-05-08 18:00:00,ETH/BTC,0.07424,0.0744125,0.074,0.0742425,616.954571101458,45.804249745
1652029200000.0,2022-05-08 17:00:00,ETH/BTC,0.0733275,0.0743,0.0731225,0.07424,2100.389559199892,155.932920875
1652025600000.0,2022-05-08 16:00:00,ETH/BTC,0.07326,0.07352,0.073245,0.0733275,210.7105307353994,15.4508764425
1652022000000.0,2022-05-08 15:00:00,ETH/BTC,0.0733175,0.07359,0.07326,0.07326,298.760021055146,21.8871591425
1652018400000.0,2022-05-08 14:00:00,ETH/BTC,0.0734275,0.0736,0.073145,0.0733175,778.1043379820643,57.0486648
1652014800000.0,2022-05-08 13:00:00,ETH/BTC,0.07382,0.07386,0.0733675,0.0734275,399.60257018828094,29.3418177225
1652011200000.0,2022-05-08 12:00:00,ETH/BTC,0.07384,0.074,0.0738,0.07382,93.22878884448659,6.8821491925
1652007600000.0,2022-05-08 11:00:00,ETH/BTC,0.0739425,0.0740175,0.073815,0.07384,323.52358139219933,23.88898125
1652004000000.0,2022-05-08 10:00:00,ETH/BTC,0.07381,0.07404,0.07376,0.0739425,223.34245812624675,16.51449971
1652000400000.0,2022-05-08 09:00:00,ETH/BTC,0.0739325,0.074,0.07381,0.07381,128.49809961387345,9.4844447325
1651996800000.0,2022-05-08 08:00:00,ETH/BTC,0.073885,0.0739825,0.073805,0.0739325,92.07217302945254,6.8071259325
1651993200000.0,2022-05-08 07:00:00,ETH/BTC,0.0736425,0.073885,0.07359,0.073885,245.39399475536302,18.1309353025
1651989600000.0,2022-05-08 06:00:00,ETH/BTC,0.07367,0.07376,0.073525,0.0736425,179.71565743286826,13.2347103025
1651986000000.0,2022-05-08 05:00:00,ETH/BTC,0.073725,0.07392,0.07367,0.07367,380.92516339758384,28.0627567875
1651982400000.0,2022-05-08 04:00:00,ETH/BTC,0.0737975,0.07388,0.0737,0.073725,294.8169335028823,21.7353784225
1651978800000.0,2022-05-08 03:00:00,ETH/BTC,0.07374,0.0737975,0.0735675,0.0737975,912.1072792777534,67.3112369425
1651975200000.0,2022-05-08 02:00:00,ETH/BTC,0.0745275,0.07454,0.0735375,0.07374,2240.5724433143478,165.21981197
1651971600000.0,2022-05-08 01:00:00,ETH/BTC,0.0745625,0.07482,0.0744,0.0745275,805.4391615511054,60.0273671125
1651968000000.0,2022-05-08 00:00:00,ETH/BTC,0.074285,0.0745625,0.074285,0.0745625,348.34389381391446,25.9733915825
1651964400000.0,2022-05-07 23:00:00,ETH/BTC,0.0742675,0.0744925,0.0741325,0.074285,711.3801476071885,52.844874265
1651960800000.0,2022-05-07 22:00:00,ETH/BTC,0.07483,0.0748975,0.0742625,0.0742675,696.7496496112028,51.7458546025
1651957200000.0,2022-05-07 21:00:00,ETH/BTC,0.07474,0.07536,0.0746925,0.07483,1217.7663533342245,91.12545622
1651953600000.0,2022-05-07 20:00:00,ETH/BTC,0.074785,0.0748125,0.0746375,0.07474,99.97402358175007,7.4720585225
1651950000000.0,2022-05-07 19:00:00,ETH/BTC,0.0748725,0.07491,0.0747825,0.074785,25.734524737581065,1.9245564325
1651946400000.0,2022-05-07 18:00:00,ETH/BTC,0.07474,0.0750075,0.0747275,0.0748725,165.8144710340913,12.4149439825
1651942800000.0,2022-05-07 17:00:00,ETH/BTC,0.0748225,0.074865,0.0747075,0.07474,31.112037563553653,2.3253136875
1651939200000.0,2022-05-07 16:00:00,ETH/BTC,0.0748675,0.074915,0.0747125,0.0748225,114.52158919442681,8.5687916075
1651935600000.0,2022-05-07 15:00:00,ETH/BTC,0.074755,0.0749575,0.0747025,0.0748675,449.77045754165687,33.67318973
1651932000000.0,2022-05-07 14:00:00,ETH/BTC,0.07449,0.0747575,0.0744875,0.074755,126.72945254498026,9.473660225
1651928400000.0,2022-05-07 13:00:00,ETH/BTC,0.0746,0.0746125,0.074485,0.07449,114.78099963082293,8.5500366625
1651924800000.0,2022-05-07 12:00:00,ETH/BTC,0.0745725,0.0747,0.0745075,0.0746,166.8071170911528,12.443810935
1651921200000.0,2022-05-07 11:00:00,ETH/BTC,0.0745925,0.0746925,0.07455,0.0745725,154.2488756914412,11.5027242825
1651917600000.0,2022-05-07 10:00:00,ETH/BTC,0.074595,0.0746375,0.07452,0.0745925,119.74402480142103,8.93200617
1651914000000.0,2022-05-07 09:00:00,ETH/BTC,0.0745775,0.0747575,0.0745325,0.074595,332.24817129164154,24.7840523375
1651910400000.0,2022-05-07 08:00:00,ETH/BTC,0.0744125,0.074665,0.0743525,0.0745775,459.2941498776441,34.2530094625
1651906800000.0,2022-05-07 07:00:00,ETH/BTC,0.0743575,0.074425,0.0742425,0.0744125,158.77860181421133,11.8151127075
1651903200000.0,2022-05-07 06:00:00,ETH/BTC,0.07459,0.07459,0.0742775,0.0743575,170.1895285277208,12.6548678675
1651899600000.0,2022-05-07 05:00:00,ETH/BTC,0.07432,0.07459,0.07428,0.07459,253.91471001474727,18.93949822
1651896000000.0,2022-05-07 04:00:00,ETH/BTC,0.0745175,0.074535,0.07431,0.07432,124.5657041509688,9.2577231325
1651892400000.0,2022-05-07 03:00:00,ETH/BTC,0.0746125,0.074665,0.0744425,0.0745175,120.09742899318951,8.949360165
1651888800000.0,2022-05-07 02:00:00,ETH/BTC,0.0746225,0.074625,0.074575,0.0746125,126.39442811191154,9.4306042675
1651885200000.0,2022-05-07 01:00:00,ETH/BTC,0.0746675,0.07478,0.07455,0.0746225,359.98174806526185,26.862737995
1651881600000.0,2022-05-07 00:00:00,ETH/BTC,0.0747625,0.0748125,0.07463,0.0746675,124.60905383868484,9.3042465275
1651878000000.0,2022-05-06 23:00:00,ETH/BTC,0.0748725,0.07499,0.07476,0.0747625,392.39287115866915,29.33627203
1651874400000.0,2022-05-06 22:00:00,ETH/BTC,0.074785,0.0749775,0.074785,0.0748725,197.19927613609806,14.7648028025
1651870800000.0,2022-05-06 21:00:00,ETH/BTC,0.0749775,0.075035,0.0747275,0.074785,314.83864160593697,23.5452078125
1651867200000.0,2022-05-06 20:00:00,ETH/BTC,0.074705,0.0749775,0.0745625,0.0749775,366.03940692207664,27.4447196325
1651863600000.0,2022-05-06 19:00:00,ETH/BTC,0.0746775,0.07479,0.074505,0.074705,273.39487892376684,20.42396443
1651860000000.0,2022-05-06 18:00:00,ETH/BTC,0.07478,0.07482,0.07459,0.0746775,328.6046325867899,24.53937245
1651856400000.0,2022-05-06 17:00:00,ETH/BTC,0.074855,0.0748575,0.0746225,0.07478,139.55508374565392,10.4359291625
1651852800000.0,2022-05-06 16:00:00,ETH/BTC,0.07471,0.0749675,0.07471,0.074855,224.8904346403046,16.834173485
1651849200000.0,2022-05-06 15:00:00,ETH/BTC,0.074645,0.0749875,0.0746,0.07471,756.7000110426984,56.533057825
1651845600000.0,2022-05-06 14:00:00,ETH/BTC,0.0745525,0.074785,0.0742,0.074645,1379.0557587581218,102.9396171125
1651842000000.0,2022-05-06 13:00:00,ETH/BTC,0.0748925,0.0749075,0.0744125,0.0745525,690.7024359008752,51.4935933525
1651838400000.0,2022-05-06 12:00:00,ETH/BTC,0.0747675,0.0750325,0.0747025,0.0748925,425.60101622325334,31.8743241075
1651834800000.0,2022-05-06 11:00:00,ETH/BTC,0.07482,0.074955,0.074545,0.0747675,483.9057601564851,36.1804239225
1651831200000.0,2022-05-06 10:00:00,ETH/BTC,0.07508,0.075085,0.07476,0.0748,1132.677571022727,84.7242823125
1651827600000.0,2022-05-06 09:00:00,ETH/BTC,0.0750825,0.075175,0.0750525,0.07508,139.46898158630796,10.4713311375
1651824000000.0,2022-05-06 08:00:00,ETH/BTC,0.0750725,0.075235,0.0750475,0.0750825,906.6139355042786,68.0708408125
1651820400000.0,2022-05-06 07:00:00,ETH/BTC,0.075345,0.0753575,0.0750575,0.0750725,1294.5036825735124,97.18162771
1651816800000.0,2022-05-06 06:00:00,ETH/BTC,0.0753925,0.075425,0.075345,0.075345,112.88800899197027,8.5055470375
1651813200000.0,2022-05-06 05:00:00,ETH/BTC,0.0754,0.0754375,0.0753425,0.0753925,68.7235619922406,5.1812411475
1651809600000.0,2022-05-06 04:00:00,ETH/BTC,0.0753225,0.0754025,0.07527,0.0754,55.401816578249345,4.17729697
1651806000000.0,2022-05-06 03:00:00,ETH/BTC,0.0753725,0.0754325,0.0753075,0.0753225,868.3658104815959,65.40748376
1651802400000.0,2022-05-06 02:00:00,ETH/BTC,0.075455,0.0755075,0.07525,0.0753725,810.9190906829414,61.1209991625
1651798800000.0,2022-05-06 01:00:00,ETH/BTC,0.0752725,0.0755075,0.07521,0.075455,262.4679409250547,19.8045184825
1651795200000.0,2022-05-06 00:00:00,ETH/BTC,0.0751725,0.07529,0.0750125,0.0752725,240.88210349065062,18.131798135
1651791600000.0,2022-05-05 23:00:00,ETH/BTC,0.07552,0.0755325,0.07515,0.0751725,97.63148338820712,7.339202685
1651788000000.0,2022-05-05 22:00:00,ETH/BTC,0.075125,0.0755225,0.075115,0.07552,147.2487844279661,11.1202282
1651784400000.0,2022-05-05 21:00:00,ETH/BTC,0.07559,0.0756275,0.07511,0.075125,240.22415034941767,18.046839295
1651780800000.0,2022-05-05 20:00:00,ETH/BTC,0.07515,0.07568,0.0751075,0.07559,456.3244227080301,34.4935631125
1651777200000.0,2022-05-05 19:00:00,ETH/BTC,0.0750125,0.0757,0.0749825,0.07515,789.1792828343314,59.306823105
1651773600000.0,2022-05-05 18:00:00,ETH/BTC,0.0745325,0.075195,0.07445,0.0750125,1521.9025080819865,114.1617118875
1651770000000.0,2022-05-05 17:00:00,ETH/BTC,0.07452,0.0746725,0.0743925,0.0745325,365.4018588535203,27.234314045
1651766400000.0,2022-05-05 16:00:00,ETH/BTC,0.074325,0.07453,0.0741125,0.07452,495.7374033480944,36.9423512975
1651762800000.0,2022-05-05 15:00:00,ETH/BTC,0.07406,0.0748425,0.07384,0.074325,9491.44147184662,705.451387395
1651759200000.0,2022-05-05 14:00:00,ETH/BTC,0.07423,0.074375,0.07393,0.07406,686.742887321091,50.860178235
1651755600000.0,2022-05-05 13:00:00,ETH/BTC,0.0741525,0.0742775,0.0740725,0.07423,207.8331027212717,15.427451215
1651752000000.0,2022-05-05 12:00:00,ETH/BTC,0.074075,0.0742175,0.074025,0.0741525,121.74583837362194,9.02775828
1651748400000.0,2022-05-05 11:00:00,ETH/BTC,0.0741175,0.0741575,0.074045,0.074075,52.83005318933513,3.91338619
1651744800000.0,2022-05-05 10:00:00,ETH/BTC,0.074055,0.07417,0.0740325,0.0741175,128.77599399601982,9.544554735
1651741200000.0,2022-05-05 09:00:00,ETH/BTC,0.0741,0.0741225,0.07395,0.074055,130.2766811491459,9.6476396225
1651737600000.0,2022-05-05 08:00:00,ETH/BTC,0.074125,0.0741475,0.073875,0.0741,489.17884193657216,36.2481521875
1651734000000.0,2022-05-05 07:00:00,ETH/BTC,0.07406,0.0741675,0.0740275,0.074125,310.1393317706577,22.9890779675
1651730400000.0,2022-05-05 06:00:00,ETH/BTC,0.0740375,0.07411,0.074005,0.07406,118.99822961112612,8.813008885
1651726800000.0,2022-05-05 05:00:00,ETH/BTC,0.0741175,0.0741175,0.074,0.0740375,497.11235890595975,36.8049562725
1651723200000.0,2022-05-05 04:00:00,ETH/BTC,0.0740475,0.07413,0.0740375,0.0741175,125.53781795797214,9.3045492225
1651719600000.0,2022-05-05 03:00:00,ETH/BTC,0.0741275,0.0741325,0.074035,0.0740475,234.73692062527434,17.38168213
1651716000000.0,2022-05-05 02:00:00,ETH/BTC,0.0742175,0.07437,0.0741275,0.0741275,266.7170317021348,19.7710667675
1651712400000.0,2022-05-05 01:00:00,ETH/BTC,0.07421,0.074375,0.07421,0.0742175,258.5837299828207,19.19143798
1651708800000.0,2022-05-05 00:00:00,ETH/BTC,0.0740975,0.07435,0.07409,0.07421,478.4966463414634,35.509236125
1651705200000.0,2022-05-04 23:00:00,ETH/BTC,0.0737075,0.0741725,0.073655,0.0740975,497.1263489996289,36.835819645
1651701600000.0,2022-05-04 22:00:00,ETH/BTC,0.073855,0.07388,0.073645,0.0737075,211.18026476274466,15.565569365
1651698000000.0,2022-05-04 21:00:00,ETH/BTC,0.073985,0.0741025,0.0738475,0.073855,178.67036487035406,13.1956997975
1651694400000.0,2022-05-04 20:00:00,ETH/BTC,0.074155,0.0741675,0.0739725,0.073985,606.1763673379739,44.8479585375
1651690800000.0,2022-05-04 19:00:00,ETH/BTC,0.07407,0.0743225,0.0739525,0.074155,746.3720102825163,55.3472164225
1651687200000.0,2022-05-04 18:00:00,ETH/BTC,0.07314,0.0742275,0.073005,0.07407,1557.0073806871878,115.3275366875
1651683600000.0,2022-05-04 17:00:00,ETH/BTC,0.0729175,0.07314,0.0729,0.07314,175.18921339212469,12.8133390675
1651680000000.0,2022-05-04 16:00:00,ETH/BTC,0.07298,0.0731275,0.0728725,0.0729175,218.86929427092264,15.959401765
1651676400000.0,2022-05-04 15:00:00,ETH/BTC,0.0731875,0.0731875,0.0729525,0.07298,504.2777215675527,36.80218812
1651672800000.0,2022-05-04 14:00:00,ETH/BTC,0.0732775,0.073335,0.0731575,0.0731875,160.3001642698548,11.7319682725
1651669200000.0,2022-05-04 13:00:00,ETH/BTC,0.0734075,0.07348,0.0731625,0.0732775,857.4443737504691,62.8313800975
1651665600000.0,2022-05-04 12:00:00,ETH/BTC,0.0736,0.0736525,0.07332,0.0734075,480.22057408984097,35.2517917925
1651662000000.0,2022-05-04 11:00:00,ETH/BTC,0.073455,0.073895,0.0734075,0.0736,645.7465858016305,47.526948715
1651658400000.0,2022-05-04 10:00:00,ETH/BTC,0.0728475,0.0734975,0.0728025,0.073455,1201.8263055952623,88.2801512775
1651654800000.0,2022-05-04 09:00:00,ETH/BTC,0.0729725,0.0730025,0.07276,0.0728475,761.9178452246131,55.50381023
1651651200000.0,2022-05-04 08:00:00,ETH/BTC,0.07313,0.07323,0.0729125,0.0729725,617.183573846312,45.0374283425
1651647600000.0,2022-05-04 07:00:00,ETH/BTC,0.073355,0.073355,0.0730975,0.07313,316.9149994872146,23.1759939125
1651644000000.0,2022-05-04 06:00:00,ETH/BTC,0.073355,0.0733775,0.07327,0.073355,424.4211161815827,31.1334109775
1651640400000.0,2022-05-04 05:00:00,ETH/BTC,0.0735525,0.073555,0.073345,0.073355,616.1945448163043,45.200950835
1651636800000.0,2022-05-04 04:00:00,ETH/BTC,0.0736075,0.07382,0.0735525,0.0735525,363.09958233914546,26.70688203
1651633200000.0,2022-05-04 03:00:00,ETH/BTC,0.0735825,0.0736475,0.073555,0.0736075,87.23276425635973,6.420985695
1651629600000.0,2022-05-04 02:00:00,ETH/BTC,0.0736075,0.07384,0.07356,0.0735825,330.50762824041044,24.319577555
1651626000000.0,2022-05-04 01:00:00,ETH/BTC,0.0737225,0.073725,0.07358,0.0736075,169.6778007675848,12.48955872
1651622400000.0,2022-05-04 00:00:00,ETH/BTC,0.07373,0.0738075,0.0736,0.0737225,142.8807803926888,10.5335283325
1651618800000.0,2022-05-03 23:00:00,ETH/BTC,0.0737925,0.07384,0.0737125,0.07373,169.5934105520141,12.50412216
1651615200000.0,2022-05-03 22:00:00,ETH/BTC,0.073755,0.0739375,0.0736525,0.0737925,128.0183111427313,9.446791225
1651611600000.0,2022-05-03 21:00:00,ETH/BTC,0.0737075,0.0738325,0.073555,0.073755,567.73268293675,41.87312403
1651608000000.0,2022-05-03 20:00:00,ETH/BTC,0.0735225,0.0737275,0.0734275,0.0737075,387.6783183529492,28.57479965
1651604400000.0,2022-05-03 19:00:00,ETH/BTC,0.0737225,0.07375,0.07351,0.0735225,325.74773409500494,23.94978778
1651600800000.0,2022-05-03 18:00:00,ETH/BTC,0.0736625,0.074035,0.0736075,0.0737225,683.1605218556072,50.3643015725
1651597200000.0,2022-05-03 17:00:00,ETH/BTC,0.0735675,0.073795,0.0735575,0.0736625,425.4247212964534,31.3378485325
1651593600000.0,2022-05-03 16:00:00,ETH/BTC,0.07364,0.07364,0.0734075,0.0735675,264.904950283753,19.48839493
1651590000000.0,2022-05-03 15:00:00,ETH/BTC,0.0737475,0.0738525,0.0736,0.07364,422.619544710755,31.1217032725
1651586400000.0,2022-05-03 14:00:00,ETH/BTC,0.0738675,0.0739925,0.07374,0.0737475,606.1379881690906,44.7011612825
1651582800000.0,2022-05-03 13:00:00,ETH/BTC,0.07382,0.07388,0.073775,0.0738675,299.5520484990016,22.1271609425
1651579200000.0,2022-05-03 12:00:00,ETH/BTC,0.0738625,0.0738675,0.0737875,0.07382,248.89180438905447,18.373193
1651575600000.0,2022-05-03 11:00:00,ETH/BTC,0.0736825,0.0738925,0.07362,0.0738625,475.94945432391273,35.15481657
1651572000000.0,2022-05-03 10:00:00,ETH/BTC,0.0737,0.07372,0.0735675,0.0736825,271.3240163539511,19.991831835
1651568400000.0,2022-05-03 09:00:00,ETH/BTC,0.0738375,0.0738375,0.0737,0.0737,138.80073900949796,10.229614465
1651564800000.0,2022-05-03 08:00:00,ETH/BTC,0.0737675,0.073855,0.0736825,0.0738375,655.820099238192,48.4241165775
1651561200000.0,2022-05-03 07:00:00,ETH/BTC,0.07381,0.07386,0.07374,0.0737675,171.03824377266412,12.6170636475
1651557600000.0,2022-05-03 06:00:00,ETH/BTC,0.07384,0.0738975,0.073775,0.07381,135.86613985232353,10.0282797825
1651554000000.0,2022-05-03 05:00:00,ETH/BTC,0.0740125,0.0740125,0.073695,0.07384,304.06152373374863,22.4519029125
1651550400000.0,2022-05-03 04:00:00,ETH/BTC,0.0740225,0.0740675,0.07397,0.0740125,100.60822212464112,7.44626604
1651546800000.0,2022-05-03 03:00:00,ETH/BTC,0.0739525,0.0740225,0.0739125,0.0740225,145.95342632307742,10.8038375
1651543200000.0,2022-05-03 02:00:00,ETH/BTC,0.0738675,0.07398,0.0738375,0.0739525,243.12857820898552,17.97996618
1651539600000.0,2022-05-03 01:00:00,ETH/BTC,0.073885,0.07391,0.073765,0.0738675,169.36285822587743,12.51041093
1651536000000.0,2022-05-03 00:00:00,ETH/BTC,0.074155,0.07425,0.0738575,0.073885,454.5492909250862,33.58437436
1651532400000.0,2022-05-02 23:00:00,ETH/BTC,0.0741725,0.0743425,0.074155,0.074155,353.65949140314206,26.225619585
1651528800000.0,2022-05-02 22:00:00,ETH/BTC,0.0741825,0.07425,0.0741025,0.0741725,310.3034893322997,23.0159855625
1651525200000.0,2022-05-02 21:00:00,ETH/BTC,0.073795,0.0742,0.073795,0.0741825,649.6586036801133,48.1932993675
1651521600000.0,2022-05-02 20:00:00,ETH/BTC,0.073705,0.0739675,0.073705,0.073795,1963.030766379836,144.861855405
1651518000000.0,2022-05-02 19:00:00,ETH/BTC,0.0732875,0.0739125,0.0732825,0.073705,3325.622271148497,245.114989495
1651514400000.0,2022-05-02 18:00:00,ETH/BTC,0.07292,0.0733425,0.0728475,0.0732875,562.2077332082551,41.2027992475
1651510800000.0,2022-05-02 17:00:00,ETH/BTC,0.07287,0.072945,0.07274,0.0729225,103.50900013713189,7.5481350625
1651507200000.0,2022-05-02 16:00:00,ETH/BTC,0.0730625,0.07309,0.07285,0.07287,390.86273734046927,28.48216767
1651503600000.0,2022-05-02 15:00:00,ETH/BTC,0.07282,0.0730625,0.072795,0.0730625,209.0565257142857,15.27419241
1651500000000.0,2022-05-02 14:00:00,ETH/BTC,0.0726975,0.0729175,0.0725875,0.07282,402.7283147143642,29.3266758775
1651496400000.0,2022-05-02 13:00:00,ETH/BTC,0.0726075,0.072835,0.0725275,0.0726975,713.5838193541732,51.8757597075
1651492800000.0,2022-05-02 12:00:00,ETH/BTC,0.07254,0.072665,0.0725125,0.0726075,705.828619288641,51.248451475
1651489200000.0,2022-05-02 11:00:00,ETH/BTC,0.0724825,0.0725475,0.072375,0.07254,720.9812774331403,52.299981865
1651485600000.0,2022-05-02 10:00:00,ETH/BTC,0.0724625,0.0725925,0.07241,0.0724825,325.0249702341944,23.558622405
1651482000000.0,2022-05-02 09:00:00,ETH/BTC,0.0729225,0.0730025,0.0724275,0.0724625,404.7716503018803,29.33076571
1651478400000.0,2022-05-02 08:00:00,ETH/BTC,0.0731825,0.07327,0.07291,0.0729225,388.21429013678903,28.3095565725
1651474800000.0,2022-05-02 07:00:00,ETH/BTC,0.0734125,0.0734675,0.0731475,0.0731825,364.13124780514465,26.6480350425
1651471200000.0,2022-05-02 06:00:00,ETH/BTC,0.073355,0.07349,0.0733425,0.0734125,892.7225669674783,65.5369954475
1651467600000.0,2022-05-02 05:00:00,ETH/BTC,0.0733025,0.0734375,0.07326,0.073355,394.4258578147365,28.9331088
1651464000000.0,2022-05-02 04:00:00,ETH/BTC,0.0734575,0.0734775,0.0732325,0.0733025,349.13889857099,25.5927541125
1651460400000.0,2022-05-02 03:00:00,ETH/BTC,0.0735175,0.0735675,0.0733825,0.0734575,433.76952652894533,31.863624995
1651456800000.0,2022-05-02 02:00:00,ETH/BTC,0.0736325,0.0737575,0.0735175,0.0735175,238.14061594178258,17.5075027325
1651453200000.0,2022-05-02 01:00:00,ETH/BTC,0.0734775,0.0736775,0.073475,0.0736325,263.98124347265133,19.43759891
1651449600000.0,2022-05-02 00:00:00,ETH/BTC,0.0734475,0.073635,0.0733425,0.0734775,384.63209778503625,28.261804965
1651446000000.0,2022-05-01 23:00:00,ETH/BTC,0.0732725,0.07373,0.0732675,0.0734475,1049.608656523367,77.0911318
1651442400000.0,2022-05-01 22:00:00,ETH/BTC,0.0732375,0.073385,0.07312,0.0732725,235.66442543246103,17.2677216125
1651438800000.0,2022-05-01 21:00:00,ETH/BTC,0.0734375,0.0734625,0.073155,0.0732375,282.86353835125453,20.71621839
1651435200000.0,2022-05-01 20:00:00,ETH/BTC,0.07314,0.0734475,0.0730575,0.0734375,471.80465266382976,34.64815418
1651431600000.0,2022-05-01 19:00:00,ETH/BTC,0.0731125,0.0731525,0.073015,0.07314,71.63252782335248,5.239203085
1651428000000.0,2022-05-01 18:00:00,ETH/BTC,0.073125,0.0731275,0.07302,0.0731125,90.31801056590871,6.6033755475
1651424400000.0,2022-05-01 17:00:00,ETH/BTC,0.0730475,0.073135,0.0729425,0.073125,313.82755863247866,22.948640225
1651420800000.0,2022-05-01 16:00:00,ETH/BTC,0.0728775,0.073275,0.0728725,0.0730475,583.2162171532223,42.6024866225
1651417200000.0,2022-05-01 15:00:00,ETH/BTC,0.0726625,0.0731,0.0726625,0.0728775,370.4643052382423,26.998512405
1651413600000.0,2022-05-01 14:00:00,ETH/BTC,0.0727325,0.0728275,0.0726625,0.0726625,187.30055262343024,13.609726405
1651410000000.0,2022-05-01 13:00:00,ETH/BTC,0.072775,0.0728725,0.0727275,0.0727325,105.89587093115182,7.7020714325
1651406400000.0,2022-05-01 12:00:00,ETH/BTC,0.072665,0.0728625,0.072645,0.072775,200.24090642390928,14.572531965
1651402800000.0,2022-05-01 11:00:00,ETH/BTC,0.0727575,0.07284,0.072615,0.072665,195.13550123856052,14.1795211975
1651399200000.0,2022-05-01 10:00:00,ETH/BTC,0.072875,0.0729575,0.072725,0.0727575,331.91615015634125,24.149389295
1651395600000.0,2022-05-01 09:00:00,ETH/BTC,0.0730625,0.0730675,0.0728,0.072875,171.69080778730705,12.5119676175
1651392000000.0,2022-05-01 08:00:00,ETH/BTC,0.0728775,0.0731,0.0728775,0.0730625,70.50444502994011,5.151231015
1651388400000.0,2022-05-01 07:00:00,ETH/BTC,0.0731175,0.0731775,0.072875,0.0728775,130.3805669445302,9.5018097675
1651384800000.0,2022-05-01 06:00:00,ETH/BTC,0.0731075,0.073195,0.0730525,0.0731175,139.94765483639347,10.2326226525
1651381200000.0,2022-05-01 05:00:00,ETH/BTC,0.0730425,0.0732425,0.0730175,0.0731075,219.61382566768114,16.05541776
1651377600000.0,2022-05-01 04:00:00,ETH/BTC,0.072995,0.07306,0.0728675,0.0730425,180.46383779991103,13.1815298725
1651374000000.0,2022-05-01 03:00:00,ETH/BTC,0.072935,0.0730075,0.07288,0.072995,89.3047470032194,6.5188000075
1651370400000.0,2022-05-01 02:00:00,ETH/BTC,0.073025,0.07308,0.072915,0.072935,171.49597590320147,12.5080590025
1651366800000.0,2022-05-01 01:00:00,ETH/BTC,0.0726325,0.07304,0.07262,0.073025,356.37238798356725,26.0240936325
1651363200000.0,2022-05-01 00:00:00,ETH/BTC,0.0724425,0.072635,0.072405,0.0726325,500.04085292396655,36.31921725
1651359600000.0,2022-04-30 23:00:00,ETH/BTC,0.0727225,0.072765,0.072235,0.0724425,1213.822208303137,87.932315325
1651356000000.0,2022-04-30 22:00:00,ETH/BTC,0.072985,0.072985,0.0727225,0.0727225,518.8956888170787,37.73539173
1651352400000.0,2022-04-30 21:00:00,ETH/BTC,0.0727875,0.0730125,0.0727825,0.072985,181.35240480920737,13.236005265
1651348800000.0,2022-04-30 20:00:00,ETH/BTC,0.0729825,0.0730275,0.0727625,0.0727875,115.52921298299846,8.40908259
1651345200000.0,2022-04-30 19:00:00,ETH/BTC,0.072855,0.0730225,0.07278,0.0729825,260.51685760285,19.01317156
1651341600000.0,2022-04-30 18:00:00,ETH/BTC,0.07278,0.0728575,0.072665,0.072855,485.1451325235056,35.34524863
1651338000000.0,2022-04-30 17:00:00,ETH/BTC,0.0729075,0.07303,0.07277,0.07278,548.7866830516625,39.9406947925
1651334400000.0,2022-04-30 16:00:00,ETH/BTC,0.07322,0.07322,0.0728725,0.0729075,634.0437824640812,46.22654707
1651330800000.0,2022-04-30 15:00:00,ETH/BTC,0.0727425,0.0732675,0.0726575,0.07322,429.451020588637,31.4444037275
1651327200000.0,2022-04-30 14:00:00,ETH/BTC,0.0732575,0.07329,0.0727425,0.0727425,612.4982316733683,44.5546526175
1651323600000.0,2022-04-30 13:00:00,ETH/BTC,0.0733275,0.0733425,0.0731,0.0732575,368.0868270142988,26.96512073
1651320000000.0,2022-04-30 12:00:00,ETH/BTC,0.0733825,0.0734575,0.073225,0.0733275,209.0131057584126,15.3264085125
1651316400000.0,2022-04-30 11:00:00,ETH/BTC,0.0733875,0.073445,0.073345,0.0733825,174.15170681020678,12.779687625
1651312800000.0,2022-04-30 10:00:00,ETH/BTC,0.0733475,0.07345,0.07333,0.0733875,229.47741498892864,16.8407737925
1651309200000.0,2022-04-30 09:00:00,ETH/BTC,0.0731825,0.0733475,0.0731125,0.0733475,206.6778626401718,15.15930453
1651305600000.0,2022-04-30 08:00:00,ETH/BTC,0.0731975,0.07327,0.07317,0.0731825,132.6008297407167,9.7040602225
1651302000000.0,2022-04-30 07:00:00,ETH/BTC,0.07316,0.0731975,0.0730425,0.0731975,173.75896024454389,12.7187214925
1651298400000.0,2022-04-30 06:00:00,ETH/BTC,0.0732775,0.0733125,0.0731,0.07316,265.21794054127935,19.40334453
1651294800000.0,2022-04-30 05:00:00,ETH/BTC,0.0731575,0.0733175,0.0731575,0.0732775,268.0425808399577,19.6414902175
1651291200000.0,2022-04-30 04:00:00,ETH/BTC,0.0729325,0.0731575,0.072915,0.0731575,214.59317370057752,15.699100105
1651287600000.0,2022-04-30 03:00:00,ETH/BTC,0.073025,0.073025,0.072835,0.0729325,298.3390732526652,21.75861446
1651284000000.0,2022-04-30 02:00:00,ETH/BTC,0.0730175,0.073185,0.0730175,0.073025,235.51853361862374,17.1987409175
1651280400000.0,2022-04-30 01:00:00,ETH/BTC,0.07312,0.07319,0.073,0.0730175,114.0809316944568,8.32990443
1651276800000.0,2022-04-30 00:00:00,ETH/BTC,0.0729825,0.07312,0.0729325,0.07312,235.63077913019694,17.22932257
1651273200000.0,2022-04-29 23:00:00,ETH/BTC,0.07303,0.0730525,0.07284,0.0729825,357.3374313020244,26.07937908
1651269600000.0,2022-04-29 22:00:00,ETH/BTC,0.07283,0.07306,0.0727475,0.07303,225.80181384362592,16.490306465
1651266000000.0,2022-04-29 21:00:00,ETH/BTC,0.07279,0.0729725,0.0727125,0.07283,218.66511382671976,15.92538024
1651262400000.0,2022-04-29 20:00:00,ETH/BTC,0.0728575,0.0729675,0.0727725,0.07279,284.31425219810416,20.6952344175
1651258800000.0,2022-04-29 19:00:00,ETH/BTC,0.073055,0.0730725,0.072665,0.0728575,1046.074593006897,76.21437966
1651255200000.0,2022-04-29 18:00:00,ETH/BTC,0.0730675,0.0732,0.0729275,0.073055,342.1918854287866,24.99882819
1651251600000.0,2022-04-29 17:00:00,ETH/BTC,0.073085,0.073345,0.0729425,0.073065,580.3149917197017,42.40071487
1651248000000.0,2022-04-29 16:00:00,ETH/BTC,0.07323,0.07325,0.07295,0.0730825,539.5667749803305,39.4328888325
1651244400000.0,2022-04-29 15:00:00,ETH/BTC,0.07338,0.0734,0.0731175,0.07323,303.6824303222723,22.2386643725
1651240800000.0,2022-04-29 14:00:00,ETH/BTC,0.07329,0.0734,0.0731925,0.07338,501.4469928795312,36.7961803375
1651237200000.0,2022-04-29 13:00:00,ETH/BTC,0.0734875,0.073505,0.0732675,0.07329,363.37881955246286,26.632033685
1651233600000.0,2022-04-29 12:00:00,ETH/BTC,0.073375,0.0736,0.0733325,0.0734875,631.818247763225,46.4307434825
1651230000000.0,2022-04-29 11:00:00,ETH/BTC,0.0737675,0.0737675,0.0732925,0.073375,1219.9303242589438,89.5123875425
1651226400000.0,2022-04-29 10:00:00,ETH/BTC,0.0735575,0.073815,0.0735375,0.0737675,435.97916352052056,32.161092945
1651222800000.0,2022-04-29 09:00:00,ETH/BTC,0.0737575,0.0738175,0.07354,0.0735575,584.2453368113381,42.9756263625
1651219200000.0,2022-04-29 08:00:00,ETH/BTC,0.0738825,0.073895,0.07375,0.0737575,443.1403384401586,32.6849235125
1651215600000.0,2022-04-29 07:00:00,ETH/BTC,0.0740175,0.0740175,0.0738825,0.0738825,257.6075411633337,19.03268916
1651212000000.0,2022-04-29 06:00:00,ETH/BTC,0.0739775,0.0740175,0.0738625,0.0740175,344.19620434356744,25.476542555
1651208400000.0,2022-04-29 05:00:00,ETH/BTC,0.0738575,0.0741125,0.073845,0.0739775,733.0305186712176,54.227765195
1651204800000.0,2022-04-29 04:00:00,ETH/BTC,0.0740175,0.074035,0.073845,0.0738575,412.48108969975965,30.4648220825
1651201200000.0,2022-04-29 03:00:00,ETH/BTC,0.0736575,0.0740825,0.073655,0.0740175,360.35908538521295,26.6728786025
1651197600000.0,2022-04-29 02:00:00,ETH/BTC,0.0736325,0.073725,0.0735175,0.0736575,388.5168053830228,28.6171765925
1651194000000.0,2022-04-29 01:00:00,ETH/BTC,0.0738725,0.07389,0.0736075,0.0736325,250.6725454792381,18.457646205
1651190400000.0,2022-04-29 00:00:00,ETH/BTC,0.0739025,0.0740275,0.0737425,0.0738725,467.37184402179435,34.5259265475
1651186800000.0,2022-04-28 23:00:00,ETH/BTC,0.073605,0.073915,0.07358,0.0739025,339.9979839653598,25.12670101
1651183200000.0,2022-04-28 22:00:00,ETH/BTC,0.0736775,0.073685,0.0735225,0.073605,124.91767519190272,9.1945654825
1651179600000.0,2022-04-28 21:00:00,ETH/BTC,0.0739225,0.073975,0.073395,0.0736775,381.7784994740592,28.128485395
1651176000000.0,2022-04-28 20:00:00,ETH/BTC,0.073735,0.0740125,0.07368,0.0739225,391.3224154689032,28.9275312575
1651172400000.0,2022-04-28 19:00:00,ETH/BTC,0.073945,0.0741125,0.07373,0.073735,497.7023848240321,36.698085345
1651168800000.0,2022-04-28 18:00:00,ETH/BTC,0.073755,0.073955,0.0736275,0.073945,517.7665902697952,38.2862505175
1651165200000.0,2022-04-28 17:00:00,ETH/BTC,0.073555,0.07377,0.0734,0.073755,569.8713562470341,42.03086188
1651161600000.0,2022-04-28 16:00:00,ETH/BTC,0.0732575,0.0735575,0.0730675,0.073555,531.004696281694,39.058050435
1651158000000.0,2022-04-28 15:00:00,ETH/BTC,0.0733025,0.07344,0.07305,0.0732575,884.5584207419034,64.8005385075
1651154400000.0,2022-04-28 14:00:00,ETH/BTC,0.0734075,0.0734575,0.0732775,0.0733025,376.76738726510007,27.617991405
1651150800000.0,2022-04-28 13:00:00,ETH/BTC,0.0736775,0.07382,0.07338,0.0734075,350.0445934339134,25.6958984925
1651147200000.0,2022-04-28 12:00:00,ETH/BTC,0.0738025,0.0738575,0.0736025,0.0736775,321.3088554511214,23.6732331975
1651143600000.0,2022-04-28 11:00:00,ETH/BTC,0.0738,0.0739,0.0737525,0.0738025,278.4371488093222,20.549357675
1651140000000.0,2022-04-28 10:00:00,ETH/BTC,0.073915,0.07396,0.0738,0.0738,329.31478689024385,24.3034312725
1651136400000.0,2022-04-28 09:00:00,ETH/BTC,0.0739625,0.0741275,0.073725,0.073915,778.484761888656,57.541701175
1651132800000.0,2022-04-28 08:00:00,ETH/BTC,0.0736675,0.074215,0.0736675,0.0739625,749.2922172046644,55.419525615
1651129200000.0,2022-04-28 07:00:00,ETH/BTC,0.073215,0.074,0.0731375,0.07367,1132.0523202117552,83.39829443
1651125600000.0,2022-04-28 06:00:00,ETH/BTC,0.0733025,0.0733325,0.073215,0.073215,241.14636184525028,17.6555308825
1651122000000.0,2022-04-28 05:00:00,ETH/BTC,0.073425,0.0734375,0.0732375,0.0733025,442.46612990689266,32.4338734875
1651118400000.0,2022-04-28 04:00:00,ETH/BTC,0.0732925,0.0734375,0.0732725,0.073425,242.83441137214845,17.830116655
1651114800000.0,2022-04-28 03:00:00,ETH/BTC,0.07347,0.0734725,0.07327,0.0732925,518.3805116485315,37.99340365
1651111200000.0,2022-04-28 02:00:00,ETH/BTC,0.0733325,0.07347,0.0733,0.07347,361.3788259833946,26.550502345
1651107600000.0,2022-04-28 01:00:00,ETH/BTC,0.0735125,0.0735475,0.0732525,0.0733325,572.1665909726247,41.9584065325
1651104000000.0,2022-04-28 00:00:00,ETH/BTC,0.07365,0.0737,0.0735075,0.0735125,452.67898857337195,33.2775641475
1651100400000.0,2022-04-27 23:00:00,ETH/BTC,0.0735975,0.0737225,0.07355,0.07365,319.8913675831636,23.5599992225
1651096800000.0,2022-04-27 22:00:00,ETH/BTC,0.0736275,0.0737325,0.0735425,0.0735975,345.7499069941235,25.44632878
1651093200000.0,2022-04-27 21:00:00,ETH/BTC,0.07328,0.0738,0.073265,0.0736275,472.68244905096606,34.8024270175
1651089600000.0,2022-04-27 20:00:00,ETH/BTC,0.07342,0.0735475,0.07327,0.07328,519.0421839860808,38.0354112425
1651086000000.0,2022-04-27 19:00:00,ETH/BTC,0.073445,0.073585,0.0733825,0.07342,122.79464573685644,9.01558289
1651082400000.0,2022-04-27 18:00:00,ETH/BTC,0.0734775,0.0734875,0.0733525,0.073445,117.5244983661243,8.6315867825
1651078800000.0,2022-04-27 17:00:00,ETH/BTC,0.0735275,0.0735675,0.0733625,0.0734775,231.69880395359127,17.0246488675
1651075200000.0,2022-04-27 16:00:00,ETH/BTC,0.0734675,0.07371,0.0733825,0.0735275,421.80016765835916,31.0139118275
1651071600000.0,2022-04-27 15:00:00,ETH/BTC,0.07351,0.073585,0.0733425,0.0734675,448.41819318065814,32.9441636075
1651068000000.0,2022-04-27 14:00:00,ETH/BTC,0.0738375,0.07388,0.07334,0.07351,621.3273578084614,45.6737740725
1651064400000.0,2022-04-27 13:00:00,ETH/BTC,0.0736975,0.074,0.0736,0.0738375,374.948825698324,27.6852839175
1651060800000.0,2022-04-27 12:00:00,ETH/BTC,0.0739375,0.07413,0.073695,0.0736975,793.9737991790767,58.513884065
1651057200000.0,2022-04-27 11:00:00,ETH/BTC,0.0741125,0.0741175,0.073915,0.0739375,408.8417087404903,30.22873384
1651053600000.0,2022-04-27 10:00:00,ETH/BTC,0.07427,0.0743,0.0741125,0.0741125,475.4000773486254,35.2330882325
1651050000000.0,2022-04-27 09:00:00,ETH/BTC,0.0740225,0.07447,0.0740175,0.07427,645.4209000269287,47.935410245
1651046400000.0,2022-04-27 08:00:00,ETH/BTC,0.0739425,0.07432,0.073915,0.0740225,731.5622722483029,54.1520682975
1651042800000.0,2022-04-27 07:00:00,ETH/BTC,0.0742575,0.07435,0.0739425,0.0739425,847.4582048889341,62.663178315
1651039200000.0,2022-04-27 06:00:00,ETH/BTC,0.074075,0.07432,0.0740475,0.0742575,338.1317987408679,25.108822045
1651035600000.0,2022-04-27 05:00:00,ETH/BTC,0.0740275,0.0741575,0.0740275,0.074075,181.44704377320284,13.4406897675
1651032000000.0,2022-04-27 04:00:00,ETH/BTC,0.0739575,0.07408,0.0739325,0.074025,209.2609509287403,15.4905418925
1651028400000.0,2022-04-27 03:00:00,ETH/BTC,0.073885,0.0739925,0.0738025,0.0739575,251.11817777101714,18.5720726325
1651024800000.0,2022-04-27 02:00:00,ETH/BTC,0.07405,0.07405,0.073885,0.073885,258.59985409758406,19.10665022
1651021200000.0,2022-04-27 01:00:00,ETH/BTC,0.0737675,0.07408,0.07372,0.07405,235.2232440243079,17.41828122
1651017600000.0,2022-04-27 00:00:00,ETH/BTC,0.0737325,0.073905,0.073695,0.0737675,359.6796172772562,26.5326661675
1651014000000.0,2022-04-26 23:00:00,ETH/BTC,0.0738125,0.07391,0.073275,0.0737325,1239.4371963516767,91.38680308
1651010400000.0,2022-04-26 22:00:00,ETH/BTC,0.0741,0.07412,0.0738,0.0738125,487.7992132430144,36.0056794275
1651006800000.0,2022-04-26 21:00:00,ETH/BTC,0.074215,0.0743125,0.07394,0.0741,588.0331805668017,43.57325868
1651003200000.0,2022-04-26 20:00:00,ETH/BTC,0.07416,0.074265,0.0739125,0.074215,657.0842175436231,48.765505205
1650999600000.0,2022-04-26 19:00:00,ETH/BTC,0.07438,0.0744225,0.07402,0.07416,426.4518711569579,31.625670765
1650996000000.0,2022-04-26 18:00:00,ETH/BTC,0.0745025,0.074555,0.07437,0.07438,638.0926361925249,47.46133028
1650992400000.0,2022-04-26 17:00:00,ETH/BTC,0.074515,0.0749,0.074425,0.0745025,863.6831586523942,64.3465545275
1650988800000.0,2022-04-26 16:00:00,ETH/BTC,0.0741475,0.074515,0.0739,0.074515,819.6914163591224,61.07930589
1650985200000.0,2022-04-26 15:00:00,ETH/BTC,0.073765,0.0742425,0.073665,0.07415,714.7457430546191,52.9983968475
1650981600000.0,2022-04-26 14:00:00,ETH/BTC,0.0739125,0.07402,0.0737125,0.073765,183.583964786823,13.5420711625
1650978000000.0,2022-04-26 13:00:00,ETH/BTC,0.073935,0.074095,0.0737625,0.0739125,404.03168909183154,29.86299222
1650974400000.0,2022-04-26 12:00:00,ETH/BTC,0.0741975,0.07422,0.0739125,0.073935,116.39161148305945,8.605413795
1650970800000.0,2022-04-26 11:00:00,ETH/BTC,0.0741775,0.0742925,0.0741175,0.0741975,168.8933590417467,12.5314650075
1650967200000.0,2022-04-26 10:00:00,ETH/BTC,0.0741475,0.07425,0.0741475,0.0741775,131.06561298911396,9.7221195075
1650963600000.0,2022-04-26 09:00:00,ETH/BTC,0.0740425,0.0741525,0.07403,0.0741475,140.28248548501296,10.4015955925
1650960000000.0,2022-04-26 08:00:00,ETH/BTC,0.0740125,0.074075,0.074005,0.0740425,52.164005334773954,3.862353365
1650956400000.0,2022-04-26 07:00:00,ETH/BTC,0.073925,0.074035,0.07382,0.0740125,236.02408941057254,17.4687329175
1650952800000.0,2022-04-26 06:00:00,ETH/BTC,0.0740425,0.0740425,0.0739075,0.073925,109.41392086574228,8.0884241
1650949200000.0,2022-04-26 05:00:00,ETH/BTC,0.074135,0.0741625,0.07404,0.0740425,148.12996407468685,10.967912865
1650945600000.0,2022-04-26 04:00:00,ETH/BTC,0.074025,0.0741525,0.073925,0.074135,227.45688409658052,16.8625161025
1650942000000.0,2022-04-26 03:00:00,ETH/BTC,0.0739825,0.074025,0.073925,0.074025,163.5796675785208,12.1089848925
1650938400000.0,2022-04-26 02:00:00,ETH/BTC,0.07421,0.07421,0.0739175,0.0739825,209.5696716791133,15.504488235
1650934800000.0,2022-04-26 01:00:00,ETH/BTC,0.074275,0.0743325,0.07421,0.07421,369.44039058078425,27.416171385
1650931200000.0,2022-04-26 00:00:00,ETH/BTC,0.0743625,0.07453,0.07427,0.074275,587.0728044766073,43.6048325525
1650927600000.0,2022-04-25 23:00:00,ETH/BTC,0.074585,0.074655,0.0743525,0.0743625,194.1377938140864,14.4365716925
1650924000000.0,2022-04-25 22:00:00,ETH/BTC,0.07477,0.0749325,0.0744675,0.074585,405.7856051484883,30.26551936
1650920400000.0,2022-04-25 21:00:00,ETH/BTC,0.0746525,0.0749125,0.0746475,0.07477,76.55112401364183,5.7237275425
1650916800000.0,2022-04-25 20:00:00,ETH/BTC,0.0749025,0.075025,0.07458,0.0746525,284.94771333846825,21.27205917
1650913200000.0,2022-04-25 19:00:00,ETH/BTC,0.0742075,0.0749125,0.07406,0.0749025,460.65654253863363,34.5043266775
1650909600000.0,2022-04-25 18:00:00,ETH/BTC,0.0743175,0.0745,0.0739275,0.0742075,709.4622047636695,52.64741656
1650906000000.0,2022-04-25 17:00:00,ETH/BTC,0.0740825,0.07434,0.07408,0.0743175,239.86125276684498,17.8258886525
1650902400000.0,2022-04-25 16:00:00,ETH/BTC,0.07362,0.074085,0.07349,0.0740825,691.9071803732326,51.25821369
1650898800000.0,2022-04-25 15:00:00,ETH/BTC,0.07351,0.073655,0.073435,0.07362,1300.073452085031,95.7114075425
1650895200000.0,2022-04-25 14:00:00,ETH/BTC,0.07377,0.073815,0.073355,0.07351,377.82783889946944,27.7741244375
1650891600000.0,2022-04-25 13:00:00,ETH/BTC,0.073695,0.073895,0.07356,0.07377,299.33448820658805,22.081905195
1650888000000.0,2022-04-25 12:00:00,ETH/BTC,0.0737025,0.073775,0.073575,0.073695,260.3196197163987,19.184254375
1650884400000.0,2022-04-25 11:00:00,ETH/BTC,0.073515,0.07372,0.0732275,0.0737025,470.05404440147885,34.6441582075
1650880800000.0,2022-04-25 10:00:00,ETH/BTC,0.07328,0.0735175,0.0732625,0.073515,679.023842821193,49.918437805
1650877200000.0,2022-04-25 09:00:00,ETH/BTC,0.0731075,0.073415,0.0730525,0.07328,574.3785889396834,42.0904629975
1650873600000.0,2022-04-25 08:00:00,ETH/BTC,0.0731275,0.0731275,0.07295,0.0731075,209.28470488663953,15.3002815625
1650870000000.0,2022-04-25 07:00:00,ETH/BTC,0.07303,0.0732675,0.072945,0.0731275,374.20786923523985,27.3648859575
1650866400000.0,2022-04-25 06:00:00,ETH/BTC,0.0731375,0.0731875,0.0728875,0.07303,289.42667845406,21.1368303275
1650862800000.0,2022-04-25 05:00:00,ETH/BTC,0.0732,0.0732225,0.0729475,0.0731375,334.96777234660743,24.49870545
1650859200000.0,2022-04-25 04:00:00,ETH/BTC,0.0732775,0.0733425,0.073135,0.0732,183.57381926229507,13.43760357
1650855600000.0,2022-04-25 03:00:00,ETH/BTC,0.0732,0.0733475,0.07319,0.0732775,209.24522817372318,15.3329672075
1650852000000.0,2022-04-25 02:00:00,ETH/BTC,0.0732925,0.0733,0.0732,0.0732,293.45539422814204,21.4809348575
1650848400000.0,2022-04-25 01:00:00,ETH/BTC,0.073515,0.073515,0.073285,0.0732925,431.1491436709077,31.5999986125
1650844800000.0,2022-04-25 00:00:00,ETH/BTC,0.07405,0.07407,0.073495,0.073515,524.3942504250833,38.55084332
1650841200000.0,2022-04-24 23:00:00,ETH/BTC,0.07406,0.07407,0.07397,0.07405,698.5179094868332,51.7252511975
1650837600000.0,2022-04-24 22:00:00,ETH/BTC,0.0743125,0.0743425,0.074005,0.07406,291.6688055293005,21.6009917375
1650834000000.0,2022-04-24 21:00:00,ETH/BTC,0.0744475,0.07448,0.07427,0.0743125,313.9904148359966,23.3334127025
1650830400000.0,2022-04-24 20:00:00,ETH/BTC,0.07456,0.0746,0.0744425,0.0744475,329.62789056046205,24.5399723825
1650826800000.0,2022-04-24 19:00:00,ETH/BTC,0.0744025,0.07464,0.0744025,0.07456,334.5282176099785,24.942423905
1650823200000.0,2022-04-24 18:00:00,ETH/BTC,0.0741475,0.0744025,0.0741475,0.0744025,302.7226348576997,22.52332084
1650819600000.0,2022-04-24 17:00:00,ETH/BTC,0.0744625,0.074555,0.07412,0.0741475,568.1700188812839,42.128386475
1650816000000.0,2022-04-24 16:00:00,ETH/BTC,0.07424,0.0748275,0.0741575,0.0744625,527.3454448547926,39.2674601875
1650812400000.0,2022-04-24 15:00:00,ETH/BTC,0.07416,0.07424,0.074035,0.07424,212.69391530845905,15.7903962725
1650808800000.0,2022-04-24 14:00:00,ETH/BTC,0.0742375,0.074255,0.074,0.07416,319.4253017799353,23.68858038
1650805200000.0,2022-04-24 13:00:00,ETH/BTC,0.07416,0.07433,0.074135,0.0742375,157.88422475164168,11.720930135
1650801600000.0,2022-04-24 12:00:00,ETH/BTC,0.074195,0.0742425,0.0741475,0.07416,110.11724143743258,8.166294625
1650798000000.0,2022-04-24 11:00:00,ETH/BTC,0.0742375,0.074265,0.07419,0.074195,66.08319782330346,4.9030428625
1650794400000.0,2022-04-24 10:00:00,ETH/BTC,0.0742125,0.0743,0.074205,0.0742375,57.8335310321603,4.29341676
1650790800000.0,2022-04-24 09:00:00,ETH/BTC,0.07416,0.07428,0.07415,0.0742125,115.96902708438604,8.6063514225
1650787200000.0,2022-04-24 08:00:00,ETH/BTC,0.07419,0.07421,0.074155,0.07416,49.78446831175836,3.69201617
1650783600000.0,2022-04-24 07:00:00,ETH/BTC,0.074295,0.0743175,0.07415,0.07419,69.6778624814665,5.1694006175
1650780000000.0,2022-04-24 06:00:00,ETH/BTC,0.0742525,0.0743725,0.0742475,0.074295,44.1501481593647,3.2801352575
1650776400000.0,2022-04-24 05:00:00,ETH/BTC,0.074355,0.074385,0.0742525,0.0742525,42.44166381603313,3.1513996425
1650772800000.0,2022-04-24 04:00:00,ETH/BTC,0.0743475,0.0744,0.0743025,0.074355,39.5430268307444,2.94022176
1650769200000.0,2022-04-24 03:00:00,ETH/BTC,0.0741775,0.0743775,0.07408,0.0743475,317.4605683782239,23.6023996075
1650765600000.0,2022-04-24 02:00:00,ETH/BTC,0.0741775,0.0742275,0.0741275,0.0741775,67.3266075966432,4.994119435
1650762000000.0,2022-04-24 01:00:00,ETH/BTC,0.0742225,0.0742625,0.07417,0.0741775,110.42046267399145,8.19071387
1650758400000.0,2022-04-24 00:00:00,ETH/BTC,0.074365,0.0744125,0.0742,0.0742225,213.903085486207,15.8764217625
1650754800000.0,2022-04-23 23:00:00,ETH/BTC,0.0742475,0.0744225,0.07411,0.074365,178.8579196530626,13.300769195
1650751200000.0,2022-04-23 22:00:00,ETH/BTC,0.074385,0.074395,0.0742475,0.0742475,102.87103774537864,7.637917375
1650747600000.0,2022-04-23 21:00:00,ETH/BTC,0.074455,0.074465,0.0743575,0.074385,41.950864824897494,3.12051508
1650744000000.0,2022-04-23 20:00:00,ETH/BTC,0.0742975,0.0744875,0.0742675,0.074455,270.1555197098919,20.11442922
1650740400000.0,2022-04-23 19:00:00,ETH/BTC,0.0743225,0.0743225,0.0742575,0.0742975,172.0107448770147,12.7799683175
1650736800000.0,2022-04-23 18:00:00,ETH/BTC,0.07436,0.07436,0.07425,0.0743225,161.16176928251875,11.9779455975
1650733200000.0,2022-04-23 17:00:00,ETH/BTC,0.07441,0.074445,0.0743475,0.07436,259.8380247781065,19.3215555225
1650729600000.0,2022-04-23 16:00:00,ETH/BTC,0.074565,0.07458,0.074365,0.07441,250.97234954979166,18.67485253
1650726000000.0,2022-04-23 15:00:00,ETH/BTC,0.074615,0.0746375,0.0745275,0.074565,74.26859320726882,5.5378376525
1650722400000.0,2022-04-23 14:00:00,ETH/BTC,0.07463,0.0746425,0.07453,0.074615,195.66519057830195,14.599558195
1650718800000.0,2022-04-23 13:00:00,ETH/BTC,0.0746325,0.0746775,0.074545,0.07463,547.0311603912636,40.8249355
1650715200000.0,2022-04-23 12:00:00,ETH/BTC,0.0746975,0.07472,0.07453,0.0746325,159.5852096941681,11.9102431625
1650711600000.0,2022-04-23 11:00:00,ETH/BTC,0.0746925,0.07471,0.074655,0.0746975,52.80695990494997,3.9445478875
1650708000000.0,2022-04-23 10:00:00,ETH/BTC,0.074765,0.0747975,0.074615,0.0746925,148.50353706864811,11.0921004425
1650704400000.0,2022-04-23 09:00:00,ETH/BTC,0.0747875,0.074835,0.0747575,0.074765,296.6387780378519,22.17819824
1650700800000.0,2022-04-23 08:00:00,ETH/BTC,0.0747225,0.074875,0.0747125,0.0747875,239.46564954036432,17.909037265
1650697200000.0,2022-04-23 07:00:00,ETH/BTC,0.074605,0.0747225,0.074605,0.0747225,123.75779868848072,9.2474921125
1650693600000.0,2022-04-23 06:00:00,ETH/BTC,0.074685,0.0747325,0.0746,0.074605,205.7019099256082,15.34639099
1650690000000.0,2022-04-23 05:00:00,ETH/BTC,0.07456,0.074715,0.07455,0.074685,302.2292654147419,22.5719926875
1650686400000.0,2022-04-23 04:00:00,ETH/BTC,0.0746975,0.0747675,0.07421,0.07456,622.97879684147,46.4492990925
1650682800000.0,2022-04-23 03:00:00,ETH/BTC,0.0749,0.0749,0.0746325,0.0746975,290.09431105458685,21.6693198
1650679200000.0,2022-04-23 02:00:00,ETH/BTC,0.0747875,0.0749,0.0747875,0.0749,84.32092503337785,6.315637285
1650675600000.0,2022-04-23 01:00:00,ETH/BTC,0.0746875,0.07481,0.0746825,0.0747875,199.00709105799763,14.8832428225
1650672000000.0,2022-04-23 00:00:00,ETH/BTC,0.074625,0.0747,0.07453,0.0746875,177.16866955648536,13.2322850075
1650668400000.0,2022-04-22 23:00:00,ETH/BTC,0.0744925,0.074635,0.0744425,0.074625,487.5112414070352,36.38052639
1650664800000.0,2022-04-22 22:00:00,ETH/BTC,0.074855,0.074855,0.074395,0.0744925,1421.2785811658891,105.8745947075
1650661200000.0,2022-04-22 21:00:00,ETH/BTC,0.075015,0.0750275,0.0748225,0.074855,27.58774734486674,2.0650808275
1650657600000.0,2022-04-22 20:00:00,ETH/BTC,0.074865,0.07512,0.074865,0.075015,71.00890391921617,5.3267329275
1650654000000.0,2022-04-22 19:00:00,ETH/BTC,0.0751425,0.0752,0.074865,0.074865,140.7949455019034,10.540613595
1650650400000.0,2022-04-22 18:00:00,ETH/BTC,0.0750025,0.075175,0.07489,0.0751425,716.0877757926606,53.8086256925
1650646800000.0,2022-04-22 17:00:00,ETH/BTC,0.07486,0.07507,0.07485,0.0750025,1142.1432509583015,85.66359918
1650643200000.0,2022-04-22 16:00:00,ETH/BTC,0.0747875,0.07508,0.0747875,0.07486,435.58702528052373,32.6080447125
1650639600000.0,2022-04-22 15:00:00,ETH/BTC,0.0745825,0.07486,0.0745825,0.0747875,468.3088367708507,35.02364713
1650636000000.0,2022-04-22 14:00:00,ETH/BTC,0.074255,0.074645,0.074055,0.0745825,512.9039276975162,38.2536571875
1650632400000.0,2022-04-22 13:00:00,ETH/BTC,0.07427,0.074365,0.0741725,0.074255,184.85003737122076,13.726039525
1650628800000.0,2022-04-22 12:00:00,ETH/BTC,0.074285,0.07437,0.07425,0.07427,170.41286135047798,12.6565632125
1650625200000.0,2022-04-22 11:00:00,ETH/BTC,0.0742725,0.0743825,0.0742,0.074285,182.6633085077741,13.5691438725
1650621600000.0,2022-04-22 10:00:00,ETH/BTC,0.07409,0.07435,0.0740325,0.0742725,287.44410178733716,21.34919205
1650618000000.0,2022-04-22 09:00:00,ETH/BTC,0.074255,0.074265,0.074075,0.07409,220.46001116884867,16.3338822275
1650614400000.0,2022-04-22 08:00:00,ETH/BTC,0.0742,0.0743375,0.0741575,0.074255,924.0574593630059,68.615886645
1650610800000.0,2022-04-22 07:00:00,ETH/BTC,0.07404,0.07433,0.07393,0.0742,312.9934589622641,23.224114655
1650607200000.0,2022-04-22 06:00:00,ETH/BTC,0.07408,0.07411,0.0740325,0.07404,86.43965231631552,6.3999918575
1650603600000.0,2022-04-22 05:00:00,ETH/BTC,0.07422,0.0742425,0.07407,0.07408,189.67608392953565,14.0512042975
1650600000000.0,2022-04-22 04:00:00,ETH/BTC,0.0739575,0.07422,0.0739425,0.07422,172.77149434114793,12.82310031
1650596400000.0,2022-04-22 03:00:00,ETH/BTC,0.0740775,0.074175,0.07394,0.0739575,286.26052695805026,21.1711129225
1650592800000.0,2022-04-22 02:00:00,ETH/BTC,0.0740125,0.07408,0.073995,0.0740775,220.67571384698456,16.3471051925
1650589200000.0,2022-04-22 01:00:00,ETH/BTC,0.0738725,0.07405,0.0738675,0.0740125,358.81604218881944,26.5568723225
1650585600000.0,2022-04-22 00:00:00,ETH/BTC,0.0737025,0.073885,0.0737025,0.0738725,192.17145764662087,14.196186005
1650582000000.0,2022-04-21 23:00:00,ETH/BTC,0.0738125,0.073865,0.0737,0.0737025,125.42050452834027,9.243804735
1650578400000.0,2022-04-21 22:00:00,ETH/BTC,0.07373,0.07404,0.0736975,0.0738125,243.19312301439456,17.9506923925
1650574800000.0,2022-04-21 21:00:00,ETH/BTC,0.0738925,0.073995,0.0737125,0.07373,208.49490509290652,15.3723293525
1650571200000.0,2022-04-21 20:00:00,ETH/BTC,0.07342,0.0739,0.07334,0.0738925,339.5260063944243,25.0884254275
1650567600000.0,2022-04-21 19:00:00,ETH/BTC,0.07378,0.07386,0.0734,0.07342,411.02388593026427,30.177373705
1650564000000.0,2022-04-21 18:00:00,ETH/BTC,0.0737825,0.07385,0.07371,0.07378,114.19942779208458,8.4256337825
1650560400000.0,2022-04-21 17:00:00,ETH/BTC,0.0736275,0.073795,0.0736125,0.0737825,180.7683831870701,13.3375432325
1650556800000.0,2022-04-21 16:00:00,ETH/BTC,0.0736725,0.073795,0.0736,0.0736275,296.473332688194,21.8285903025
1650553200000.0,2022-04-21 15:00:00,ETH/BTC,0.0740725,0.0741375,0.0736675,0.0736725,1411.0552132749667,103.9559652
1650549600000.0,2022-04-21 14:00:00,ETH/BTC,0.0739375,0.0740825,0.0739025,0.0740725,403.23069836984035,29.868305905
1650546000000.0,2022-04-21 13:00:00,ETH/BTC,0.074115,0.074115,0.07385,0.0739375,536.8520347252746,39.6934973175
1650542400000.0,2022-04-21 12:00:00,ETH/BTC,0.074245,0.0743975,0.0739725,0.074115,330.2622829724077,24.4773891025
1650538800000.0,2022-04-21 11:00:00,ETH/BTC,0.0740425,0.0743225,0.0739825,0.074245,372.8695942487709,27.683703025
1650535200000.0,2022-04-21 10:00:00,ETH/BTC,0.07389,0.07407,0.0737325,0.074045,527.3793638328044,39.049804995
1650531600000.0,2022-04-21 09:00:00,ETH/BTC,0.0739825,0.0740275,0.0738825,0.07389,119.71377239815943,8.8456506425
1650528000000.0,2022-04-21 08:00:00,ETH/BTC,0.07409,0.074195,0.0739125,0.0739825,206.0609088635826,15.24490119
1650524400000.0,2022-04-21 07:00:00,ETH/BTC,0.074095,0.0742375,0.0740625,0.074085,131.6215204494837,9.7511803425
1650520800000.0,2022-04-21 06:00:00,ETH/BTC,0.074105,0.0741475,0.07403,0.074095,156.55716195424796,11.600102915
1650517200000.0,2022-04-21 05:00:00,ETH/BTC,0.0741325,0.07425,0.0741,0.074105,169.93637699885298,12.5931352175
1650513600000.0,2022-04-21 04:00:00,ETH/BTC,0.074265,0.074385,0.07411,0.0741325,138.32975580885577,10.2547306225
1650510000000.0,2022-04-21 03:00:00,ETH/BTC,0.0742625,0.0742725,0.07421,0.074265,51.989201306133445,3.860978035
1650506400000.0,2022-04-21 02:00:00,ETH/BTC,0.074395,0.0744525,0.0742525,0.0742625,125.75030816360882,9.33853226
1650502800000.0,2022-04-21 01:00:00,ETH/BTC,0.07431,0.074395,0.074195,0.074395,219.40096767255866,16.32233499
1650499200000.0,2022-04-21 00:00:00,ETH/BTC,0.0743925,0.074405,0.07418,0.07431,333.98610903646886,24.8185077625
1650495600000.0,2022-04-20 23:00:00,ETH/BTC,0.07441,0.0744175,0.0742975,0.0743925,51.532270457371375,3.83361443
1650492000000.0,2022-04-20 22:00:00,ETH/BTC,0.0743175,0.0744525,0.0742725,0.07441,174.58341667786587,12.990752035
1650488400000.0,2022-04-20 21:00:00,ETH/BTC,0.074485,0.074495,0.0741425,0.0743175,413.78233814377506,30.751268915
1650484800000.0,2022-04-20 20:00:00,ETH/BTC,0.074535,0.0746175,0.0743475,0.074485,233.14186953749078,17.3655721525
1650481200000.0,2022-04-20 19:00:00,ETH/BTC,0.0744175,0.07462,0.07439,0.074535,237.90974183269603,17.7326026075
1650477600000.0,2022-04-20 18:00:00,ETH/BTC,0.0745,0.0745025,0.0741425,0.0744175,238.84564322907917,17.774295655
1650474000000.0,2022-04-20 17:00:00,ETH/BTC,0.074495,0.07452,0.0744,0.0745,96.75180580536913,7.2080095325
1650470400000.0,2022-04-20 16:00:00,ETH/BTC,0.0743575,0.07457,0.0743275,0.074495,460.66090885294307,34.316934405
1650466800000.0,2022-04-20 15:00:00,ETH/BTC,0.0746025,0.0746225,0.0742625,0.0743575,371.65508227145875,27.63534278
1650463200000.0,2022-04-20 14:00:00,ETH/BTC,0.0745875,0.074645,0.0744575,0.0746025,378.2694130223518,28.219843885
1650459600000.0,2022-04-20 13:00:00,ETH/BTC,0.07498,0.07501,0.0744475,0.0745875,481.6494653259594,35.925029495
1650456000000.0,2022-04-20 12:00:00,ETH/BTC,0.0749175,0.0750775,0.0747775,0.07498,435.9434604227794,32.6870406625
1650452400000.0,2022-04-20 11:00:00,ETH/BTC,0.07477,0.075,0.0743975,0.0749175,720.5411828010812,53.9811440625
1650448800000.0,2022-04-20 10:00:00,ETH/BTC,0.0747775,0.0749,0.074545,0.07477,444.751261568811,33.2540518275
1650445200000.0,2022-04-20 09:00:00,ETH/BTC,0.07477,0.0748825,0.074685,0.0747775,213.87770482431213,15.9932400725
1650441600000.0,2022-04-20 08:00:00,ETH/BTC,0.07474,0.07486,0.07474,0.07477,188.83795359101242,14.11941379
1650438000000.0,2022-04-20 07:00:00,ETH/BTC,0.074785,0.0749,0.0747275,0.07474,188.64810352555526,14.0995592575
1650434400000.0,2022-04-20 06:00:00,ETH/BTC,0.07478,0.07493,0.07476,0.074785,373.49143645116,27.931557075
1650430800000.0,2022-04-20 05:00:00,ETH/BTC,0.0746575,0.07478,0.074575,0.07478,134.1633076691629,10.0327321475
1650427200000.0,2022-04-20 04:00:00,ETH/BTC,0.07468,0.0747,0.07461,0.0746575,105.82028084921139,7.9002776175
1650423600000.0,2022-04-20 03:00:00,ETH/BTC,0.074625,0.07468,0.0744825,0.07468,128.15655510176754,9.570731535
1650420000000.0,2022-04-20 02:00:00,ETH/BTC,0.0746725,0.0747025,0.0746,0.074625,170.61203574539363,12.7319231675
1650416400000.0,2022-04-20 01:00:00,ETH/BTC,0.074515,0.07476,0.0744325,0.0746725,206.85858853660986,15.4466479525
1650412800000.0,2022-04-20 00:00:00,ETH/BTC,0.074775,0.074835,0.0743325,0.074515,387.9280368717708,28.9064576675
1650409200000.0,2022-04-19 23:00:00,ETH/BTC,0.0748575,0.0748875,0.07476,0.074775,281.51666115011705,21.0504083375
1650405600000.0,2022-04-19 22:00:00,ETH/BTC,0.0750075,0.0750575,0.0748525,0.0748575,186.77585038239323,13.98157322
1650402000000.0,2022-04-19 21:00:00,ETH/BTC,0.0749525,0.0750075,0.07482,0.0750075,480.72324374229237,36.057848705
1650398400000.0,2022-04-19 20:00:00,ETH/BTC,0.0751075,0.0751125,0.0748275,0.0749525,518.8452796437743,38.8887508225
1650394800000.0,2022-04-19 19:00:00,ETH/BTC,0.074895,0.0751125,0.0748875,0.0751075,153.87480497952936,11.557151915
1650391200000.0,2022-04-19 18:00:00,ETH/BTC,0.0747925,0.0749,0.074725,0.074895,400.87461686360905,30.02350443
1650387600000.0,2022-04-19 17:00:00,ETH/BTC,0.0750425,0.07506,0.07476,0.0747925,273.74356345890294,20.47396547
1650384000000.0,2022-04-19 16:00:00,ETH/BTC,0.0750375,0.0752425,0.075015,0.0750425,1577.0626756837794,118.34672584
1650380400000.0,2022-04-19 15:00:00,ETH/BTC,0.0749,0.0751675,0.0748925,0.0750375,1003.9578996834917,75.3344908975
1650376800000.0,2022-04-19 14:00:00,ETH/BTC,0.0746325,0.075095,0.074625,0.0749,399.3917007676903,29.9144383875
1650373200000.0,2022-04-19 13:00:00,ETH/BTC,0.0747375,0.0748,0.0745025,0.0746325,405.80091330854515,30.2859366625
1650369600000.0,2022-04-19 12:00:00,ETH/BTC,0.074765,0.0748,0.0747075,0.0747375,38.65315638066566,2.888840275
1650366000000.0,2022-04-19 11:00:00,ETH/BTC,0.0748575,0.0749,0.074695,0.074765,212.92218755433694,15.9191273525
1650362400000.0,2022-04-19 10:00:00,ETH/BTC,0.0747425,0.0748975,0.0747425,0.0748575,95.65081838827106,7.1601811375
1650358800000.0,2022-04-19 09:00:00,ETH/BTC,0.0746775,0.0747825,0.0746775,0.0747425,110.72964274007425,8.2762103225
1650355200000.0,2022-04-19 08:00:00,ETH/BTC,0.07469,0.0747275,0.074625,0.0746775,118.3433210471695,8.8375833575
1650351600000.0,2022-04-19 07:00:00,ETH/BTC,0.0748,0.074885,0.0746475,0.07469,325.71036695006023,24.3273073075
1650348000000.0,2022-04-19 06:00:00,ETH/BTC,0.074705,0.0748,0.074695,0.0748,63.64195444518717,4.7604181925
1650344400000.0,2022-04-19 05:00:00,ETH/BTC,0.0745625,0.07476,0.07451,0.074705,141.78867820092364,10.592323205
1650340800000.0,2022-04-19 04:00:00,ETH/BTC,0.0746575,0.0747675,0.07455,0.0745625,191.8249413914501,14.3029471925
1650337200000.0,2022-04-19 03:00:00,ETH/BTC,0.07486,0.074865,0.0746575,0.0746575,222.06328510196565,16.5786897075
1650333600000.0,2022-04-19 02:00:00,ETH/BTC,0.07493,0.0749925,0.0747525,0.07486,337.3278085092172,25.252359745
1650330000000.0,2022-04-19 01:00:00,ETH/BTC,0.074845,0.075,0.0748425,0.07493,211.28598582009877,15.8316589175
1650326400000.0,2022-04-19 00:00:00,ETH/BTC,0.074915,0.0753475,0.07477,0.074845,649.7586628031265,48.6311871175
1650322800000.0,2022-04-18 23:00:00,ETH/BTC,0.0748975,0.07505,0.07481,0.074915,413.2779161382901,30.9607150875
1650319200000.0,2022-04-18 22:00:00,ETH/BTC,0.074575,0.0749625,0.074425,0.0748975,489.6034569244634,36.670074915
1650315600000.0,2022-04-18 21:00:00,ETH/BTC,0.073925,0.0745925,0.073815,0.074575,666.0069296345961,49.6674667775
1650312000000.0,2022-04-18 20:00:00,ETH/BTC,0.0738925,0.07408,0.0738275,0.073925,398.4055571525194,29.4521308125
1650308400000.0,2022-04-18 19:00:00,ETH/BTC,0.07418,0.074185,0.07387,0.0738925,309.51379466792974,22.8707480725
1650304800000.0,2022-04-18 18:00:00,ETH/BTC,0.07424,0.0742625,0.073615,0.07418,583.809474588838,43.306986825
1650301200000.0,2022-04-18 17:00:00,ETH/BTC,0.0741625,0.07425,0.07361,0.0742425,661.6084601138161,49.1194661
1650297600000.0,2022-04-18 16:00:00,ETH/BTC,0.074255,0.0744525,0.07411,0.0741625,372.9295436035732,27.6573872775
1650294000000.0,2022-04-18 15:00:00,ETH/BTC,0.0744175,0.0744475,0.0741925,0.074255,229.3501907278971,17.0303984125
1650290400000.0,2022-04-18 14:00:00,ETH/BTC,0.0743325,0.0745,0.0743,0.0744175,167.5180361810058,12.4662734575
1650286800000.0,2022-04-18 13:00:00,ETH/BTC,0.07467,0.07473,0.0743,0.0743325,296.453794369892,22.03615167
1650283200000.0,2022-04-18 12:00:00,ETH/BTC,0.07467,0.0749,0.0746475,0.07467,332.3244959823222,24.814670115
1650279600000.0,2022-04-18 11:00:00,ETH/BTC,0.074725,0.0747925,0.07461,0.07467,197.55970624079282,14.751783265
1650276000000.0,2022-04-18 10:00:00,ETH/BTC,0.07461,0.0747775,0.07461,0.074725,176.10304951488794,13.159300375
1650272400000.0,2022-04-18 09:00:00,ETH/BTC,0.07444,0.07461,0.07444,0.07461,158.27968620158157,11.8092473875
1650268800000.0,2022-04-18 08:00:00,ETH/BTC,0.0743275,0.0744775,0.07425,0.07444,399.71176494492204,29.7545437825
1650265200000.0,2022-04-18 07:00:00,ETH/BTC,0.07481,0.07481,0.0743,0.0743275,700.6537800612155,52.0778438375
1650261600000.0,2022-04-18 06:00:00,ETH/BTC,0.0749,0.074925,0.07481,0.07481,105.4164177249031,7.88620221
1650258000000.0,2022-04-18 05:00:00,ETH/BTC,0.0750125,0.07527,0.0748875,0.0749,422.8149442256342,31.6688393225
1650254400000.0,2022-04-18 04:00:00,ETH/BTC,0.07523,0.07523,0.074525,0.0750125,973.3183339110149,73.0110415225
1650250800000.0,2022-04-18 03:00:00,ETH/BTC,0.0752675,0.07529,0.07516,0.07523,135.25366167087597,10.1751329675
1650247200000.0,2022-04-18 02:00:00,ETH/BTC,0.075215,0.07529,0.0751575,0.0752675,110.27468442554888,8.30009981
1650243600000.0,2022-04-18 01:00:00,ETH/BTC,0.075285,0.0753,0.0751875,0.075215,185.63943345742203,13.9628699875
1650240000000.0,2022-04-18 00:00:00,ETH/BTC,0.0753075,0.075355,0.0751925,0.075285,929.2210814571296,69.9564091175
1650236400000.0,2022-04-17 23:00:00,ETH/BTC,0.0761475,0.0761475,0.0753075,0.0753075,849.7793916940544,63.99476154
1650232800000.0,2022-04-17 22:00:00,ETH/BTC,0.075995,0.07632,0.0759575,0.0761475,686.6567957254013,52.2871983525
1650229200000.0,2022-04-17 21:00:00,ETH/BTC,0.075635,0.076,0.07562,0.075995,260.23775044410814,19.776767845
1650225600000.0,2022-04-17 20:00:00,ETH/BTC,0.07561,0.075635,0.0755575,0.075635,52.94270493157931,4.0043214875
1650222000000.0,2022-04-17 19:00:00,ETH/BTC,0.0755825,0.0756725,0.0755125,0.0756125,160.50133539428006,12.1359072225
1650218400000.0,2022-04-17 18:00:00,ETH/BTC,0.0760775,0.0760775,0.0755825,0.0755825,361.45103575563127,27.31937291
1650214800000.0,2022-04-17 17:00:00,ETH/BTC,0.0760825,0.076125,0.075995,0.0760775,187.9250533666327,14.2968682475
1650211200000.0,2022-04-17 16:00:00,ETH/BTC,0.07599,0.0760975,0.0759175,0.0760825,178.39807340715672,13.57297142
1650207600000.0,2022-04-17 15:00:00,ETH/BTC,0.075915,0.0761175,0.0758575,0.07599,632.4477575667851,48.0597050975
1650204000000.0,2022-04-17 14:00:00,ETH/BTC,0.0759475,0.076045,0.07587,0.075915,650.6556012645722,49.39451997
1650200400000.0,2022-04-17 13:00:00,ETH/BTC,0.0754175,0.0759525,0.075415,0.0759475,755.5785244741434,57.3842999875
1650196800000.0,2022-04-17 12:00:00,ETH/BTC,0.07533,0.0755,0.07533,0.0754175,247.3798947193954,18.65677321
1650193200000.0,2022-04-17 11:00:00,ETH/BTC,0.075265,0.0753325,0.0752625,0.07533,294.07098363865657,22.1523671975
1650189600000.0,2022-04-17 10:00:00,ETH/BTC,0.07528,0.07529,0.07525,0.075265,58.10171517305521,4.3730255925
1650186000000.0,2022-04-17 09:00:00,ETH/BTC,0.0752925,0.07531,0.075235,0.07528,103.54223495616365,7.7946594475
1650182400000.0,2022-04-17 08:00:00,ETH/BTC,0.0754025,0.075485,0.0752775,0.0752925,187.49403526247636,14.11689465
1650178800000.0,2022-04-17 07:00:00,ETH/BTC,0.0754575,0.0754575,0.0753675,0.0754025,75.33225234574451,5.6802401575
1650175200000.0,2022-04-17 06:00:00,ETH/BTC,0.075365,0.075465,0.075325,0.0754575,33.342018420965445,2.515905355
1650171600000.0,2022-04-17 05:00:00,ETH/BTC,0.0754,0.0754325,0.07535,0.075365,323.17314393286006,24.3559439925
1650168000000.0,2022-04-17 04:00:00,ETH/BTC,0.075305,0.0754,0.075285,0.0754,273.45566604774535,20.61855722
1650164400000.0,2022-04-17 03:00:00,ETH/BTC,0.07547,0.07547,0.0753,0.075305,221.29154345660982,16.66435968
1650160800000.0,2022-04-17 02:00:00,ETH/BTC,0.0757125,0.0757225,0.07544,0.07547,248.5904361998145,18.76112022
1650157200000.0,2022-04-17 01:00:00,ETH/BTC,0.075725,0.075785,0.0757,0.0757125,38.19123252435199,2.8915536925
1650153600000.0,2022-04-17 00:00:00,ETH/BTC,0.0757825,0.0758475,0.075715,0.075725,225.97171531858697,17.1117081425
1650150000000.0,2022-04-16 23:00:00,ETH/BTC,0.0757875,0.075895,0.0757775,0.0757825,582.8320669679675,44.168471115
1650146400000.0,2022-04-16 22:00:00,ETH/BTC,0.0753525,0.07588,0.0753425,0.0757875,782.2225784924955,59.2826936675
1650142800000.0,2022-04-16 21:00:00,ETH/BTC,0.0752975,0.075375,0.0752175,0.0753525,138.78754039348394,10.4579881375
1650139200000.0,2022-04-16 20:00:00,ETH/BTC,0.0752275,0.07531,0.07521,0.0752975,159.36463637570967,11.9997587075
1650135600000.0,2022-04-16 19:00:00,ETH/BTC,0.0752925,0.075295,0.0752175,0.0752275,80.88644265727294,6.084884865
1650132000000.0,2022-04-16 18:00:00,ETH/BTC,0.07525,0.075295,0.07522,0.0752925,218.45505528439088,16.44802725
1650128400000.0,2022-04-16 17:00:00,ETH/BTC,0.07529,0.075295,0.075235,0.07525,32.003737508305655,2.4082812475
1650124800000.0,2022-04-16 16:00:00,ETH/BTC,0.075325,0.0753475,0.0752825,0.07529,249.60057796520124,18.792427515
1650121200000.0,2022-04-16 15:00:00,ETH/BTC,0.07525,0.0754,0.0749675,0.075325,680.6898530700298,51.2729631825
1650117600000.0,2022-04-16 14:00:00,ETH/BTC,0.075205,0.07525,0.07514,0.07525,113.09328604651162,8.510269775
1650114000000.0,2022-04-16 13:00:00,ETH/BTC,0.075255,0.075275,0.075175,0.075205,89.85443973140084,6.75750314
1650110400000.0,2022-04-16 12:00:00,ETH/BTC,0.0752075,0.075305,0.075135,0.075255,169.35800508271873,12.7450366725
1650106800000.0,2022-04-16 11:00:00,ETH/BTC,0.07522,0.0752775,0.0751825,0.0752075,81.26994551740187,6.1121094275
1650103200000.0,2022-04-16 10:00:00,ETH/BTC,0.0752425,0.07525,0.07515,0.07522,254.41575425418773,19.137153035
1650099600000.0,2022-04-16 09:00:00,ETH/BTC,0.0751875,0.07527,0.0751825,0.0752425,59.87342336445493,4.5050260575
1650096000000.0,2022-04-16 08:00:00,ETH/BTC,0.075135,0.0752,0.0750725,0.0751875,175.60528704904405,13.20332252
1650092400000.0,2022-04-16 07:00:00,ETH/BTC,0.0751525,0.07519,0.0751175,0.075135,124.43232724429362,9.3492229075
1650088800000.0,2022-04-16 06:00:00,ETH/BTC,0.0751975,0.07521,0.075145,0.0751525,174.65277073284324,13.1255923525
1650085200000.0,2022-04-16 05:00:00,ETH/BTC,0.07514,0.075215,0.0751325,0.0751975,84.41356464643107,6.3476890275
1650081600000.0,2022-04-16 04:00:00,ETH/BTC,0.075145,0.0752675,0.0751375,0.07514,126.91163577987757,9.5361403125
1650078000000.0,2022-04-16 03:00:00,ETH/BTC,0.075045,0.075195,0.075025,0.075145,204.37938778361834,15.358089095
1650074400000.0,2022-04-16 02:00:00,ETH/BTC,0.0749375,0.075055,0.0749125,0.075045,30.22739029915384,2.268414505
1650070800000.0,2022-04-16 01:00:00,ETH/BTC,0.0750225,0.0750575,0.0749175,0.0749375,149.93648413678065,11.23586528
1650067200000.0,2022-04-16 00:00:00,ETH/BTC,0.07499,0.0750575,0.0749675,0.0750225,71.08045589656436,5.3326335025
1650063600000.0,2022-04-15 23:00:00,ETH/BTC,0.0749425,0.0750125,0.07494,0.07499,71.13291488865181,5.3342572875
1650060000000.0,2022-04-15 22:00:00,ETH/BTC,0.0750825,0.07512,0.07491,0.0749425,86.18672732428195,6.4590488125
1650056400000.0,2022-04-15 21:00:00,ETH/BTC,0.07503,0.0750825,0.0749625,0.0750825,67.24739989345053,5.0491029025
1650052800000.0,2022-04-15 20:00:00,ETH/BTC,0.07499,0.07503,0.0749425,0.07503,15.754047181127548,1.18202616
1650049200000.0,2022-04-15 19:00:00,ETH/BTC,0.07501,0.0750375,0.0749325,0.07499,137.28793272436323,10.295222075
1650045600000.0,2022-04-15 18:00:00,ETH/BTC,0.0749675,0.0750375,0.0749575,0.07501,102.27353839488069,7.671538115
1650042000000.0,2022-04-15 17:00:00,ETH/BTC,0.0748725,0.07497,0.0748,0.0749675,95.63224137126087,7.169310055
1650038400000.0,2022-04-15 16:00:00,ETH/BTC,0.0749275,0.07493,0.0748125,0.0748725,223.80992046479017,16.75720827
1650034800000.0,2022-04-15 15:00:00,ETH/BTC,0.0750575,0.0750775,0.07491,0.0749275,290.3439306996764,21.7547448675
1650031200000.0,2022-04-15 14:00:00,ETH/BTC,0.0750975,0.07511,0.07477,0.0750575,406.72756250208175,30.5279540225
1650027600000.0,2022-04-15 13:00:00,ETH/BTC,0.0752725,0.0753025,0.0750375,0.0750975,379.779704750491,28.5205063775
1650024000000.0,2022-04-15 12:00:00,ETH/BTC,0.0752875,0.0753375,0.0752025,0.0752725,205.53538031817726,15.471161915
1650020400000.0,2022-04-15 11:00:00,ETH/BTC,0.0753,0.07532,0.0752,0.0752875,161.0540865681554,12.1253595425
1650016800000.0,2022-04-15 10:00:00,ETH/BTC,0.075405,0.07546,0.0753,0.0753,156.85281557104912,11.8110170125
1650013200000.0,2022-04-15 09:00:00,ETH/BTC,0.0753175,0.07547,0.07529,0.075405,375.7091520456203,28.33034861
1650009600000.0,2022-04-15 08:00:00,ETH/BTC,0.0754075,0.075425,0.075205,0.0753175,341.4327859063299,25.7158638525
1650006000000.0,2022-04-15 07:00:00,ETH/BTC,0.075495,0.075495,0.0752925,0.0754075,1103.1951297947817,83.18918675
1650002400000.0,2022-04-15 06:00:00,ETH/BTC,0.07572,0.07577,0.07546,0.075495,206.11418189946352,15.5605901625
1649998800000.0,2022-04-15 05:00:00,ETH/BTC,0.075635,0.0757225,0.0755475,0.07572,305.86732904120447,23.160274155
1649995200000.0,2022-04-15 04:00:00,ETH/BTC,0.07568,0.0757975,0.0756,0.075635,665.5022248958816,50.33526078
1649991600000.0,2022-04-15 03:00:00,ETH/BTC,0.0756,0.0757975,0.07554,0.07568,558.2241201770613,42.246401415
1649988000000.0,2022-04-15 02:00:00,ETH/BTC,0.075715,0.0757175,0.075585,0.0756,296.12046894841274,22.3867074525
1649984400000.0,2022-04-15 01:00:00,ETH/BTC,0.0756625,0.0757325,0.0756225,0.075715,104.42266453146668,7.906362045
1649980800000.0,2022-04-15 00:00:00,ETH/BTC,0.07566,0.0758,0.07564,0.0756625,571.2217010408062,43.220061955
1649977200000.0,2022-04-14 23:00:00,ETH/BTC,0.075665,0.0757325,0.0756325,0.07566,496.12427408802535,37.5367625775
1649973600000.0,2022-04-14 22:00:00,ETH/BTC,0.07553,0.07574,0.075485,0.075665,120.85429445582501,9.14444019
1649970000000.0,2022-04-14 21:00:00,ETH/BTC,0.0755125,0.0756,0.07551,0.07553,464.9612816099563,35.1185256
1649966400000.0,2022-04-14 20:00:00,ETH/BTC,0.07531,0.0755375,0.07519,0.0755125,277.97043856977325,20.9902427425
1649962800000.0,2022-04-14 19:00:00,ETH/BTC,0.0752525,0.0753575,0.0751825,0.07531,772.4671426437392,58.1745005125
1649959200000.0,2022-04-14 18:00:00,ETH/BTC,0.0755775,0.07564,0.07525,0.0752525,870.6375686854258,65.5176536375
1649955600000.0,2022-04-14 17:00:00,ETH/BTC,0.075505,0.075635,0.0754225,0.0755775,367.4280508749297,27.769293515
1649952000000.0,2022-04-14 16:00:00,ETH/BTC,0.07549,0.0756625,0.0753725,0.075505,782.8488331898549,59.10900115
1649948400000.0,2022-04-14 15:00:00,ETH/BTC,0.07528,0.0756,0.0752575,0.07549,484.23846131938006,36.555161445
1649944800000.0,2022-04-14 14:00:00,ETH/BTC,0.07504,0.07534,0.07504,0.07528,435.44028825717317,32.7799449
1649941200000.0,2022-04-14 13:00:00,ETH/BTC,0.0750325,0.0753,0.0749675,0.07504,505.1405258861941,37.9057450625
1649937600000.0,2022-04-14 12:00:00,ETH/BTC,0.07512,0.075245,0.075,0.0750325,415.6547117249192,31.1876121575
1649934000000.0,2022-04-14 11:00:00,ETH/BTC,0.0752025,0.07528,0.0750425,0.07512,342.812694156017,25.752089585
1649930400000.0,2022-04-14 10:00:00,ETH/BTC,0.0752875,0.075325,0.07517,0.0752025,415.0437759382999,31.21232956
1649926800000.0,2022-04-14 09:00:00,ETH/BTC,0.075475,0.0755275,0.0752,0.0752875,711.1349284077702,53.5395709225
1649923200000.0,2022-04-14 08:00:00,ETH/BTC,0.0754475,0.0756,0.07542,0.075475,297.5736711493872,22.45937283
1649919600000.0,2022-04-14 07:00:00,ETH/BTC,0.0754225,0.0754775,0.0753675,0.0754475,269.39496156267603,20.3251763625
1649916000000.0,2022-04-14 06:00:00,ETH/BTC,0.0753075,0.0754625,0.075275,0.0754225,293.8571036825881,22.1634374025
1649912400000.0,2022-04-14 05:00:00,ETH/BTC,0.07537,0.075395,0.0752625,0.07531,166.38883378701368,12.5307430725
1649908800000.0,2022-04-14 04:00:00,ETH/BTC,0.075455,0.0755,0.07534,0.07537,283.31621862146744,21.3535433975
1649905200000.0,2022-04-14 03:00:00,ETH/BTC,0.075495,0.0755,0.0753775,0.075455,233.93056146047317,17.651230515
1649901600000.0,2022-04-14 02:00:00,ETH/BTC,0.0757225,0.075865,0.0754825,0.075495,242.73378263461154,18.32518692
1649898000000.0,2022-04-14 01:00:00,ETH/BTC,0.0757325,0.0759,0.07561,0.0757225,453.1176671398857,34.31120255
1649894400000.0,2022-04-14 00:00:00,ETH/BTC,0.075805,0.0758575,0.0757,0.0757325,394.5753471098934,29.882177475
1649890800000.0,2022-04-13 23:00:00,ETH/BTC,0.0756625,0.0759625,0.0756525,0.075805,554.0664488160412,42.0010071525
1649887200000.0,2022-04-13 22:00:00,ETH/BTC,0.075385,0.0757,0.0753175,0.0756625,369.32478410705437,27.9440364775
1649883600000.0,2022-04-13 21:00:00,ETH/BTC,0.07533,0.0754,0.0751275,0.075385,653.1750139285003,49.239598425
1649880000000.0,2022-04-13 20:00:00,ETH/BTC,0.0751725,0.07542,0.0751575,0.07533,1053.1087256737026,79.330680305
1649876400000.0,2022-04-13 19:00:00,ETH/BTC,0.0751225,0.075205,0.075,0.0751725,439.3799207156872,33.02928709
1649872800000.0,2022-04-13 18:00:00,ETH/BTC,0.075075,0.0752,0.07499,0.0751225,382.75149043229396,28.75324884
1649869200000.0,2022-04-13 17:00:00,ETH/BTC,0.0752575,0.075275,0.07498,0.075075,270.4820012987013,20.3064362475
1649865600000.0,2022-04-13 16:00:00,ETH/BTC,0.0751675,0.075395,0.07504,0.0752575,1612.5187936418295,121.3541331125
1649862000000.0,2022-04-13 15:00:00,ETH/BTC,0.0756075,0.075615,0.0750125,0.0751675,1794.56071287458,134.892642385
1649858400000.0,2022-04-13 14:00:00,ETH/BTC,0.0759825,0.0760175,0.075515,0.0756075,983.1375637998875,74.332573355
1649854800000.0,2022-04-13 13:00:00,ETH/BTC,0.0757375,0.0761275,0.0756375,0.075975,685.1345671602501,52.05309874
1649851200000.0,2022-04-13 12:00:00,ETH/BTC,0.07591,0.076195,0.075715,0.0757375,821.1619561313748,62.1927536525
1649847600000.0,2022-04-13 11:00:00,ETH/BTC,0.0761975,0.0762375,0.07578,0.07591,568.2428296667106,43.1353132
1649844000000.0,2022-04-13 10:00:00,ETH/BTC,0.0761175,0.07629,0.076115,0.0761975,229.99885698349684,17.525337905
1649840400000.0,2022-04-13 09:00:00,ETH/BTC,0.076095,0.076215,0.0760275,0.0761175,176.603317009886,13.4426029825
1649836800000.0,2022-04-13 08:00:00,ETH/BTC,0.07604,0.0761775,0.0760225,0.076095,171.6979514422761,13.065355615
1649833200000.0,2022-04-13 07:00:00,ETH/BTC,0.0762975,0.07633,0.07601,0.07604,165.2992103498159,12.569351955
1649829600000.0,2022-04-13 06:00:00,ETH/BTC,0.0762925,0.0763525,0.076115,0.0762975,144.97880385989055,11.0615202875
1649826000000.0,2022-04-13 05:00:00,ETH/BTC,0.07626,0.0763625,0.0761625,0.0762925,244.92626686764754,18.686037215
1649822400000.0,2022-04-13 04:00:00,ETH/BTC,0.076105,0.0763,0.076105,0.07626,146.138115263572,11.14449267
1649818800000.0,2022-04-13 03:00:00,ETH/BTC,0.0760475,0.0762,0.076,0.076105,390.01956080415215,29.682438675
1649815200000.0,2022-04-13 02:00:00,ETH/BTC,0.0759875,0.076095,0.0759225,0.0760475,240.33150310661097,18.2766099825
1649811600000.0,2022-04-13 01:00:00,ETH/BTC,0.0758025,0.0760325,0.075795,0.0759875,271.09988438887973,20.600202465
1649808000000.0,2022-04-13 00:00:00,ETH/BTC,0.0755775,0.0758625,0.0755475,0.0758025,126.09696639292899,9.558465295
1649804400000.0,2022-04-12 23:00:00,ETH/BTC,0.07567,0.07569,0.0753775,0.0755775,151.96806585954812,11.4853664975
1649800800000.0,2022-04-12 22:00:00,ETH/BTC,0.075835,0.075835,0.075635,0.07567,158.09898539711907,11.963350225
1649797200000.0,2022-04-12 21:00:00,ETH/BTC,0.07559,0.0758825,0.0755375,0.075835,153.57108122898399,11.646062945
1649793600000.0,2022-04-12 20:00:00,ETH/BTC,0.0756,0.0757975,0.075435,0.07559,215.50153661198567,16.2897611525
1649790000000.0,2022-04-12 19:00:00,ETH/BTC,0.075685,0.0758,0.075475,0.0756,175.63780552248676,13.2782180975
1649786400000.0,2022-04-12 18:00:00,ETH/BTC,0.07582,0.0758525,0.07563,0.075685,152.4185726035542,11.5357996675
1649782800000.0,2022-04-12 17:00:00,ETH/BTC,0.07587,0.0759925,0.07574,0.07582,304.75130839488264,23.1062442025
1649779200000.0,2022-04-12 16:00:00,ETH/BTC,0.0757825,0.0759,0.07569,0.07587,225.5181160208251,17.1100594625
1649775600000.0,2022-04-12 15:00:00,ETH/BTC,0.075715,0.07583,0.0756625,0.0757825,218.91363322666842,16.58982241
1649772000000.0,2022-04-12 14:00:00,ETH/BTC,0.0755375,0.0757975,0.075355,0.075715,605.1539452552335,45.819230965
1649768400000.0,2022-04-12 13:00:00,ETH/BTC,0.0758225,0.0759775,0.075535,0.0755375,487.1230441833527,36.79605695
1649764800000.0,2022-04-12 12:00:00,ETH/BTC,0.0753275,0.07586,0.0752325,0.0758225,1239.7913900227504,94.00408267
1649761200000.0,2022-04-12 11:00:00,ETH/BTC,0.07514,0.0753875,0.0751,0.0753275,539.5159861272443,40.640390445
1649757600000.0,2022-04-12 10:00:00,ETH/BTC,0.0752525,0.075265,0.075105,0.07514,271.4712416156508,20.398349095
1649754000000.0,2022-04-12 09:00:00,ETH/BTC,0.075315,0.0753325,0.0751875,0.0752525,174.44754974917777,13.1276142375
1649750400000.0,2022-04-12 08:00:00,ETH/BTC,0.0753,0.0755,0.07518,0.075315,257.8951864170484,19.423375965
1649746800000.0,2022-04-12 07:00:00,ETH/BTC,0.0753,0.0754325,0.0751425,0.0753,381.0671301460823,28.6943549
1649743200000.0,2022-04-12 06:00:00,ETH/BTC,0.075295,0.07544,0.07521,0.0753,223.16591371181937,16.8043933025
1649739600000.0,2022-04-12 05:00:00,ETH/BTC,0.0751975,0.0753,0.0750575,0.075295,433.0462226907497,32.6062153375
1649736000000.0,2022-04-12 04:00:00,ETH/BTC,0.0750725,0.07526,0.0750075,0.0751975,373.07599202101136,28.05438191
1649732400000.0,2022-04-12 03:00:00,ETH/BTC,0.0751275,0.07516,0.075015,0.0750725,145.19529418229044,10.9001737225
1649728800000.0,2022-04-12 02:00:00,ETH/BTC,0.0752525,0.0753175,0.0750025,0.0751275,235.28837812385612,17.6766276275
1649725200000.0,2022-04-12 01:00:00,ETH/BTC,0.0751525,0.0752675,0.0749975,0.0752525,661.0864377595428,49.7484071575
1649721600000.0,2022-04-12 00:00:00,ETH/BTC,0.0753975,0.07544,0.0751425,0.0751525,280.5933914706763,21.0872948525
1649718000000.0,2022-04-11 23:00:00,ETH/BTC,0.07546,0.075685,0.0753975,0.0753975,492.127218608044,37.105161965
1649714400000.0,2022-04-11 22:00:00,ETH/BTC,0.0752525,0.0755,0.07518,0.07546,834.6820930625497,62.9851107425
1649710800000.0,2022-04-11 21:00:00,ETH/BTC,0.0751325,0.0754725,0.07476,0.0752525,1039.339469718614,78.212893445
1649707200000.0,2022-04-11 20:00:00,ETH/BTC,0.075175,0.075355,0.075,0.0751325,410.4460841180581,30.837840415
1649703600000.0,2022-04-11 19:00:00,ETH/BTC,0.0749675,0.0752,0.074615,0.075175,805.2118543398735,60.53180115
1649700000000.0,2022-04-11 18:00:00,ETH/BTC,0.0747425,0.0749725,0.0747025,0.0749675,476.30561229866277,35.70744099
1649696400000.0,2022-04-11 17:00:00,ETH/BTC,0.0740675,0.074765,0.074,0.0747425,607.2500628825634,45.387387825
1649692800000.0,2022-04-11 16:00:00,ETH/BTC,0.0740275,0.0741325,0.0735,0.0740675,1013.0478886826206,75.033924495
1649689200000.0,2022-04-11 15:00:00,ETH/BTC,0.07414,0.0742575,0.0739875,0.0740275,568.2062237681943,42.06288623
1649685600000.0,2022-04-11 14:00:00,ETH/BTC,0.074085,0.0742,0.073925,0.07414,365.18787098732133,27.075028755
1649682000000.0,2022-04-11 13:00:00,ETH/BTC,0.0742425,0.074335,0.073875,0.074085,474.06872437065533,35.121381445
1649678400000.0,2022-04-11 12:00:00,ETH/BTC,0.07431,0.0743725,0.0740175,0.0742425,323.90604532444354,24.04759457
1649674800000.0,2022-04-11 11:00:00,ETH/BTC,0.0739925,0.07438,0.073885,0.07431,608.1491020723994,45.191559775
1649671200000.0,2022-04-11 10:00:00,ETH/BTC,0.0744225,0.0745925,0.07392,0.0739925,490.07642362401594,36.261979775
1649667600000.0,2022-04-11 09:00:00,ETH/BTC,0.0749325,0.07497,0.07427,0.0743675,652.2116913302181,48.503352955
1649664000000.0,2022-04-11 08:00:00,ETH/BTC,0.07514,0.07514,0.0747775,0.0749325,355.35671524371935,26.627767065
1649660400000.0,2022-04-11 07:00:00,ETH/BTC,0.0751775,0.0753025,0.07506,0.07514,369.1377531274954,27.73701077
1649656800000.0,2022-04-11 06:00:00,ETH/BTC,0.0753275,0.0753275,0.075145,0.0751775,128.34924199394766,9.64897514
1649653200000.0,2022-04-11 05:00:00,ETH/BTC,0.0752425,0.0753375,0.0752,0.0753275,344.55700209086984,25.954617575
1649649600000.0,2022-04-11 04:00:00,ETH/BTC,0.0754,0.0754,0.0751225,0.0752425,784.7639927567532,59.047604725
1649646000000.0,2022-04-11 03:00:00,ETH/BTC,0.0754475,0.0755525,0.0753,0.0754,296.05342221485415,22.322428035
1649642400000.0,2022-04-11 02:00:00,ETH/BTC,0.0756175,0.075745,0.075435,0.0754475,325.40160383047817,24.550737505
1649638800000.0,2022-04-11 01:00:00,ETH/BTC,0.075755,0.0758575,0.075575,0.0756175,296.67564393162957,22.433870505
1649635200000.0,2022-04-11 00:00:00,ETH/BTC,0.075975,0.0760525,0.075755,0.075755,196.31943676985017,14.8721789325
1649631600000.0,2022-04-10 23:00:00,ETH/BTC,0.0765325,0.0765925,0.07591,0.075975,412.95296742349456,31.3741017
1649628000000.0,2022-04-10 22:00:00,ETH/BTC,0.0765575,0.076775,0.0761475,0.0765325,743.8754040440335,56.93064436
1649624400000.0,2022-04-10 21:00:00,ETH/BTC,0.0762975,0.0766025,0.0761,0.0765575,314.1021738235967,24.0468771725
1649620800000.0,2022-04-10 20:00:00,ETH/BTC,0.0761425,0.0763375,0.0758925,0.0762975,373.7528447524493,28.5164076725
1649617200000.0,2022-04-10 19:00:00,ETH/BTC,0.076295,0.0763425,0.076115,0.0761425,101.97160074859637,7.76437261
1649613600000.0,2022-04-10 18:00:00,ETH/BTC,0.0764725,0.07658,0.0762875,0.076295,87.74528144046137,6.6945262475
1649610000000.0,2022-04-10 17:00:00,ETH/BTC,0.07661,0.0767625,0.0763975,0.0764725,255.11177969204616,19.5090355725
1649606400000.0,2022-04-10 16:00:00,ETH/BTC,0.0761825,0.07662,0.0761625,0.07661,420.6261868555019,32.224172175
1649602800000.0,2022-04-10 15:00:00,ETH/BTC,0.07613,0.07623,0.0761125,0.0761825,243.41229094608343,18.543756855
1649599200000.0,2022-04-10 14:00:00,ETH/BTC,0.0761,0.076185,0.0760925,0.07613,44.79471617627742,3.4102217425
1649595600000.0,2022-04-10 13:00:00,ETH/BTC,0.0761775,0.0761775,0.076025,0.0761,47.341263239159005,3.6026701325
1649592000000.0,2022-04-10 12:00:00,ETH/BTC,0.076175,0.07629,0.0761125,0.0761775,36.57273676610548,2.786019655
1649588400000.0,2022-04-10 11:00:00,ETH/BTC,0.0763,0.0763525,0.076175,0.076175,79.91812067607482,6.0877628425
1649584800000.0,2022-04-10 10:00:00,ETH/BTC,0.076225,0.0763,0.076185,0.0763,44.924560255570114,3.4277439475
1649581200000.0,2022-04-10 09:00:00,ETH/BTC,0.0760575,0.076225,0.076025,0.076225,63.54476848146933,4.8436999775
1649577600000.0,2022-04-10 08:00:00,ETH/BTC,0.076075,0.07615,0.07601,0.0760575,59.49036745225652,4.5246886225
1649574000000.0,2022-04-10 07:00:00,ETH/BTC,0.075995,0.07613,0.07593,0.076075,73.79561071311205,5.614001085
1649570400000.0,2022-04-10 06:00:00,ETH/BTC,0.0760875,0.07611,0.0759425,0.075995,346.0183300875058,26.295662995
1649566800000.0,2022-04-10 05:00:00,ETH/BTC,0.07613,0.07617,0.0760325,0.0760875,96.07637276162313,7.3102110125
1649563200000.0,2022-04-10 04:00:00,ETH/BTC,0.0761675,0.07624,0.0761025,0.07613,29.58537458951793,2.2523345675
1649559600000.0,2022-04-10 03:00:00,ETH/BTC,0.0761275,0.07626,0.0761175,0.0761675,143.64960619686875,10.94143138
1649556000000.0,2022-04-10 02:00:00,ETH/BTC,0.0761575,0.0761675,0.0760525,0.0761275,61.51384026797149,4.682894875
1649552400000.0,2022-04-10 01:00:00,ETH/BTC,0.0762275,0.0764525,0.0761575,0.0761575,120.74916613596822,9.19595462
1649548800000.0,2022-04-10 00:00:00,ETH/BTC,0.0762325,0.0762775,0.0760825,0.0762275,129.96686123774228,9.907048915
1649545200000.0,2022-04-09 23:00:00,ETH/BTC,0.076345,0.0766275,0.07621,0.0762325,293.40110595874467,22.36669981
1649541600000.0,2022-04-09 22:00:00,ETH/BTC,0.07609,0.0763975,0.0760875,0.076345,106.5483467155675,8.13443353
1649538000000.0,2022-04-09 21:00:00,ETH/BTC,0.07601,0.0764675,0.0759675,0.07609,592.1864039624129,45.0594634775
1649534400000.0,2022-04-09 20:00:00,ETH/BTC,0.0760675,0.07623,0.07598,0.07601,165.39522921326142,12.5716913725
1649530800000.0,2022-04-09 19:00:00,ETH/BTC,0.076135,0.076135,0.07604,0.0760675,113.11169701252177,8.6041240125
1649527200000.0,2022-04-09 18:00:00,ETH/BTC,0.0761375,0.076155,0.076,0.076135,109.19502045708282,8.3135628825
1649523600000.0,2022-04-09 17:00:00,ETH/BTC,0.07588,0.0762275,0.07586,0.0761375,394.32681257593174,30.0230576925
1649520000000.0,2022-04-09 16:00:00,ETH/BTC,0.07598,0.07604,0.0758675,0.07588,266.9613091394307,20.2570241375
1649516400000.0,2022-04-09 15:00:00,ETH/BTC,0.07603,0.076095,0.0759,0.07598,432.8293591076599,32.886374705
1649512800000.0,2022-04-09 14:00:00,ETH/BTC,0.0758875,0.07603,0.07574,0.07603,385.4329913520979,29.3044703325
1649509200000.0,2022-04-09 13:00:00,ETH/BTC,0.07597,0.0760575,0.0758425,0.0758875,222.2254844012519,16.8641364475
1649505600000.0,2022-04-09 12:00:00,ETH/BTC,0.07562,0.076,0.0755375,0.07597,485.7610477162038,36.903266795
1649502000000.0,2022-04-09 11:00:00,ETH/BTC,0.07562,0.075655,0.0755625,0.07562,167.57642842501983,12.6721295175
1649498400000.0,2022-04-09 10:00:00,ETH/BTC,0.0755875,0.07562,0.07546,0.07562,202.54562169399628,15.3164999125
1649494800000.0,2022-04-09 09:00:00,ETH/BTC,0.07558,0.075665,0.0755,0.0755875,41.151874714734575,3.11056733
1649491200000.0,2022-04-09 08:00:00,ETH/BTC,0.07557,0.075655,0.075505,0.07558,238.42463148319663,18.0201336475
1649487600000.0,2022-04-09 07:00:00,ETH/BTC,0.0754625,0.0756,0.07541,0.07557,30.82911793701204,2.3297564425
1649484000000.0,2022-04-09 06:00:00,ETH/BTC,0.0757425,0.0757425,0.0754,0.0754625,175.36543365910222,13.2335140375
1649480400000.0,2022-04-09 05:00:00,ETH/BTC,0.0756425,0.0757425,0.0755525,0.0757425,201.94168043040565,15.29556773
1649476800000.0,2022-04-09 04:00:00,ETH/BTC,0.07575,0.0758375,0.075605,0.0756425,247.3206368443666,18.7079512725
1649473200000.0,2022-04-09 03:00:00,ETH/BTC,0.075595,0.0758575,0.0755,0.07575,204.27212267326732,15.4736132925
1649469600000.0,2022-04-09 02:00:00,ETH/BTC,0.075825,0.0759325,0.075535,0.075595,286.87706680336004,21.686471865
1649466000000.0,2022-04-09 01:00:00,ETH/BTC,0.0757775,0.0759025,0.0757,0.075825,287.5185568414111,21.8010945725
1649462400000.0,2022-04-09 00:00:00,ETH/BTC,0.0755475,0.0758,0.0755,0.0757775,297.41791742271784,22.5375862375
1649458800000.0,2022-04-08 23:00:00,ETH/BTC,0.0754325,0.075575,0.0753675,0.0755475,185.467621992786,14.0116151725
1649455200000.0,2022-04-08 22:00:00,ETH/BTC,0.075705,0.0757125,0.0754025,0.0754325,166.98898226891592,12.596396405
1649451600000.0,2022-04-08 21:00:00,ETH/BTC,0.0759325,0.075995,0.0755,0.075705,458.54885727494883,34.71444124
1649448000000.0,2022-04-08 20:00:00,ETH/BTC,0.07579,0.075945,0.07578,0.0759325,200.67822724129985,15.23799949
1649444400000.0,2022-04-08 19:00:00,ETH/BTC,0.0758625,0.0759925,0.0756975,0.07579,81.23471948805911,6.15677939
1649440800000.0,2022-04-08 18:00:00,ETH/BTC,0.0754825,0.076,0.07528,0.0758625,471.73009177788765,35.7866240875
1649437200000.0,2022-04-08 17:00:00,ETH/BTC,0.075205,0.075555,0.07518,0.0754825,417.9415770874044,31.5472750925
1649433600000.0,2022-04-08 16:00:00,ETH/BTC,0.075165,0.07529,0.075035,0.075205,325.5035994947145,24.4794982
1649430000000.0,2022-04-08 15:00:00,ETH/BTC,0.075225,0.0752525,0.0749,0.075165,744.0711951041043,55.92811138
1649426400000.0,2022-04-08 14:00:00,ETH/BTC,0.075215,0.0755,0.075115,0.075225,566.7560470920571,42.6342236425
1649422800000.0,2022-04-08 13:00:00,ETH/BTC,0.07502,0.0753,0.0749675,0.075215,323.2874567905338,24.3160660625
1649419200000.0,2022-04-08 12:00:00,ETH/BTC,0.0752625,0.0753425,0.074895,0.07502,364.0493545721141,27.31098258
1649415600000.0,2022-04-08 11:00:00,ETH/BTC,0.0754475,0.0754475,0.075235,0.0752625,267.7946820129547,20.154897255
1649412000000.0,2022-04-08 10:00:00,ETH/BTC,0.0754625,0.07549,0.0751875,0.0754475,177.23623148547003,13.372030575
1649408400000.0,2022-04-08 09:00:00,ETH/BTC,0.0753425,0.0754675,0.07524,0.0754625,566.4495962895478,42.74570266
1649404800000.0,2022-04-08 08:00:00,ETH/BTC,0.0751025,0.07542,0.0750625,0.0753425,418.65710661313335,31.542673055
1649401200000.0,2022-04-08 07:00:00,ETH/BTC,0.0749675,0.07515,0.074765,0.0751025,333.8550226024433,25.073346835
1649397600000.0,2022-04-08 06:00:00,ETH/BTC,0.07492,0.075005,0.07475,0.0749675,325.05392269983656,24.36847995
1649394000000.0,2022-04-08 05:00:00,ETH/BTC,0.0748475,0.07502,0.074735,0.07492,223.6593961225307,16.7565619575
1649390400000.0,2022-04-08 04:00:00,ETH/BTC,0.0749375,0.075,0.07473,0.0748475,212.1835938074084,15.8814115375
1649386800000.0,2022-04-08 03:00:00,ETH/BTC,0.0748175,0.0749475,0.0747175,0.0749375,209.36329077564636,15.6891616025
1649383200000.0,2022-04-08 02:00:00,ETH/BTC,0.07449,0.0749875,0.0744625,0.0748175,1107.4067941992182,82.853407825
1649379600000.0,2022-04-08 01:00:00,ETH/BTC,0.0742875,0.074625,0.074185,0.07449,348.5212966169956,25.961351385
1649376000000.0,2022-04-08 00:00:00,ETH/BTC,0.074305,0.0745425,0.0742425,0.0742875,413.84869964664307,30.743785275
1649372400000.0,2022-04-07 23:00:00,ETH/BTC,0.0741775,0.0744875,0.0741525,0.074305,448.5005681313505,33.325834715
1649368800000.0,2022-04-07 22:00:00,ETH/BTC,0.0739675,0.074185,0.073935,0.0741775,340.15800623504435,25.2320705075
1649365200000.0,2022-04-07 21:00:00,ETH/BTC,0.0743425,0.0744125,0.0739075,0.0739675,478.35588799134746,35.382789145
1649361600000.0,2022-04-07 20:00:00,ETH/BTC,0.0741625,0.07442,0.0741625,0.0743425,337.54503870598916,25.09394204
1649358000000.0,2022-04-07 19:00:00,ETH/BTC,0.07412,0.0742,0.0740475,0.0741625,269.45513470419684,19.9834664275
1649354400000.0,2022-04-07 18:00:00,ETH/BTC,0.073895,0.07412,0.0738175,0.07412,211.6118867377226,15.684673045
1649350800000.0,2022-04-07 17:00:00,ETH/BTC,0.074055,0.07415,0.073855,0.073895,487.9867734623452,36.059782625
1649347200000.0,2022-04-07 16:00:00,ETH/BTC,0.07383,0.0740575,0.0737775,0.074055,495.98114661400314,36.7298838125
1649343600000.0,2022-04-07 15:00:00,ETH/BTC,0.0734425,0.073885,0.0733175,0.07383,731.2617775971827,53.98905704
1649340000000.0,2022-04-07 14:00:00,ETH/BTC,0.073965,0.0740175,0.07339,0.0734425,562.2329389998979,41.2917926225
1649336400000.0,2022-04-07 13:00:00,ETH/BTC,0.07418,0.074245,0.07389,0.073965,338.20244054620423,25.015143515
1649332800000.0,2022-04-07 12:00:00,ETH/BTC,0.0743025,0.07448,0.0741225,0.07418,209.1591244607711,15.5154238525
1649329200000.0,2022-04-07 11:00:00,ETH/BTC,0.0742375,0.0744025,0.0740025,0.0743025,339.56522647286437,25.23054524
1649325600000.0,2022-04-07 10:00:00,ETH/BTC,0.0742875,0.07437,0.074205,0.0742375,160.16054968849977,11.8899188075
1649322000000.0,2022-04-07 09:00:00,ETH/BTC,0.07408,0.0743025,0.074015,0.0742875,325.6756342251388,24.1936286775
1649318400000.0,2022-04-07 08:00:00,ETH/BTC,0.0742475,0.0743475,0.07405,0.07408,351.5182418331534,26.040471355
1649314800000.0,2022-04-07 07:00:00,ETH/BTC,0.0740775,0.0743,0.0740175,0.0742475,250.7932131721607,18.620769095
1649311200000.0,2022-04-07 06:00:00,ETH/BTC,0.07416,0.0741825,0.073935,0.0740775,262.85995157098984,19.4720080625
1649307600000.0,2022-04-07 05:00:00,ETH/BTC,0.073895,0.07416,0.0738625,0.07416,473.33063588861916,35.1021999575
1649304000000.0,2022-04-07 04:00:00,ETH/BTC,0.07359,0.073895,0.07359,0.073895,164.23011993368968,12.1357847125
1649300400000.0,2022-04-07 03:00:00,ETH/BTC,0.0734925,0.0736175,0.07342,0.07359,133.33399650088327,9.8120488025
1649296800000.0,2022-04-07 02:00:00,ETH/BTC,0.073605,0.07371,0.07341,0.0734925,241.23237047998097,17.7287699875
1649293200000.0,2022-04-07 01:00:00,ETH/BTC,0.0735275,0.0736825,0.07335,0.073605,170.68960787310644,12.5636085875
1649289600000.0,2022-04-07 00:00:00,ETH/BTC,0.073415,0.07369,0.0733,0.0735275,231.6724171228452,17.03429365
1649286000000.0,2022-04-06 23:00:00,ETH/BTC,0.073295,0.07365,0.073295,0.073415,245.19351348498265,18.0008817925
1649282400000.0,2022-04-06 22:00:00,ETH/BTC,0.0736025,0.07374,0.0732425,0.073295,171.52136523637355,12.571658465
1649278800000.0,2022-04-06 21:00:00,ETH/BTC,0.0737075,0.0737075,0.0733975,0.0736025,90.47734890119222,6.6593590725
1649275200000.0,2022-04-06 20:00:00,ETH/BTC,0.0737275,0.073735,0.07311,0.0737075,300.5533071939762,22.15303289
1649271600000.0,2022-04-06 19:00:00,ETH/BTC,0.0738525,0.0741,0.073595,0.0737275,811.268901834458,59.81282796
1649268000000.0,2022-04-06 18:00:00,ETH/BTC,0.07347,0.073855,0.0731425,0.0738525,631.3486005213093,46.62667252
1649264400000.0,2022-04-06 17:00:00,ETH/BTC,0.0733875,0.07355,0.0731875,0.07347,859.4543125425344,63.1441083425
1649260800000.0,2022-04-06 16:00:00,ETH/BTC,0.0737375,0.0737475,0.073135,0.0733875,682.6654808720832,50.0991129775
1649257200000.0,2022-04-06 15:00:00,ETH/BTC,0.073605,0.07385,0.073475,0.0737375,733.7790977453806,54.10703622
1649253600000.0,2022-04-06 14:00:00,ETH/BTC,0.073655,0.0738,0.07348,0.073605,905.028877793628,66.61465055
1649250000000.0,2022-04-06 13:00:00,ETH/BTC,0.073895,0.07396,0.0734575,0.073655,720.8977233045958,53.09772181
1649246400000.0,2022-04-06 12:00:00,ETH/BTC,0.0737325,0.0739825,0.0735825,0.073895,569.2053042831044,42.06142596
1649242800000.0,2022-04-06 11:00:00,ETH/BTC,0.0738025,0.073875,0.0734325,0.0737325,774.4061581731257,57.0989020575
1649239200000.0,2022-04-06 10:00:00,ETH/BTC,0.07386,0.07386,0.0736,0.0738,208.59154268292681,15.39405585
1649235600000.0,2022-04-06 09:00:00,ETH/BTC,0.07399,0.073995,0.0737275,0.07386,86.00958076089901,6.352667635
1649232000000.0,2022-04-06 08:00:00,ETH/BTC,0.0738775,0.0740375,0.0737225,0.07399,609.2949336734694,45.0817321425
1649228400000.0,2022-04-06 07:00:00,ETH/BTC,0.0741025,0.07415,0.0738575,0.0738775,371.44951544786977,27.4417615775
1649224800000.0,2022-04-06 06:00:00,ETH/BTC,0.07424,0.0742475,0.07403,0.0741025,462.47590887621874,34.2706210375
1649221200000.0,2022-04-06 05:00:00,ETH/BTC,0.0741,0.0743,0.0740825,0.07424,363.48615867456897,26.98521242
1649217600000.0,2022-04-06 04:00:00,ETH/BTC,0.073945,0.0741,0.073655,0.0741,201.87442132253713,14.95889462
1649214000000.0,2022-04-06 03:00:00,ETH/BTC,0.07393,0.0740525,0.073885,0.073945,481.9667949489486,35.6390346525
1649210400000.0,2022-04-06 02:00:00,ETH/BTC,0.0740125,0.07406,0.0739,0.07393,325.67740240768296,24.07733036
1649206800000.0,2022-04-06 01:00:00,ETH/BTC,0.0738975,0.07407,0.07374,0.0740125,400.9318344536396,29.6739673975
1649203200000.0,2022-04-06 00:00:00,ETH/BTC,0.0748875,0.0748875,0.07355,0.0738975,1082.3028242159749,79.9794729525
1649199600000.0,2022-04-05 23:00:00,ETH/BTC,0.0751075,0.07515,0.07476,0.0748875,177.89326973794024,13.3219822375
1649196000000.0,2022-04-05 22:00:00,ETH/BTC,0.0751675,0.0752,0.0749975,0.0751075,188.26272762373932,14.139942815
1649192400000.0,2022-04-05 21:00:00,ETH/BTC,0.075045,0.0751675,0.0747775,0.0751675,322.9336564007051,24.2741156175
1649188800000.0,2022-04-05 20:00:00,ETH/BTC,0.0752725,0.07535,0.0749025,0.075045,293.60989576254246,22.0339546275
1649185200000.0,2022-04-05 19:00:00,ETH/BTC,0.0750675,0.07539,0.075,0.0752725,222.82533797203493,16.7726202525
1649181600000.0,2022-04-05 18:00:00,ETH/BTC,0.0750875,0.07517,0.07503,0.0750675,146.1496012921704,10.971085195
1649178000000.0,2022-04-05 17:00:00,ETH/BTC,0.0754375,0.07556,0.075085,0.0750875,574.1594440486099,43.112197255
1649174400000.0,2022-04-05 16:00:00,ETH/BTC,0.0754525,0.07565,0.0752125,0.0754375,454.1998216072908,34.2636990425
1649170800000.0,2022-04-05 15:00:00,ETH/BTC,0.075345,0.07563,0.0752575,0.0754525,238.88878102117226,18.02475575
1649167200000.0,2022-04-05 14:00:00,ETH/BTC,0.074925,0.0754525,0.07476,0.075345,651.1381033578871,49.0600003975
1649163600000.0,2022-04-05 13:00:00,ETH/BTC,0.0750175,0.075105,0.0748175,0.074925,945.7600504838172,70.8610717825
1649160000000.0,2022-04-05 12:00:00,ETH/BTC,0.0754625,0.07553,0.0750175,0.0750175,274.01376118905586,20.55582733
1649156400000.0,2022-04-05 11:00:00,ETH/BTC,0.0753825,0.0755,0.0753625,0.0754625,24.574576975318866,1.854459015
1649152800000.0,2022-04-05 10:00:00,ETH/BTC,0.0753625,0.0754575,0.07532,0.0753825,147.86959370543562,11.1467796475
1649149200000.0,2022-04-05 09:00:00,ETH/BTC,0.0755075,0.0756,0.0753625,0.0753625,79.93345005805274,6.02398463
1649145600000.0,2022-04-05 08:00:00,ETH/BTC,0.0755125,0.0756225,0.07546,0.0755075,126.28964556501009,9.5358154125
1649142000000.0,2022-04-05 07:00:00,ETH/BTC,0.0754825,0.07564,0.0754425,0.0755125,193.97702595596758,14.6476901725
1649138400000.0,2022-04-05 06:00:00,ETH/BTC,0.0753725,0.0755,0.075305,0.0754825,240.76913834332464,18.173856485
1649134800000.0,2022-04-05 05:00:00,ETH/BTC,0.0753625,0.0754,0.0753125,0.0753725,204.74721745331522,15.4323096475
1649131200000.0,2022-04-05 04:00:00,ETH/BTC,0.0755575,0.075575,0.0751525,0.0753625,324.89518590147617,24.4849134475
1649127600000.0,2022-04-05 03:00:00,ETH/BTC,0.0753925,0.075675,0.0753925,0.0755575,68.53750385468021,5.1785224475
1649124000000.0,2022-04-05 02:00:00,ETH/BTC,0.07548,0.0755,0.07535,0.0753925,30.329107139304305,2.28658721
1649120400000.0,2022-04-05 01:00:00,ETH/BTC,0.0754025,0.07551,0.0753725,0.07548,215.25745094727077,16.2476323975
1649116800000.0,2022-04-05 00:00:00,ETH/BTC,0.0755475,0.07556,0.07539,0.0754025,138.53821514538643,10.4461277675
1649113200000.0,2022-04-04 23:00:00,ETH/BTC,0.0756025,0.075655,0.075495,0.0755475,63.23402763162248,4.7771727025
1649109600000.0,2022-04-04 22:00:00,ETH/BTC,0.0755375,0.075735,0.07537,0.0756025,277.91654211170265,21.011185375
1649106000000.0,2022-04-04 21:00:00,ETH/BTC,0.0757975,0.07584,0.075405,0.0755375,211.41873665397983,15.97004282
1649102400000.0,2022-04-04 20:00:00,ETH/BTC,0.0760325,0.0760675,0.075775,0.0757975,88.04403891948942,6.67351804
1649098800000.0,2022-04-04 19:00:00,ETH/BTC,0.07605,0.0761625,0.07588,0.0760325,275.5459551507579,20.950447835
1649095200000.0,2022-04-04 18:00:00,ETH/BTC,0.075755,0.0760625,0.0755375,0.07605,340.5757699539776,25.900787305
1649091600000.0,2022-04-04 17:00:00,ETH/BTC,0.075495,0.075765,0.07545,0.075755,308.81774160121444,23.394488015
1649088000000.0,2022-04-04 16:00:00,ETH/BTC,0.0750525,0.0755,0.0749425,0.075495,285.5737356116299,21.55938917
1649084400000.0,2022-04-04 15:00:00,ETH/BTC,0.0751075,0.0752425,0.07496,0.0750525,505.00220688851147,37.9016781325
1649080800000.0,2022-04-04 14:00:00,ETH/BTC,0.0753975,0.0753975,0.07508,0.0751075,294.6869531338415,22.1332003325
1649077200000.0,2022-04-04 13:00:00,ETH/BTC,0.07536,0.0754625,0.0752,0.0753975,176.78107049305348,13.3288507625
1649073600000.0,2022-04-04 12:00:00,ETH/BTC,0.0753725,0.0755375,0.0752825,0.07536,193.26728937765395,14.5646229275
1649070000000.0,2022-04-04 11:00:00,ETH/BTC,0.07519,0.0753825,0.0751425,0.0753725,277.68389939964845,20.9297297075
1649066400000.0,2022-04-04 10:00:00,ETH/BTC,0.07556,0.0757225,0.07515,0.07519,560.3579459037106,42.1333139525
1649062800000.0,2022-04-04 09:00:00,ETH/BTC,0.07569,0.075825,0.07551,0.07556,182.33714111302277,13.7773943825
1649059200000.0,2022-04-04 08:00:00,ETH/BTC,0.0758625,0.075875,0.075685,0.07569,298.1204674659797,22.5647381825
1649055600000.0,2022-04-04 07:00:00,ETH/BTC,0.075815,0.0759975,0.075755,0.0758625,65.50102089306311,4.9690711975
1649052000000.0,2022-04-04 06:00:00,ETH/BTC,0.07584,0.07589,0.0757525,0.075815,34.029000230825034,2.5799086525
1649048400000.0,2022-04-04 05:00:00,ETH/BTC,0.0759,0.0759425,0.075815,0.07584,32.40524630801687,2.45761388
1649044800000.0,2022-04-04 04:00:00,ETH/BTC,0.07586,0.0760225,0.07586,0.0759,41.4526935770751,3.1462594425
1649041200000.0,2022-04-04 03:00:00,ETH/BTC,0.0760925,0.076095,0.0758475,0.07586,123.45193296862642,9.365063635
1649037600000.0,2022-04-04 02:00:00,ETH/BTC,0.0760325,0.076095,0.07594,0.0760925,64.30121979827184,4.8928405675
1649034000000.0,2022-04-04 01:00:00,ETH/BTC,0.075735,0.07609,0.0757325,0.0760325,269.57968845559463,20.4968176625
1649030400000.0,2022-04-04 00:00:00,ETH/BTC,0.0758825,0.076055,0.0756675,0.0757325,321.8606341399003,24.375310475
1649026800000.0,2022-04-03 23:00:00,ETH/BTC,0.0758975,0.0759475,0.07568,0.0758825,214.07811247652617,16.24478237
1649023200000.0,2022-04-03 22:00:00,ETH/BTC,0.0751425,0.07595,0.0751,0.0758975,737.4579082973747,55.971211595
1649019600000.0,2022-04-03 21:00:00,ETH/BTC,0.07533,0.0754,0.0751425,0.0751425,149.39728928369433,11.22608581
1649016000000.0,2022-04-03 20:00:00,ETH/BTC,0.0751525,0.075375,0.0751525,0.07533,115.08296332802337,8.6691996275
1649012400000.0,2022-04-03 19:00:00,ETH/BTC,0.0753275,0.075415,0.0751075,0.0751525,177.26105828149431,13.3216116825
1649008800000.0,2022-04-03 18:00:00,ETH/BTC,0.0752825,0.0753875,0.0752,0.0753275,158.09710902392882,11.90905998
1649005200000.0,2022-04-03 17:00:00,ETH/BTC,0.07535,0.0754075,0.07524,0.0752825,90.52306309567295,6.8148024975
1649001600000.0,2022-04-03 16:00:00,ETH/BTC,0.075425,0.0756,0.0753225,0.07535,235.96470119442603,17.779940235
1648998000000.0,2022-04-03 15:00:00,ETH/BTC,0.0753325,0.0755,0.0752525,0.075425,294.97297901889294,22.2483369425
1648994400000.0,2022-04-03 14:00:00,ETH/BTC,0.0753325,0.075385,0.075205,0.0753325,111.68790767596988,8.413729305
1648990800000.0,2022-04-03 13:00:00,ETH/BTC,0.0753125,0.0753975,0.0751475,0.0753325,133.8037785152491,10.079773145
1648987200000.0,2022-04-03 12:00:00,ETH/BTC,0.0753475,0.0755175,0.0752925,0.0753125,100.92238439834024,7.600717075
1648983600000.0,2022-04-03 11:00:00,ETH/BTC,0.0754525,0.0754675,0.0753075,0.0753475,48.67133906234447,3.66726372
1648980000000.0,2022-04-03 10:00:00,ETH/BTC,0.07537,0.0754775,0.0753025,0.0754525,107.43883277558729,8.10652853
1648976400000.0,2022-04-03 09:00:00,ETH/BTC,0.0751125,0.07559,0.0751125,0.07537,172.550116591482,13.0051022875
1648972800000.0,2022-04-03 08:00:00,ETH/BTC,0.075265,0.075375,0.07511,0.0751125,79.60719707106007,5.97949559
1648969200000.0,2022-04-03 07:00:00,ETH/BTC,0.0755025,0.0755025,0.0752,0.075265,86.46209888394341,6.5075698725
1648965600000.0,2022-04-03 06:00:00,ETH/BTC,0.075,0.075515,0.0749425,0.0755025,373.2949841727095,28.1847045425
1648962000000.0,2022-04-03 05:00:00,ETH/BTC,0.0749625,0.07514,0.07495,0.075,111.4060656,8.35545492
1648958400000.0,2022-04-03 04:00:00,ETH/BTC,0.07522,0.0753675,0.07495,0.0749625,156.71034267133567,11.7473990625
1648954800000.0,2022-04-03 03:00:00,ETH/BTC,0.074955,0.0753175,0.0749525,0.07522,165.8354778316937,12.4741446425
1648951200000.0,2022-04-03 02:00:00,ETH/BTC,0.0750275,0.0750775,0.07492,0.074955,44.71355706757388,3.35150467
1648947600000.0,2022-04-03 01:00:00,ETH/BTC,0.0752525,0.07527,0.0748875,0.0750275,560.7330779714106,42.0704010075
1648944000000.0,2022-04-03 00:00:00,ETH/BTC,0.0751675,0.0754125,0.0751675,0.0752525,307.9426664894854,23.17345551
1648940400000.0,2022-04-02 23:00:00,ETH/BTC,0.0751775,0.07528,0.0749725,0.0751675,171.16006089732932,12.8656738775
1648936800000.0,2022-04-02 22:00:00,ETH/BTC,0.0752125,0.075275,0.0750425,0.0751775,83.34964603771076,6.266018015
1648933200000.0,2022-04-02 21:00:00,ETH/BTC,0.07515,0.0752125,0.0749925,0.0752125,40.32020711317932,3.0325835775
1648929600000.0,2022-04-02 20:00:00,ETH/BTC,0.0752525,0.0752775,0.07504,0.07515,101.63096919494345,7.637567335
1648926000000.0,2022-04-02 19:00:00,ETH/BTC,0.0752925,0.07538,0.0752325,0.0752525,175.79195790837514,13.2287843125
1648922400000.0,2022-04-02 18:00:00,ETH/BTC,0.07498,0.07563,0.0749375,0.0752925,473.40414559883124,35.6437816325
1648918800000.0,2022-04-02 17:00:00,ETH/BTC,0.0750675,0.07515,0.0749525,0.07498,162.20473796345692,12.1621112525
1648915200000.0,2022-04-02 16:00:00,ETH/BTC,0.0747925,0.0751525,0.07473,0.0750675,216.46641672494755,16.2495927375
1648911600000.0,2022-04-02 15:00:00,ETH/BTC,0.0748725,0.07495,0.0745675,0.0747925,611.456137012401,45.7323331275
1648908000000.0,2022-04-02 14:00:00,ETH/BTC,0.074985,0.0750675,0.0747675,0.0748725,200.78611005375808,15.033358025
1648904400000.0,2022-04-02 13:00:00,ETH/BTC,0.075095,0.0752975,0.07497,0.074985,578.6311327265454,43.3886554875
1648900800000.0,2022-04-02 12:00:00,ETH/BTC,0.0749375,0.07534,0.074855,0.075095,230.4215687129636,17.3035077025
1648897200000.0,2022-04-02 11:00:00,ETH/BTC,0.0747925,0.07495,0.0747725,0.0749375,450.2729745120934,33.7423310275
1648893600000.0,2022-04-02 10:00:00,ETH/BTC,0.0748375,0.0749,0.074655,0.0747925,172.82058070662166,12.9256832825
1648890000000.0,2022-04-02 09:00:00,ETH/BTC,0.0746675,0.07485,0.0745525,0.0748375,391.6344772006013,29.3089451875
1648886400000.0,2022-04-02 08:00:00,ETH/BTC,0.074785,0.0748125,0.0745775,0.0746675,133.92645990558142,9.999953945
1648882800000.0,2022-04-02 07:00:00,ETH/BTC,0.0747975,0.0749,0.0747375,0.074785,256.4869060640503,19.18137327
1648879200000.0,2022-04-02 06:00:00,ETH/BTC,0.0748075,0.07489,0.0747,0.0747975,232.3824765533607,17.38162829
1648875600000.0,2022-04-02 05:00:00,ETH/BTC,0.074775,0.0748375,0.0746,0.0748075,454.86911506199243,34.027621325
1648872000000.0,2022-04-02 04:00:00,ETH/BTC,0.074565,0.07487,0.07443,0.0747725,473.7615714333478,35.4243371
1648868400000.0,2022-04-02 03:00:00,ETH/BTC,0.074615,0.074625,0.07447,0.074565,181.92642405954535,13.56534381
1648864800000.0,2022-04-02 02:00:00,ETH/BTC,0.0745025,0.0747125,0.0743575,0.074615,1045.2068897339677,77.9881120775
1648861200000.0,2022-04-02 01:00:00,ETH/BTC,0.0749025,0.074955,0.0744625,0.0745025,151.62456384013961,11.2964090675
1648857600000.0,2022-04-02 00:00:00,ETH/BTC,0.07465,0.07526,0.074545,0.0749025,552.9112546310203,41.41443525
1648854000000.0,2022-04-01 23:00:00,ETH/BTC,0.0744325,0.07465,0.0743025,0.07465,162.6135453784327,12.1391011625
1648850400000.0,2022-04-01 22:00:00,ETH/BTC,0.0745425,0.0745975,0.0742925,0.0744325,177.65668760286167,13.2234314
1648846800000.0,2022-04-01 21:00:00,ETH/BTC,0.0745825,0.07479,0.07453,0.0745425,64.91590485293625,4.8389938375
1648843200000.0,2022-04-01 20:00:00,ETH/BTC,0.07484,0.0748925,0.074575,0.0745825,170.86850946937957,12.7438006075
1648839600000.0,2022-04-01 19:00:00,ETH/BTC,0.0747625,0.074895,0.0745675,0.07484,363.85731764430784,27.2310816525
1648836000000.0,2022-04-01 18:00:00,ETH/BTC,0.07467,0.07478,0.074485,0.0747625,707.9693508109012,52.92955859
1648832400000.0,2022-04-01 17:00:00,ETH/BTC,0.0740825,0.07467,0.0740825,0.07467,659.7293076871568,49.261987405
1648828800000.0,2022-04-01 16:00:00,ETH/BTC,0.07377,0.0741,0.0737,0.0740825,550.2313383727601,40.762513125
1648825200000.0,2022-04-01 15:00:00,ETH/BTC,0.0741675,0.0742375,0.0735525,0.07377,975.2393980615426,71.943410395
1648821600000.0,2022-04-01 14:00:00,ETH/BTC,0.0737425,0.0743,0.0737375,0.0741675,987.6366513971753,73.2505413425
1648818000000.0,2022-04-01 13:00:00,ETH/BTC,0.073115,0.073845,0.0731,0.0737425,1349.4221008238126,99.50975927
1648814400000.0,2022-04-01 12:00:00,ETH/BTC,0.0728925,0.07313,0.07276,0.073115,364.71886196402926,26.6664195925
1648810800000.0,2022-04-01 11:00:00,ETH/BTC,0.0726125,0.07305,0.0726125,0.0728925,342.8951366052749,24.994483745
1648807200000.0,2022-04-01 10:00:00,ETH/BTC,0.0726225,0.0726575,0.07253,0.0726125,77.54181642279222,5.630505145
1648803600000.0,2022-04-01 09:00:00,ETH/BTC,0.0726525,0.07268,0.0725375,0.0726225,202.1367350339082,14.67967504
1648800000000.0,2022-04-01 08:00:00,ETH/BTC,0.0728575,0.0728775,0.0726525,0.0726525,395.5154150923919,28.735183695
1648796400000.0,2022-04-01 07:00:00,ETH/BTC,0.0728425,0.0729,0.0727025,0.0728575,178.30901135778745,12.991148795
1648792800000.0,2022-04-01 06:00:00,ETH/BTC,0.07283,0.0729,0.072735,0.0728425,208.04283766345196,15.1543604025
1648789200000.0,2022-04-01 05:00:00,ETH/BTC,0.0727575,0.073,0.072625,0.07283,255.13114962927364,18.5812016275
1648785600000.0,2022-04-01 04:00:00,ETH/BTC,0.0728975,0.07297,0.0726675,0.0727575,235.09639775968114,17.10502616
1648782000000.0,2022-04-01 03:00:00,ETH/BTC,0.0726825,0.0729725,0.07265,0.0728975,365.49821262731916,26.643905955
1648778400000.0,2022-04-01 02:00:00,ETH/BTC,0.0725,0.07274,0.072115,0.0726825,514.0348056272143,37.36133476
1648774800000.0,2022-04-01 01:00:00,ETH/BTC,0.0725125,0.0727775,0.0724025,0.0725,547.1116625172414,39.6655955325
1648771200000.0,2022-04-01 00:00:00,ETH/BTC,0.07211,0.0725425,0.07206,0.0725125,1322.3055331494572,95.8836799725
1648767600000.0,2022-03-31 23:00:00,ETH/BTC,0.07186,0.072285,0.0717875,0.07211,428.35334894605467,30.8885599925
1648764000000.0,2022-03-31 22:00:00,ETH/BTC,0.0718425,0.0718875,0.0714975,0.07186,262.1891347411634,18.8409112225
1648760400000.0,2022-03-31 21:00:00,ETH/BTC,0.0721125,0.0722,0.07175,0.0718425,277.1838156035773,19.9135782725
1648756800000.0,2022-03-31 20:00:00,ETH/BTC,0.0720525,0.0722,0.07188,0.0721125,120.90459382908651,8.7187325225
1648753200000.0,2022-03-31 19:00:00,ETH/BTC,0.071975,0.07217,0.0719025,0.0720525,347.5969420561396,25.0452286675
1648749600000.0,2022-03-31 18:00:00,ETH/BTC,0.0719025,0.07198,0.0715,0.071975,377.3990043765196,27.16329334
1648746000000.0,2022-03-31 17:00:00,ETH/BTC,0.0716,0.07195,0.0715625,0.0719025,474.63705809950983,34.12759107
1648742400000.0,2022-03-31 16:00:00,ETH/BTC,0.072115,0.0721575,0.071575,0.0716,754.2214988128493,54.002259315
1648738800000.0,2022-03-31 15:00:00,ETH/BTC,0.07241,0.0724475,0.0721,0.072115,374.2682158011509,26.9903523825
1648735200000.0,2022-03-31 14:00:00,ETH/BTC,0.0720475,0.072425,0.072,0.07241,730.6389488675597,52.9055662875
1648731600000.0,2022-03-31 13:00:00,ETH/BTC,0.0723575,0.07241,0.07202,0.0720475,344.24634470314726,24.80208852
1648728000000.0,2022-03-31 12:00:00,ETH/BTC,0.0723175,0.07256,0.0722625,0.0723575,358.0161542341844,25.90515388
1648724400000.0,2022-03-31 11:00:00,ETH/BTC,0.072275,0.07237,0.0721425,0.0723175,119.3047793411,8.62782338
1648720800000.0,2022-03-31 10:00:00,ETH/BTC,0.072275,0.072375,0.072205,0.072275,128.18114825319958,9.26429249
1648717200000.0,2022-03-31 09:00:00,ETH/BTC,0.0721175,0.07234,0.0720825,0.072275,421.04667592528534,30.4311485025
1648713600000.0,2022-03-31 08:00:00,ETH/BTC,0.0721575,0.072265,0.0721025,0.0721175,121.19920425000866,8.7405836125
1648710000000.0,2022-03-31 07:00:00,ETH/BTC,0.07217,0.072185,0.0721225,0.0721575,38.33763576204829,2.7663479525
1648706400000.0,2022-03-31 06:00:00,ETH/BTC,0.0720725,0.0721925,0.072045,0.07217,84.67471712622974,6.110974335
1648702800000.0,2022-03-31 05:00:00,ETH/BTC,0.0721425,0.0723,0.072065,0.0720725,104.43357071004891,7.526788525
1648699200000.0,2022-03-31 04:00:00,ETH/BTC,0.0721375,0.0722875,0.0721325,0.0721425,162.83716883251898,11.7474804525
1648695600000.0,2022-03-31 03:00:00,ETH/BTC,0.0721075,0.07224,0.07202,0.0721375,199.67860201005027,14.4043151525
1648692000000.0,2022-03-31 02:00:00,ETH/BTC,0.0721825,0.0722075,0.072105,0.0721075,60.20299348195402,4.3410873525
1648688400000.0,2022-03-31 01:00:00,ETH/BTC,0.072095,0.072225,0.0720325,0.0721825,130.52646451702284,9.421726525
1648684800000.0,2022-03-31 00:00:00,ETH/BTC,0.07193,0.07214,0.0719,0.072095,114.20091518135791,8.23331498
1648681200000.0,2022-03-30 23:00:00,ETH/BTC,0.071975,0.071975,0.07184,0.07193,139.67688631308218,10.0469584325
1648677600000.0,2022-03-30 22:00:00,ETH/BTC,0.0721325,0.072215,0.07194,0.071975,80.90003014935742,5.82277967
1648674000000.0,2022-03-30 21:00:00,ETH/BTC,0.0722225,0.0723,0.07208,0.0721325,420.70459179288116,30.3464739675
1648670400000.0,2022-03-30 20:00:00,ETH/BTC,0.072115,0.0722425,0.0719925,0.0722225,140.442614039946,10.1431166925
1648666800000.0,2022-03-30 19:00:00,ETH/BTC,0.0720925,0.07215,0.07184,0.072115,313.38939177008945,22.6000759875
1648663200000.0,2022-03-30 18:00:00,ETH/BTC,0.07211,0.0722675,0.07203,0.0720925,356.0390600617263,25.6677459375
1648659600000.0,2022-03-30 17:00:00,ETH/BTC,0.0718625,0.07215,0.0717775,0.07211,507.4292122105117,36.5907204925
1648656000000.0,2022-03-30 16:00:00,ETH/BTC,0.0717175,0.0719175,0.0716725,0.0718625,269.26838340580974,19.3502992025
1648652400000.0,2022-03-30 15:00:00,ETH/BTC,0.0716,0.071745,0.07141,0.0717175,256.3044861784083,18.3815169875
1648648800000.0,2022-03-30 14:00:00,ETH/BTC,0.0717075,0.0717125,0.07148,0.0716,312.0426798184358,22.342255875
1648645200000.0,2022-03-30 13:00:00,ETH/BTC,0.0719025,0.071905,0.07166,0.0717075,276.3381908796151,19.8155208225
1648641600000.0,2022-03-30 12:00:00,ETH/BTC,0.072035,0.072035,0.07187,0.0719025,149.2158181565314,10.728990365
1648638000000.0,2022-03-30 11:00:00,ETH/BTC,0.0718775,0.07207,0.071815,0.072035,125.6404590129798,9.050510465
1648634400000.0,2022-03-30 10:00:00,ETH/BTC,0.071695,0.0719425,0.071625,0.0718775,285.5351900455637,20.5235556225
1648630800000.0,2022-03-30 09:00:00,ETH/BTC,0.0717275,0.0718025,0.07162,0.071695,163.0580292558756,11.6904454075
1648627200000.0,2022-03-30 08:00:00,ETH/BTC,0.07193,0.0720075,0.0717,0.0717275,249.57231274615734,17.9011980625
1648623600000.0,2022-03-30 07:00:00,ETH/BTC,0.0717925,0.0719475,0.071705,0.07193,206.7665083761991,14.8727149475
1648620000000.0,2022-03-30 06:00:00,ETH/BTC,0.0717,0.0718,0.0716175,0.0717925,221.11288132465094,15.8742465325
1648616400000.0,2022-03-30 05:00:00,ETH/BTC,0.0713775,0.07178,0.07136,0.0717,149.62475955369595,10.72809526
1648612800000.0,2022-03-30 04:00:00,ETH/BTC,0.0713525,0.071495,0.0713,0.0713775,215.1529985289482,15.3570831525
1648609200000.0,2022-03-30 03:00:00,ETH/BTC,0.0713825,0.07147,0.0713325,0.0713525,230.1720158719036,16.4233487625
1648605600000.0,2022-03-30 02:00:00,ETH/BTC,0.0714175,0.071495,0.0713675,0.0713825,140.8062921234196,10.0511051475
1648602000000.0,2022-03-30 01:00:00,ETH/BTC,0.0713925,0.0717,0.071305,0.0714175,442.2456732593552,31.58408037
1648598400000.0,2022-03-30 00:00:00,ETH/BTC,0.07169,0.0717,0.07121,0.0713925,212.1279999649823,15.1443482375
1648594800000.0,2022-03-29 23:00:00,ETH/BTC,0.0715375,0.0717,0.0713925,0.07169,127.17484645696749,9.1171647425
1648591200000.0,2022-03-29 22:00:00,ETH/BTC,0.071405,0.0716,0.071165,0.0715375,429.0302909662764,30.69175444
1648587600000.0,2022-03-29 21:00:00,ETH/BTC,0.071565,0.0717,0.0712375,0.071405,274.685027624116,19.6138843975
1648584000000.0,2022-03-29 20:00:00,ETH/BTC,0.07189,0.07189,0.071515,0.071565,264.7420350380773,18.9462637375
1648580400000.0,2022-03-29 19:00:00,ETH/BTC,0.0718475,0.0720275,0.0718375,0.07189,180.21220176658784,12.955455185
1648576800000.0,2022-03-29 18:00:00,ETH/BTC,0.071665,0.0718625,0.071615,0.0718475,68.03689067121334,4.8882805025
1648573200000.0,2022-03-29 17:00:00,ETH/BTC,0.0720625,0.0720625,0.0716,0.071665,399.7810375706411,28.6503080575
1648569600000.0,2022-03-29 16:00:00,ETH/BTC,0.071725,0.0720925,0.0714975,0.0720625,389.46355073720724,28.065717125
1648566000000.0,2022-03-29 15:00:00,ETH/BTC,0.07215,0.0721575,0.07154,0.071725,1187.2103780411294,85.152664365
1648562400000.0,2022-03-29 14:00:00,ETH/BTC,0.0721925,0.0722575,0.0721,0.07215,435.68217536382537,31.4344689525
1648558800000.0,2022-03-29 13:00:00,ETH/BTC,0.0724125,0.072515,0.07194,0.0721925,373.738765557364,26.9811358325
1648555200000.0,2022-03-29 12:00:00,ETH/BTC,0.0723425,0.0725125,0.0722975,0.0724125,699.757001139306,50.671153845
1648551600000.0,2022-03-29 11:00:00,ETH/BTC,0.072125,0.07235,0.0720425,0.0723425,1204.554764937623,87.1405030825
1648548000000.0,2022-03-29 10:00:00,ETH/BTC,0.0720025,0.07222,0.0719775,0.072125,550.8498903292896,39.73004834
1648544400000.0,2022-03-29 09:00:00,ETH/BTC,0.0717725,0.0721325,0.0717475,0.0720025,527.2473783896393,37.9631293625
1648540800000.0,2022-03-29 08:00:00,ETH/BTC,0.07151,0.07184,0.07151,0.0717725,262.4248252116061,18.8348857675
1648537200000.0,2022-03-29 07:00:00,ETH/BTC,0.0718175,0.0718175,0.0715075,0.07151,709.561357467487,50.7407326725
1648533600000.0,2022-03-29 06:00:00,ETH/BTC,0.0715125,0.0718475,0.07147,0.0718175,693.6699805409544,49.8176438275
1648530000000.0,2022-03-29 05:00:00,ETH/BTC,0.07119,0.0716675,0.0711,0.0715125,851.1067171473518,60.86476911
1648526400000.0,2022-03-29 04:00:00,ETH/BTC,0.0711725,0.0713575,0.0711,0.07119,618.4810820339935,44.02966823
1648522800000.0,2022-03-29 03:00:00,ETH/BTC,0.0711825,0.071325,0.071135,0.0711725,183.4493154308195,13.0565464025
1648519200000.0,2022-03-29 02:00:00,ETH/BTC,0.0712775,0.0714775,0.0711725,0.0711825,422.1020280967935,30.046277615
1648515600000.0,2022-03-29 01:00:00,ETH/BTC,0.0709725,0.0713,0.070965,0.0712775,248.5616863666655,17.7168556
1648512000000.0,2022-03-29 00:00:00,ETH/BTC,0.070725,0.0710225,0.0707175,0.0709725,211.93022138856603,15.0412176375
1648508400000.0,2022-03-28 23:00:00,ETH/BTC,0.0709225,0.07099,0.07066,0.070725,156.94203467656416,11.0997254025
1648504800000.0,2022-03-28 22:00:00,ETH/BTC,0.0709725,0.070995,0.070775,0.0709225,270.3739701787162,19.1755979
1648501200000.0,2022-03-28 21:00:00,ETH/BTC,0.071235,0.07127,0.070805,0.0709725,456.5723802881398,32.40408326
1648497600000.0,2022-03-28 20:00:00,ETH/BTC,0.07112,0.0712575,0.07106,0.071235,277.7739434617814,19.7872268625
1648494000000.0,2022-03-28 19:00:00,ETH/BTC,0.07122,0.0713375,0.0710875,0.07112,314.44592899325085,22.36339447
1648490400000.0,2022-03-28 18:00:00,ETH/BTC,0.0711175,0.0713925,0.070905,0.07122,274.2105057568099,19.52927222
1648486800000.0,2022-03-28 17:00:00,ETH/BTC,0.0707975,0.0711175,0.0707125,0.0711175,290.10471301015923,20.6315219275
1648483200000.0,2022-03-28 16:00:00,ETH/BTC,0.07082,0.0709075,0.0704625,0.0707975,974.3450920936475,68.9811966575
1648479600000.0,2022-03-28 15:00:00,ETH/BTC,0.071205,0.0713,0.07082,0.07082,382.95690426433214,27.12100796
1648476000000.0,2022-03-28 14:00:00,ETH/BTC,0.07081,0.0712475,0.07081,0.071205,268.43051601011166,19.1135948925
1648472400000.0,2022-03-28 13:00:00,ETH/BTC,0.070695,0.07108,0.070695,0.07081,1450.0654663536222,102.6791356725
1648468800000.0,2022-03-28 12:00:00,ETH/BTC,0.0708225,0.07085,0.07066,0.070695,128.4247751255393,9.0789894775
1648465200000.0,2022-03-28 11:00:00,ETH/BTC,0.0709325,0.0709325,0.07075,0.0708225,226.071981608952,16.0109829175
1648461600000.0,2022-03-28 10:00:00,ETH/BTC,0.0708175,0.0709925,0.07074,0.0709325,269.4882200331301,19.1154731675
1648458000000.0,2022-03-28 09:00:00,ETH/BTC,0.07065,0.07093,0.0706425,0.0708175,442.8598440004236,31.3622270025
1648454400000.0,2022-03-28 08:00:00,ETH/BTC,0.0706325,0.07076,0.070555,0.07065,90.95220010615711,6.4257729375
1648450800000.0,2022-03-28 07:00:00,ETH/BTC,0.07073,0.07076,0.07055,0.0706325,353.16432262060664,24.9448790175
1648447200000.0,2022-03-28 06:00:00,ETH/BTC,0.07061,0.07075,0.0705975,0.07073,320.0776342428955,22.63909107
1648443600000.0,2022-03-28 05:00:00,ETH/BTC,0.07042,0.070625,0.0703525,0.07061,220.22025711655573,15.549752355
1648440000000.0,2022-03-28 04:00:00,ETH/BTC,0.070415,0.0704925,0.070325,0.07042,194.15267392076115,13.6722312975
1648436400000.0,2022-03-28 03:00:00,ETH/BTC,0.07035,0.0706025,0.070345,0.070415,332.6829606617908,23.425870675
1648432800000.0,2022-03-28 02:00:00,ETH/BTC,0.07033,0.07048,0.0703125,0.07035,150.36076126510306,10.577879555
1648429200000.0,2022-03-28 01:00:00,ETH/BTC,0.0701575,0.0704375,0.0700775,0.07033,406.2659674392151,28.57268549
1648425600000.0,2022-03-28 00:00:00,ETH/BTC,0.0703975,0.0703975,0.0698225,0.0701575,515.2468468089655,36.148430655
1648422000000.0,2022-03-27 23:00:00,ETH/BTC,0.07015,0.07043,0.0701425,0.0703975,472.4729295074399,33.260913055
1648418400000.0,2022-03-27 22:00:00,ETH/BTC,0.070425,0.0704725,0.0700075,0.07015,635.3881875267284,44.572481355
1648414800000.0,2022-03-27 21:00:00,ETH/BTC,0.0702475,0.07081,0.0699925,0.070425,1463.5025247781327,103.0671653075
1648411200000.0,2022-03-27 20:00:00,ETH/BTC,0.0708225,0.0708675,0.0697925,0.0702475,1939.8652758461155,136.270685965
1648407600000.0,2022-03-27 19:00:00,ETH/BTC,0.07089,0.07089,0.07081,0.0708225,37.09485064774613,2.62715006
1648404000000.0,2022-03-27 18:00:00,ETH/BTC,0.07078,0.07093,0.0707575,0.07089,176.95399806037526,12.5442689225
1648400400000.0,2022-03-27 17:00:00,ETH/BTC,0.0707875,0.07088,0.070775,0.07078,79.5277883229726,5.6289768575
1648396800000.0,2022-03-27 16:00:00,ETH/BTC,0.0707,0.0709225,0.07064,0.0707875,413.7758425569486,29.290157455
1648393200000.0,2022-03-27 15:00:00,ETH/BTC,0.0705225,0.07077,0.0705225,0.0707,872.2052330268741,61.664909975
1648389600000.0,2022-03-27 14:00:00,ETH/BTC,0.0704775,0.0705875,0.0704,0.0705225,212.74109940090042,15.0030341825
1648386000000.0,2022-03-27 13:00:00,ETH/BTC,0.0703775,0.0705675,0.07037,0.0704775,238.64797690752368,16.8193127925
1648382400000.0,2022-03-27 12:00:00,ETH/BTC,0.0705725,0.0705725,0.0703775,0.0703775,81.14126578096693,5.7105194325
1648378800000.0,2022-03-27 11:00:00,ETH/BTC,0.07067,0.07069,0.0705225,0.0705725,64.60865174111728,4.559594075
1648375200000.0,2022-03-27 10:00:00,ETH/BTC,0.0705325,0.07068,0.0705025,0.07067,168.45509247205322,11.904721385
1648371600000.0,2022-03-27 09:00:00,ETH/BTC,0.0704875,0.070635,0.070475,0.0705325,60.79071261475206,4.2877209375
1648368000000.0,2022-03-27 08:00:00,ETH/BTC,0.0705525,0.0706,0.0704775,0.0704875,37.85488412839156,2.668296145
1648364400000.0,2022-03-27 07:00:00,ETH/BTC,0.07054,0.070595,0.07049,0.0705525,169.80139413911627,11.97991286
1648360800000.0,2022-03-27 06:00:00,ETH/BTC,0.070355,0.0705975,0.0703525,0.07054,135.95750038984974,9.5904420775
1648357200000.0,2022-03-27 05:00:00,ETH/BTC,0.0704,0.07045,0.07035,0.070355,167.6689738469192,11.796350655
1648353600000.0,2022-03-27 04:00:00,ETH/BTC,0.0703275,0.0704,0.07028,0.0704,245.70207876420454,17.297426345
1648350000000.0,2022-03-27 03:00:00,ETH/BTC,0.07061,0.070635,0.070315,0.0703275,188.63470338772171,13.2662071025
1648346400000.0,2022-03-27 02:00:00,ETH/BTC,0.070435,0.070635,0.07022,0.07061,357.6725185526129,25.255256535
1648342800000.0,2022-03-27 01:00:00,ETH/BTC,0.0704625,0.0704975,0.0704325,0.070435,201.79468683892952,14.2134087675
1648339200000.0,2022-03-27 00:00:00,ETH/BTC,0.070635,0.0706875,0.07038,0.0704625,229.69426620542842,16.1848322325
1648335600000.0,2022-03-26 23:00:00,ETH/BTC,0.0706475,0.0707475,0.07058,0.070635,70.35782444963544,4.96972493
1648332000000.0,2022-03-26 22:00:00,ETH/BTC,0.07062,0.07071,0.070575,0.0706475,292.7450767896953,20.6817078125
1648328400000.0,2022-03-26 21:00:00,ETH/BTC,0.0705275,0.0706225,0.0705025,0.07062,177.47115399320307,12.533012895
1648324800000.0,2022-03-26 20:00:00,ETH/BTC,0.07038,0.0705275,0.0701075,0.0705275,477.91263911240287,33.705983655
1648321200000.0,2022-03-26 19:00:00,ETH/BTC,0.07031,0.07038,0.07022,0.07038,212.72993325518615,14.9719327025
1648317600000.0,2022-03-26 18:00:00,ETH/BTC,0.070335,0.070335,0.070235,0.07031,166.22358117621962,11.6871799925
1648314000000.0,2022-03-26 17:00:00,ETH/BTC,0.0705375,0.07054,0.070335,0.070335,48.812195386365254,3.4332057625
1648310400000.0,2022-03-26 16:00:00,ETH/BTC,0.070505,0.0705475,0.0704575,0.0705375,69.06865174552543,4.8719300225
1648306800000.0,2022-03-26 15:00:00,ETH/BTC,0.070445,0.0706,0.07041,0.070505,581.2670404581236,40.9822326875
1648303200000.0,2022-03-26 14:00:00,ETH/BTC,0.0703425,0.0704725,0.0703425,0.070445,84.27927773440273,5.93705372
1648299600000.0,2022-03-26 13:00:00,ETH/BTC,0.070425,0.0705,0.0703425,0.0703425,148.78638316096243,10.4660061575
1648296000000.0,2022-03-26 12:00:00,ETH/BTC,0.07041,0.07044,0.0702375,0.070425,154.94936886758964,10.9123093025
1648292400000.0,2022-03-26 11:00:00,ETH/BTC,0.0702875,0.070525,0.0702825,0.07041,283.9713115679591,19.9944200475
1648288800000.0,2022-03-26 10:00:00,ETH/BTC,0.07031,0.07034,0.0702275,0.0702875,25.01677684510048,1.7583667025
1648285200000.0,2022-03-26 09:00:00,ETH/BTC,0.0703475,0.070365,0.0702125,0.07031,69.53864706300669,4.889262275
1648281600000.0,2022-03-26 08:00:00,ETH/BTC,0.0704425,0.070475,0.07031,0.0703475,197.64982995131314,13.9041714125
1648278000000.0,2022-03-26 07:00:00,ETH/BTC,0.07023,0.0704725,0.07018,0.0704425,160.86252439933278,11.331558375
1648274400000.0,2022-03-26 06:00:00,ETH/BTC,0.07024,0.0703,0.0702075,0.07023,106.33073173857326,7.46760729
1648270800000.0,2022-03-26 05:00:00,ETH/BTC,0.0700625,0.0702675,0.070005,0.07024,216.77109157887244,15.2260014725
1648267200000.0,2022-03-26 04:00:00,ETH/BTC,0.070025,0.070075,0.0698575,0.0700625,323.52924695807314,22.667267865
1648263600000.0,2022-03-26 03:00:00,ETH/BTC,0.0700175,0.0700775,0.07001,0.070025,53.94418232774009,3.7774413675
1648260000000.0,2022-03-26 02:00:00,ETH/BTC,0.07014,0.070145,0.0700025,0.0700175,48.05223033527333,3.3644970375
1648256400000.0,2022-03-26 01:00:00,ETH/BTC,0.0699925,0.07018,0.0699825,0.07014,129.60926732249786,9.09079401
1648252800000.0,2022-03-26 00:00:00,ETH/BTC,0.0700225,0.0701,0.069835,0.0699925,189.38091802693145,13.255243905
1648249200000.0,2022-03-25 23:00:00,ETH/BTC,0.0699725,0.07007,0.069905,0.0700225,112.20784415723517,7.8570737675
1648245600000.0,2022-03-25 22:00:00,ETH/BTC,0.0701,0.0701025,0.0699075,0.0699725,180.72742020079315,12.64594941
1648242000000.0,2022-03-25 21:00:00,ETH/BTC,0.0701625,0.0701625,0.06989,0.0701,379.893404422254,26.63052765
1648238400000.0,2022-03-25 20:00:00,ETH/BTC,0.0700675,0.070185,0.0699825,0.0701625,325.8016981293426,22.859061645
1648234800000.0,2022-03-25 19:00:00,ETH/BTC,0.070245,0.070245,0.0698075,0.0700675,384.81628968494664,26.9631153775
1648231200000.0,2022-03-25 18:00:00,ETH/BTC,0.0699875,0.070455,0.06997,0.070245,673.8617337888817,47.33541749
1648227600000.0,2022-03-25 17:00:00,ETH/BTC,0.0701075,0.070125,0.0698925,0.0699875,1863.988125522415,130.455868935
1648224000000.0,2022-03-25 16:00:00,ETH/BTC,0.07041,0.0704925,0.0700775,0.0701075,685.1861471311913,48.03668781
1648220400000.0,2022-03-25 15:00:00,ETH/BTC,0.070705,0.0707575,0.0703125,0.07041,779.7605610353643,54.9029411025
1648216800000.0,2022-03-25 14:00:00,ETH/BTC,0.07062,0.0707775,0.070565,0.070705,1059.710393571883,74.9268233775
1648213200000.0,2022-03-25 13:00:00,ETH/BTC,0.0709875,0.0710175,0.07062,0.07062,456.7890339847069,32.25844158
1648209600000.0,2022-03-25 12:00:00,ETH/BTC,0.0710475,0.0711875,0.07096,0.0709875,481.58643778834306,34.1866172525
1648206000000.0,2022-03-25 11:00:00,ETH/BTC,0.071135,0.0711875,0.071,0.0710475,522.8173972342447,37.14486903
1648202400000.0,2022-03-25 10:00:00,ETH/BTC,0.07107,0.0711575,0.07097,0.071135,200.23060863147535,14.243404345
1648198800000.0,2022-03-25 09:00:00,ETH/BTC,0.0710375,0.071115,0.0709,0.07107,276.22880892078234,19.63158145
1648195200000.0,2022-03-25 08:00:00,ETH/BTC,0.071255,0.071255,0.071,0.07104,138.25089041385135,9.821343255
1648191600000.0,2022-03-25 07:00:00,ETH/BTC,0.0712575,0.07126,0.0711575,0.071255,53.17436274647393,3.7889392175
1648188000000.0,2022-03-25 06:00:00,ETH/BTC,0.0709475,0.0712775,0.0709475,0.0712575,165.37460730449425,11.78418108
1648184400000.0,2022-03-25 05:00:00,ETH/BTC,0.0713175,0.071335,0.070945,0.0709475,625.0090619472145,44.3428304225
1648180800000.0,2022-03-25 04:00:00,ETH/BTC,0.0713,0.071435,0.071285,0.0713175,520.9253580818172,37.151094225
1648177200000.0,2022-03-25 03:00:00,ETH/BTC,0.07104,0.0713,0.070995,0.0713,153.50160802945302,10.9446646525
1648173600000.0,2022-03-25 02:00:00,ETH/BTC,0.070795,0.0713025,0.0707,0.07104,729.7809011472409,51.8436352175
1648170000000.0,2022-03-25 01:00:00,ETH/BTC,0.0705925,0.07083,0.0704725,0.070795,722.3009572709938,51.13529627
1648166400000.0,2022-03-25 00:00:00,ETH/BTC,0.0707275,0.0707675,0.07055,0.0705925,115.6009518008287,8.16056019
1648162800000.0,2022-03-24 23:00:00,ETH/BTC,0.0707775,0.070785,0.070695,0.0707275,56.02960160475063,3.9628336475
1648159200000.0,2022-03-24 22:00:00,ETH/BTC,0.070585,0.070785,0.070525,0.0707775,296.68939896153444,20.998933935
1648155600000.0,2022-03-24 21:00:00,ETH/BTC,0.070735,0.070775,0.070525,0.070585,418.72851866543886,29.55595249
1648152000000.0,2022-03-24 20:00:00,ETH/BTC,0.0707625,0.0708125,0.070655,0.070735,239.26237499116417,16.924224095
1648148400000.0,2022-03-24 19:00:00,ETH/BTC,0.0706225,0.07089,0.0706225,0.0707625,556.4302209856916,39.3743935125
1648144800000.0,2022-03-24 18:00:00,ETH/BTC,0.0706975,0.0706975,0.070485,0.0706225,1063.253974158377,75.08965379
1648141200000.0,2022-03-24 17:00:00,ETH/BTC,0.070655,0.070785,0.070605,0.0706975,1047.2400079210722,74.03725046
1648137600000.0,2022-03-24 16:00:00,ETH/BTC,0.0708325,0.070835,0.070535,0.070655,1090.8025666973322,77.07065535
1648134000000.0,2022-03-24 15:00:00,ETH/BTC,0.07064,0.0711075,0.070555,0.0708325,995.8214875939716,70.53652552
1648130400000.0,2022-03-24 14:00:00,ETH/BTC,0.0704325,0.0708,0.07036,0.07064,363.52352226075885,25.6793016125
1648126800000.0,2022-03-24 13:00:00,ETH/BTC,0.070345,0.0705475,0.070325,0.0704325,982.2044130195578,69.17911232
1648123200000.0,2022-03-24 12:00:00,ETH/BTC,0.07094,0.07101,0.0703125,0.0703425,1036.738804812169,72.9267993775
1648119600000.0,2022-03-24 11:00:00,ETH/BTC,0.071015,0.07108,0.0709325,0.07094,247.61084166196784,17.5655131075
1648116000000.0,2022-03-24 10:00:00,ETH/BTC,0.070855,0.07108,0.0707825,0.071015,310.71026466239533,22.065089445
1648112400000.0,2022-03-24 09:00:00,ETH/BTC,0.07083,0.071185,0.0706875,0.070855,850.6651415567003,60.273878605
1648108800000.0,2022-03-24 08:00:00,ETH/BTC,0.07052,0.0709,0.070495,0.07083,1293.047661795849,91.586565885
1648105200000.0,2022-03-24 07:00:00,ETH/BTC,0.07077,0.07079,0.0704825,0.07052,429.3845113797504,30.2801957425
1648101600000.0,2022-03-24 06:00:00,ETH/BTC,0.0708775,0.070945,0.07066,0.07077,440.9027970185107,31.202690945
1648098000000.0,2022-03-24 05:00:00,ETH/BTC,0.0705525,0.070935,0.070525,0.0708775,510.6523882050016,36.193764645
1648094400000.0,2022-03-24 04:00:00,ETH/BTC,0.070635,0.0706925,0.070385,0.0705525,165.8025515396336,11.6977845175
1648090800000.0,2022-03-24 03:00:00,ETH/BTC,0.0705925,0.0707925,0.07059,0.070635,93.44238369788349,6.6003027725
1648087200000.0,2022-03-24 02:00:00,ETH/BTC,0.0706725,0.0707325,0.0704025,0.0705925,265.1564346779049,18.718055615
1648083600000.0,2022-03-24 01:00:00,ETH/BTC,0.0708575,0.0708675,0.0705125,0.0706725,256.26250886129685,18.1107121575
1648080000000.0,2022-03-24 00:00:00,ETH/BTC,0.0707975,0.0714375,0.0707375,0.0708575,995.2625410154183,70.5218155
1648076400000.0,2022-03-23 23:00:00,ETH/BTC,0.0707125,0.0708,0.0705375,0.0707975,164.64830714361383,11.656688525
1648072800000.0,2022-03-23 22:00:00,ETH/BTC,0.0707125,0.07098,0.0706775,0.0707125,138.5643938483295,9.7982347
1648069200000.0,2022-03-23 21:00:00,ETH/BTC,0.07041,0.0708675,0.0703425,0.0707125,487.3785479582818,34.4637555725
1648065600000.0,2022-03-23 20:00:00,ETH/BTC,0.070175,0.07046,0.0701675,0.07041,54.76143356767504,3.8557525375
1648062000000.0,2022-03-23 19:00:00,ETH/BTC,0.07021,0.07028,0.0701525,0.070175,113.87497655860349,7.99117648
1648058400000.0,2022-03-23 18:00:00,ETH/BTC,0.07032,0.0705475,0.0702,0.07021,167.74955579689504,11.7776963125
1648054800000.0,2022-03-23 17:00:00,ETH/BTC,0.0708275,0.070875,0.070285,0.07032,1533.3941848336178,107.8282790775
1648051200000.0,2022-03-23 16:00:00,ETH/BTC,0.07114,0.0711975,0.0706825,0.0708275,988.4518696127917,70.009574795
1648047600000.0,2022-03-23 15:00:00,ETH/BTC,0.07086,0.071185,0.070775,0.07114,558.1529432457127,39.7070003825
1648044000000.0,2022-03-23 14:00:00,ETH/BTC,0.07026,0.0708975,0.07026,0.07086,930.8689994002257,65.9613772975
1648040400000.0,2022-03-23 13:00:00,ETH/BTC,0.0699425,0.0702825,0.06993,0.07026,246.99532966837458,17.3538918625
1648036800000.0,2022-03-23 12:00:00,ETH/BTC,0.07017,0.070275,0.06987,0.0699425,231.55581384708867,16.19559251
1648033200000.0,2022-03-23 11:00:00,ETH/BTC,0.0702125,0.0704,0.070145,0.07017,162.56382570899245,11.40710365
1648029600000.0,2022-03-23 10:00:00,ETH/BTC,0.070085,0.0703325,0.07004,0.0702125,221.14381773188538,15.5270603025
1648026000000.0,2022-03-23 09:00:00,ETH/BTC,0.0699875,0.070145,0.0699425,0.070085,159.1724036883784,11.1555979125
1648022400000.0,2022-03-23 08:00:00,ETH/BTC,0.0700625,0.0700625,0.0697775,0.0699875,265.43719264154316,18.57728552
1648018800000.0,2022-03-23 07:00:00,ETH/BTC,0.07001,0.070145,0.0699275,0.0700625,191.31741409455842,13.404176325
1648015200000.0,2022-03-23 06:00:00,ETH/BTC,0.07016,0.07028,0.07,0.07001,115.35220768461647,8.07580806
1648011600000.0,2022-03-23 05:00:00,ETH/BTC,0.0700525,0.07028,0.070025,0.07016,119.75059898802738,8.401702025
1648008000000.0,2022-03-23 04:00:00,ETH/BTC,0.0700375,0.07016,0.0699175,0.0700525,331.63356529031796,23.2317603325
1648004400000.0,2022-03-23 03:00:00,ETH/BTC,0.0703175,0.07038,0.0700375,0.0700375,243.58000057112264,17.05973429
1648000800000.0,2022-03-23 02:00:00,ETH/BTC,0.06992,0.0704,0.0698925,0.0703175,1294.046671098944,90.994126795
1647997200000.0,2022-03-23 01:00:00,ETH/BTC,0.0701375,0.070175,0.069705,0.06992,341.8845192005149,23.9045655825
1647993600000.0,2022-03-23 00:00:00,ETH/BTC,0.0701125,0.070165,0.07,0.0701375,394.40179682765995,27.662356025
1647990000000.0,2022-03-22 23:00:00,ETH/BTC,0.07053,0.0706425,0.07006,0.0701125,272.3359573542521,19.09415481
1647986400000.0,2022-03-22 22:00:00,ETH/BTC,0.0704025,0.070575,0.0703825,0.07053,55.208848326953074,3.8938800725
1647982800000.0,2022-03-22 21:00:00,ETH/BTC,0.0704775,0.0704975,0.07033,0.0704025,165.6288378253613,11.660684255
1647979200000.0,2022-03-22 20:00:00,ETH/BTC,0.070605,0.0707475,0.0704775,0.0704775,192.6143355680891,13.574976835
1647975600000.0,2022-03-22 19:00:00,ETH/BTC,0.070505,0.0706675,0.0704925,0.070605,819.0594188796828,57.82969027
1647972000000.0,2022-03-22 18:00:00,ETH/BTC,0.0705475,0.0706025,0.0703625,0.070505,375.66460095028725,26.48623269
1647968400000.0,2022-03-22 17:00:00,ETH/BTC,0.070545,0.07066,0.0705125,0.0705475,114.06936284063929,8.047308375
1647964800000.0,2022-03-22 16:00:00,ETH/BTC,0.07054,0.0706725,0.0705,0.070545,318.4137767382522,22.46249988
1647961200000.0,2022-03-22 15:00:00,ETH/BTC,0.0703475,0.0706,0.0703475,0.07054,1504.9491904947547,106.1591158975
1647957600000.0,2022-03-22 14:00:00,ETH/BTC,0.0700925,0.07036,0.070055,0.0703475,351.50401584988805,24.727428755
1647954000000.0,2022-03-22 13:00:00,ETH/BTC,0.070045,0.07019,0.06997,0.0700925,340.02781221243356,23.8333994275
1647950400000.0,2022-03-22 12:00:00,ETH/BTC,0.070255,0.0704,0.0700275,0.070045,386.195499785852,27.0510637825
1647946800000.0,2022-03-22 11:00:00,ETH/BTC,0.07047,0.0705,0.0702,0.070255,145.6518496192442,10.232770695
1647943200000.0,2022-03-22 10:00:00,ETH/BTC,0.070775,0.070775,0.0703825,0.07047,334.09717283950613,23.54382777
1647939600000.0,2022-03-22 09:00:00,ETH/BTC,0.0708325,0.0708325,0.0706625,0.070775,345.628735605793,24.4618737625
1647936000000.0,2022-03-22 08:00:00,ETH/BTC,0.07089,0.07112,0.07076,0.0708325,370.5108727279144,26.2442113925
1647932400000.0,2022-03-22 07:00:00,ETH/BTC,0.07065,0.0709,0.07063,0.07089,44.44348645789251,3.150598755
1647928800000.0,2022-03-22 06:00:00,ETH/BTC,0.0703175,0.0708525,0.07014,0.07065,494.3928326963906,34.92885363
1647925200000.0,2022-03-22 05:00:00,ETH/BTC,0.070425,0.0705225,0.0702675,0.0703175,353.28276606108005,24.8419609025
1647921600000.0,2022-03-22 04:00:00,ETH/BTC,0.0711875,0.0712425,0.0702725,0.0704325,813.2673542043801,57.280452925
1647918000000.0,2022-03-22 03:00:00,ETH/BTC,0.070845,0.0714475,0.07065,0.0711875,1890.3202377524144,134.567171925
1647914400000.0,2022-03-22 02:00:00,ETH/BTC,0.0703575,0.07098,0.0702675,0.070845,1026.8461192744724,72.74691332
1647910800000.0,2022-03-22 01:00:00,ETH/BTC,0.070575,0.070675,0.070305,0.0703575,376.69980304160896,26.5036563925
1647907200000.0,2022-03-22 00:00:00,ETH/BTC,0.070475,0.0707,0.0704475,0.070575,239.36692678002126,16.8933208575
1647903600000.0,2022-03-21 23:00:00,ETH/BTC,0.07072,0.070845,0.0704025,0.070475,536.1191332742108,37.7829959175
1647900000000.0,2022-03-21 22:00:00,ETH/BTC,0.0707175,0.07084,0.0705875,0.07072,133.29401003959273,9.42655239
1647896400000.0,2022-03-21 21:00:00,ETH/BTC,0.0707675,0.070825,0.070605,0.0707175,79.30529593099304,5.608272265
1647892800000.0,2022-03-21 20:00:00,ETH/BTC,0.0708675,0.0709675,0.07076,0.0707675,299.3352391987848,21.18320654
1647889200000.0,2022-03-21 19:00:00,ETH/BTC,0.07096,0.0710675,0.0707825,0.0708675,171.9818577627262,12.187924305
1647885600000.0,2022-03-21 18:00:00,ETH/BTC,0.071125,0.071145,0.0709425,0.07096,370.95666005496054,26.3230845975
1647882000000.0,2022-03-21 17:00:00,ETH/BTC,0.0712625,0.071325,0.071,0.071125,414.5830750790862,29.487221215
1647878400000.0,2022-03-21 16:00:00,ETH/BTC,0.071675,0.0718075,0.071205,0.0712625,2160.178512085599,153.9397212175
1647874800000.0,2022-03-21 15:00:00,ETH/BTC,0.0712475,0.07172,0.0712475,0.071675,2373.14086662016,170.094871615
1647871200000.0,2022-03-21 14:00:00,ETH/BTC,0.0709125,0.0712475,0.07087,0.0712475,3808.361145408611,271.3362107075
1647867600000.0,2022-03-21 13:00:00,ETH/BTC,0.07067,0.0709625,0.07066,0.0709125,798.2900627533932,56.608744075
1647864000000.0,2022-03-21 12:00:00,ETH/BTC,0.0704625,0.0707,0.0703975,0.07067,282.30003841799913,19.950143715
1647860400000.0,2022-03-21 11:00:00,ETH/BTC,0.070415,0.0705425,0.070415,0.0704625,90.17827124356928,6.3541864375
1647856800000.0,2022-03-21 10:00:00,ETH/BTC,0.07047,0.0705,0.07029,0.070415,530.7025139174891,37.3694175175
1647853200000.0,2022-03-21 09:00:00,ETH/BTC,0.070005,0.0705,0.06988,0.07047,392.71388693770393,27.6745476125
1647849600000.0,2022-03-21 08:00:00,ETH/BTC,0.0703075,0.07041,0.0699525,0.070005,510.96826465966717,35.7703333675
1647846000000.0,2022-03-21 07:00:00,ETH/BTC,0.0700425,0.070455,0.07,0.070315,663.7714529616725,46.673089715
1647842400000.0,2022-03-21 06:00:00,ETH/BTC,0.07007,0.0701325,0.0699675,0.0700425,401.9138917442981,28.1510537625
1647838800000.0,2022-03-21 05:00:00,ETH/BTC,0.0696275,0.0701125,0.0696025,0.07007,381.9939581133153,26.766316645
1647835200000.0,2022-03-21 04:00:00,ETH/BTC,0.06965,0.06977,0.0695475,0.0696275,41.2412717317152,2.8715266475
1647831600000.0,2022-03-21 03:00:00,ETH/BTC,0.0697125,0.069715,0.0695675,0.06965,217.16948772433597,15.12585482
1647828000000.0,2022-03-21 02:00:00,ETH/BTC,0.0695075,0.0699625,0.0695025,0.0697125,417.2089762596378,29.0846807575
1647824400000.0,2022-03-21 01:00:00,ETH/BTC,0.0693275,0.0695175,0.0693025,0.0695075,178.75646167679747,12.42491476
1647820800000.0,2022-03-21 00:00:00,ETH/BTC,0.0693575,0.06936,0.0691625,0.0693275,146.47818975154158,10.1549667
1647817200000.0,2022-03-20 23:00:00,ETH/BTC,0.06946,0.0694625,0.069185,0.0693575,90.71891785315213,6.292037345
1647813600000.0,2022-03-20 22:00:00,ETH/BTC,0.0696425,0.06969,0.069365,0.06946,170.7709997120645,11.86175364
1647810000000.0,2022-03-20 21:00:00,ETH/BTC,0.069595,0.0698,0.0695175,0.0696425,297.6035467925477,20.7258550075
1647806400000.0,2022-03-20 20:00:00,ETH/BTC,0.0695125,0.06994,0.0694125,0.069595,1400.5419764710107,97.4707188525
1647802800000.0,2022-03-20 19:00:00,ETH/BTC,0.0689925,0.06956,0.068975,0.0695125,562.5444020140262,39.103867745
1647799200000.0,2022-03-20 18:00:00,ETH/BTC,0.0688925,0.068995,0.0688325,0.068995,465.9711080513081,32.1496766
1647795600000.0,2022-03-20 17:00:00,ETH/BTC,0.069015,0.0691625,0.06883,0.0688925,655.2549977864064,45.142154935
1647792000000.0,2022-03-20 16:00:00,ETH/BTC,0.0690475,0.06937,0.0688775,0.069015,399.6414992755198,27.5812580725
1647788400000.0,2022-03-20 15:00:00,ETH/BTC,0.06911,0.0691875,0.0689075,0.0690475,172.10596437235236,11.883486575
1647784800000.0,2022-03-20 14:00:00,ETH/BTC,0.06927,0.06938,0.0689875,0.06911,517.3744793445231,35.7557502675
1647781200000.0,2022-03-20 13:00:00,ETH/BTC,0.0694375,0.069475,0.0692175,0.06927,202.74544369857082,14.044176885
1647777600000.0,2022-03-20 12:00:00,ETH/BTC,0.06941,0.0696475,0.06934,0.0694375,387.35295481548155,26.8968208
1647774000000.0,2022-03-20 11:00:00,ETH/BTC,0.069815,0.06986,0.0693025,0.06941,217.83867890073475,15.1201827025
1647770400000.0,2022-03-20 10:00:00,ETH/BTC,0.069895,0.069905,0.0698075,0.069815,46.08717019981379,3.2175757875
1647766800000.0,2022-03-20 09:00:00,ETH/BTC,0.06988,0.0699175,0.0696525,0.069895,146.2806151369912,10.224283595
1647763200000.0,2022-03-20 08:00:00,ETH/BTC,0.069865,0.069905,0.0697825,0.06988,125.53276828133944,8.7722298475
1647759600000.0,2022-03-20 07:00:00,ETH/BTC,0.0697475,0.0698675,0.0697075,0.069865,226.71352719530523,15.8393405775
1647756000000.0,2022-03-20 06:00:00,ETH/BTC,0.0699175,0.0699275,0.0697125,0.0697475,114.06104892648482,7.95547301
1647752400000.0,2022-03-20 05:00:00,ETH/BTC,0.0697525,0.0699575,0.06973,0.0699175,151.1115312332392,10.565340485
1647748800000.0,2022-03-20 04:00:00,ETH/BTC,0.06993,0.0699725,0.0697525,0.0697525,150.9161714275474,10.5267802475
1647745200000.0,2022-03-20 03:00:00,ETH/BTC,0.0697975,0.069975,0.0697925,0.06993,162.1752753110253,11.3409170025
1647741600000.0,2022-03-20 02:00:00,ETH/BTC,0.0697675,0.0698025,0.0696825,0.0697975,100.85468956624521,7.039405195
1647738000000.0,2022-03-20 01:00:00,ETH/BTC,0.0699425,0.0699425,0.0695225,0.0697675,453.58151069624114,31.6452480475
1647734400000.0,2022-03-20 00:00:00,ETH/BTC,0.0699225,0.0701,0.0699125,0.0699425,119.3926512134968,8.3506205075
1647730800000.0,2022-03-19 23:00:00,ETH/BTC,0.0699725,0.070095,0.0697675,0.0699225,153.32408927741426,10.7208036325
1647727200000.0,2022-03-19 22:00:00,ETH/BTC,0.0699975,0.070015,0.0693875,0.0699725,430.9098504055164,30.1518395075
1647723600000.0,2022-03-19 21:00:00,ETH/BTC,0.0699775,0.07005,0.0699425,0.0699975,93.03397746348084,6.5121458375
1647720000000.0,2022-03-19 20:00:00,ETH/BTC,0.0701625,0.0702225,0.06995,0.0699775,272.14586077667826,19.0440869725
1647716400000.0,2022-03-19 19:00:00,ETH/BTC,0.070355,0.070355,0.0701625,0.0701625,251.70363645109566,17.6601563925
1647712800000.0,2022-03-19 18:00:00,ETH/BTC,0.0706,0.07062,0.070305,0.070355,255.56030932414183,17.9799455625
1647709200000.0,2022-03-19 17:00:00,ETH/BTC,0.07085,0.0708925,0.0706,0.0706,78.96042468130311,5.5746059825
1647705600000.0,2022-03-19 16:00:00,ETH/BTC,0.070755,0.070935,0.07067,0.07085,480.6418514820042,34.0534751775
1647702000000.0,2022-03-19 15:00:00,ETH/BTC,0.0708225,0.07093,0.070645,0.070755,288.43107865168537,20.40794097
1647698400000.0,2022-03-19 14:00:00,ETH/BTC,0.0706925,0.070875,0.0706,0.0708225,352.6755201030746,24.9773620225
1647694800000.0,2022-03-19 13:00:00,ETH/BTC,0.0710125,0.071035,0.0706375,0.0706925,333.9590797467907,23.608402245
1647691200000.0,2022-03-19 12:00:00,ETH/BTC,0.07062,0.0710275,0.07057,0.0710125,810.7588898433373,57.574015665
1647687600000.0,2022-03-19 11:00:00,ETH/BTC,0.070545,0.0706275,0.07053,0.07062,27.67695865193996,1.95454682
1647684000000.0,2022-03-19 10:00:00,ETH/BTC,0.0706825,0.0708,0.0705225,0.070545,248.01756566730458,17.49639917
1647680400000.0,2022-03-19 09:00:00,ETH/BTC,0.070365,0.07076,0.070365,0.0706825,531.4513582216249,37.5643106275
1647676800000.0,2022-03-19 08:00:00,ETH/BTC,0.0702675,0.0703675,0.07021,0.070365,397.68322965963193,27.982980455
1647673200000.0,2022-03-19 07:00:00,ETH/BTC,0.070335,0.070385,0.0702125,0.0702675,164.30783754936493,11.545500975
1647669600000.0,2022-03-19 06:00:00,ETH/BTC,0.07028,0.070415,0.070255,0.070335,219.87906941778633,15.4651943475
1647666000000.0,2022-03-19 05:00:00,ETH/BTC,0.0704725,0.0704725,0.07028,0.07028,263.1499467487194,18.4941782575
1647662400000.0,2022-03-19 04:00:00,ETH/BTC,0.0705325,0.0705375,0.0703025,0.0704725,282.5706238603711,19.91345829
1647658800000.0,2022-03-19 03:00:00,ETH/BTC,0.0706675,0.0707,0.070525,0.0705325,87.12141232765038,6.144891015
1647655200000.0,2022-03-19 02:00:00,ETH/BTC,0.0708625,0.0708625,0.07058,0.0706675,486.5514175894153,34.3833723025
1647651600000.0,2022-03-19 01:00:00,ETH/BTC,0.07083,0.0708975,0.070725,0.0708625,177.70721298288942,12.59277738
1647648000000.0,2022-03-19 00:00:00,ETH/BTC,0.0703675,0.070965,0.0703175,0.07083,400.1714421149231,28.344143245
1647644400000.0,2022-03-18 23:00:00,ETH/BTC,0.070295,0.0705275,0.07028,0.0703675,310.31366849042524,21.8359970675
1647640800000.0,2022-03-18 22:00:00,ETH/BTC,0.0705975,0.0708,0.07029,0.070295,496.7873590226901,34.9216674025
1647637200000.0,2022-03-18 21:00:00,ETH/BTC,0.0706325,0.07073,0.070535,0.0705975,168.01987906795569,11.8617834125
1647633600000.0,2022-03-18 20:00:00,ETH/BTC,0.070535,0.0707225,0.0703,0.0706325,291.0669578097901,20.5587868975
1647630000000.0,2022-03-18 19:00:00,ETH/BTC,0.0703375,0.07064,0.0702925,0.070535,432.354926242291,30.4961547225
1647626400000.0,2022-03-18 18:00:00,ETH/BTC,0.070465,0.070495,0.0702325,0.0703375,470.26846237782127,33.0775079725
1647622800000.0,2022-03-18 17:00:00,ETH/BTC,0.0705825,0.07093,0.0704625,0.070465,755.0578223586178,53.2051494525
1647619200000.0,2022-03-18 16:00:00,ETH/BTC,0.0707925,0.070795,0.0701575,0.0705825,834.2143001098005,58.8809308375
1647615600000.0,2022-03-18 15:00:00,ETH/BTC,0.070105,0.0709825,0.070105,0.0707925,1377.261068262881,97.499754175
1647612000000.0,2022-03-18 14:00:00,ETH/BTC,0.0692725,0.070105,0.0691775,0.070105,2310.245326795521,161.959748635
1647608400000.0,2022-03-18 13:00:00,ETH/BTC,0.0693675,0.0693775,0.069125,0.0692725,421.8500610631924,29.222608355
1647604800000.0,2022-03-18 12:00:00,ETH/BTC,0.0692175,0.06953,0.0691875,0.0693675,435.9627054095938,30.2416429675
1647601200000.0,2022-03-18 11:00:00,ETH/BTC,0.06922,0.0692675,0.06908,0.0692175,223.0500499873587,15.438966835
1647597600000.0,2022-03-18 10:00:00,ETH/BTC,0.0690225,0.0692825,0.0690125,0.06922,185.2554059881537,12.8233792025
1647594000000.0,2022-03-18 09:00:00,ETH/BTC,0.06897,0.0691325,0.0689425,0.0690225,760.2326665217864,52.473159225
1647590400000.0,2022-03-18 08:00:00,ETH/BTC,0.06886,0.0691,0.0686775,0.06897,813.7847738871973,56.126735855
1647586800000.0,2022-03-18 07:00:00,ETH/BTC,0.0686875,0.06889,0.0686275,0.06886,386.3318352091199,26.6028101725
1647583200000.0,2022-03-18 06:00:00,ETH/BTC,0.0687275,0.0688,0.0686475,0.0686875,266.9202149954504,18.3340822675
1647579600000.0,2022-03-18 05:00:00,ETH/BTC,0.06843,0.06875,0.06831,0.0687275,915.5433544068968,62.92300589
1647576000000.0,2022-03-18 04:00:00,ETH/BTC,0.0685325,0.06858,0.0684175,0.06843,205.66872694724535,14.073910985
1647572400000.0,2022-03-18 03:00:00,ETH/BTC,0.0686675,0.0687,0.068505,0.0685325,100.32252828949768,6.87535367
1647568800000.0,2022-03-18 02:00:00,ETH/BTC,0.06874,0.06874,0.06858,0.0686675,787.8374902974477,54.098830865
1647565200000.0,2022-03-18 01:00:00,ETH/BTC,0.06879,0.06879,0.0686075,0.06874,99.52960841576957,6.8416652825
1647561600000.0,2022-03-18 00:00:00,ETH/BTC,0.068735,0.06879,0.0683025,0.06879,552.245267517081,37.9889519525
1647558000000.0,2022-03-17 23:00:00,ETH/BTC,0.0687925,0.068835,0.0687225,0.068735,137.6435705972212,9.460930825
1647554400000.0,2022-03-17 22:00:00,ETH/BTC,0.06879,0.068855,0.06872,0.0687925,248.6908341025548,17.108064205
1647550800000.0,2022-03-17 21:00:00,ETH/BTC,0.0689725,0.06908,0.06879,0.06879,80.32312280127925,5.5254276175
1647547200000.0,2022-03-17 20:00:00,ETH/BTC,0.0692075,0.0692225,0.06889,0.0689725,201.57467784261843,13.9031094675
1647543600000.0,2022-03-17 19:00:00,ETH/BTC,0.068945,0.06934,0.06891,0.0692075,961.0741034931185,66.5135360175
1647540000000.0,2022-03-17 18:00:00,ETH/BTC,0.068845,0.0689475,0.0688075,0.068945,567.3684517731524,39.1172179075
1647536400000.0,2022-03-17 17:00:00,ETH/BTC,0.0685075,0.06886,0.06832,0.068845,260.45561061079235,17.9310665125
1647532800000.0,2022-03-17 16:00:00,ETH/BTC,0.06867,0.0688775,0.068465,0.0685075,275.5528567675072,18.877437335
1647529200000.0,2022-03-17 15:00:00,ETH/BTC,0.068575,0.0688,0.068575,0.06867,257.6119634119703,17.6902135275
1647525600000.0,2022-03-17 14:00:00,ETH/BTC,0.068585,0.0689,0.0685125,0.068575,441.17658016769957,30.253683985
1647522000000.0,2022-03-17 13:00:00,ETH/BTC,0.06839,0.0687425,0.068335,0.068585,2070.258481191223,141.9886779325
1647518400000.0,2022-03-17 12:00:00,ETH/BTC,0.06811,0.0683975,0.0680975,0.06839,556.6426684456791,38.068792095
1647514800000.0,2022-03-17 11:00:00,ETH/BTC,0.06806,0.06816,0.0680075,0.06811,782.9915182425488,53.3295523075
1647511200000.0,2022-03-17 10:00:00,ETH/BTC,0.0678375,0.068075,0.06776,0.06806,360.4194234131649,24.5301459575
1647507600000.0,2022-03-17 09:00:00,ETH/BTC,0.0678725,0.06789,0.0677875,0.0678375,139.6198502671826,9.4714615925
1647504000000.0,2022-03-17 08:00:00,ETH/BTC,0.0676725,0.0678775,0.06759,0.0678725,391.323903606026,26.5601316475
1647500400000.0,2022-03-17 07:00:00,ETH/BTC,0.06754,0.0677775,0.067525,0.0676725,184.2287399608408,12.467219405
1647496800000.0,2022-03-17 06:00:00,ETH/BTC,0.0672175,0.0677025,0.0672125,0.06754,389.75835734379626,26.324279455
1647493200000.0,2022-03-17 05:00:00,ETH/BTC,0.0670925,0.067295,0.06696,0.0672175,186.07229891769256,12.5073147525
1647489600000.0,2022-03-17 04:00:00,ETH/BTC,0.067445,0.067445,0.0670875,0.0670925,207.25730200842122,13.905410535
1647486000000.0,2022-03-17 03:00:00,ETH/BTC,0.0675075,0.0675075,0.0674,0.067445,94.86020205352509,6.3978463275
1647482400000.0,2022-03-17 02:00:00,ETH/BTC,0.0673,0.06751,0.06722,0.0675075,369.96258974928713,24.9752495275
1647478800000.0,2022-03-17 01:00:00,ETH/BTC,0.0674775,0.06756,0.0673,0.0673,120.7111251114413,8.12385872
1647475200000.0,2022-03-17 00:00:00,ETH/BTC,0.0674775,0.06765,0.06738,0.0674775,877.5194500389019,59.21281869
1647471600000.0,2022-03-16 23:00:00,ETH/BTC,0.067185,0.06748,0.06718,0.0674775,100.69291311918789,6.794506045
1647468000000.0,2022-03-16 22:00:00,ETH/BTC,0.0672975,0.0672975,0.0670575,0.067185,56.497013656322096,3.7957518625
1647464400000.0,2022-03-16 21:00:00,ETH/BTC,0.06724,0.0673875,0.067155,0.0672975,69.75605817452357,4.694408325
1647460800000.0,2022-03-16 20:00:00,ETH/BTC,0.0673525,0.067525,0.0669575,0.06724,690.7045652885188,46.44297497
1647457200000.0,2022-03-16 19:00:00,ETH/BTC,0.067025,0.0675525,0.0668375,0.0673525,440.86930399762446,29.6936497975
1647453600000.0,2022-03-16 18:00:00,ETH/BTC,0.0669,0.0671625,0.0666725,0.067025,315.80932819843343,21.1671202225
1647450000000.0,2022-03-16 17:00:00,ETH/BTC,0.0667575,0.067,0.066635,0.0669,473.1541058669656,31.6540096825
1647446400000.0,2022-03-16 16:00:00,ETH/BTC,0.0665775,0.06708,0.0665375,0.0667575,675.197579747594,45.07450243
1647442800000.0,2022-03-16 15:00:00,ETH/BTC,0.066415,0.0666775,0.066385,0.0665775,332.1337677143179,22.11263592
1647439200000.0,2022-03-16 14:00:00,ETH/BTC,0.06609,0.0664875,0.0659,0.066415,677.857983663329,45.019937985
1647435600000.0,2022-03-16 13:00:00,ETH/BTC,0.066175,0.0663625,0.06609,0.06609,356.2239933424119,23.54284372
1647432000000.0,2022-03-16 12:00:00,ETH/BTC,0.066335,0.066365,0.0660725,0.066175,191.88508877975067,12.69799575
1647428400000.0,2022-03-16 11:00:00,ETH/BTC,0.06637,0.0665875,0.066145,0.066335,371.8627994648375,24.6675188025
1647424800000.0,2022-03-16 10:00:00,ETH/BTC,0.0662625,0.06649,0.0662575,0.06637,495.63611251318366,32.8953687875
1647421200000.0,2022-03-16 09:00:00,ETH/BTC,0.066365,0.0664,0.0661575,0.0662625,586.5101413695529,38.8636282425
1647417600000.0,2022-03-16 08:00:00,ETH/BTC,0.06688,0.066965,0.0662775,0.066365,539.159080049725,35.7812923475
1647414000000.0,2022-03-16 07:00:00,ETH/BTC,0.0668575,0.0670025,0.06679,0.06688,304.0912118720096,20.33762025
1647410400000.0,2022-03-16 06:00:00,ETH/BTC,0.06685,0.0671225,0.0667,0.0668575,310.60780514527164,20.7664613325
1647406800000.0,2022-03-16 05:00:00,ETH/BTC,0.0669575,0.0671275,0.06679,0.06685,365.31424835452503,24.4212575025
1647403200000.0,2022-03-16 04:00:00,ETH/BTC,0.066925,0.067145,0.0668875,0.0669575,507.3915114438263,33.9736671275
1647399600000.0,2022-03-16 03:00:00,ETH/BTC,0.0658475,0.06714,0.0657575,0.066925,1712.8184218901756,114.630372885
1647396000000.0,2022-03-16 02:00:00,ETH/BTC,0.0669,0.0670375,0.0654975,0.0658475,1798.2525728767225,118.4104362925
1647392400000.0,2022-03-16 01:00:00,ETH/BTC,0.06666,0.067125,0.0666525,0.0669,540.4121809043348,36.1535749025
1647388800000.0,2022-03-16 00:00:00,ETH/BTC,0.06664,0.066725,0.066475,0.06666,247.52172483498353,16.4997981775
1647385200000.0,2022-03-15 23:00:00,ETH/BTC,0.06643,0.066675,0.06643,0.06664,46.80243367346939,3.11891418
1647381600000.0,2022-03-15 22:00:00,ETH/BTC,0.0664025,0.066495,0.0662425,0.06643,343.1649525063977,22.796447795
1647378000000.0,2022-03-15 21:00:00,ETH/BTC,0.0665675,0.0665675,0.066245,0.0664025,449.9719533526599,29.8792626325
1647374400000.0,2022-03-15 20:00:00,ETH/BTC,0.0669425,0.0670325,0.066555,0.0665675,401.95283974912684,26.75699566
1647370800000.0,2022-03-15 19:00:00,ETH/BTC,0.066665,0.06702,0.06664,0.0669425,353.14949471561414,23.64071005
1647367200000.0,2022-03-15 18:00:00,ETH/BTC,0.06616,0.0666675,0.0661375,0.066665,399.8172037800945,26.65381389
1647363600000.0,2022-03-15 17:00:00,ETH/BTC,0.0664425,0.0664875,0.0660175,0.06616,531.7472128929868,35.180395605
1647360000000.0,2022-03-15 16:00:00,ETH/BTC,0.065945,0.06654,0.0659425,0.0664425,648.42159950333,43.082752125
1647356400000.0,2022-03-15 15:00:00,ETH/BTC,0.065535,0.066115,0.06553,0.065945,791.6081383349762,52.2025986825
1647352800000.0,2022-03-15 14:00:00,ETH/BTC,0.065465,0.0656925,0.06538,0.065535,181.3170102998398,11.88261027
1647349200000.0,2022-03-15 13:00:00,ETH/BTC,0.065595,0.0656075,0.065385,0.065465,194.94959894600171,12.762375495
1647345600000.0,2022-03-15 12:00:00,ETH/BTC,0.065575,0.06567,0.0655,0.065595,178.9422693040628,11.737718155
1647342000000.0,2022-03-15 11:00:00,ETH/BTC,0.065595,0.0657,0.0655325,0.065575,103.77452988943958,6.8050147975
1647338400000.0,2022-03-15 10:00:00,ETH/BTC,0.065585,0.0656325,0.0655,0.065595,91.59563198414513,6.00821548
1647334800000.0,2022-03-15 09:00:00,ETH/BTC,0.0656175,0.0656525,0.0655,0.065585,115.14067892810856,7.5515014275
1647331200000.0,2022-03-15 08:00:00,ETH/BTC,0.0658625,0.06594,0.06558,0.0656175,419.98150718177317,27.5581365475
1647327600000.0,2022-03-15 07:00:00,ETH/BTC,0.06564,0.0659175,0.0656,0.0658625,139.49668866957677,9.1876006575
1647324000000.0,2022-03-15 06:00:00,ETH/BTC,0.065795,0.0658525,0.0656375,0.06564,110.64658965569774,7.262842145
1647320400000.0,2022-03-15 05:00:00,ETH/BTC,0.0656525,0.0657975,0.0656425,0.065795,48.41006220077513,3.1851400425
1647316800000.0,2022-03-15 04:00:00,ETH/BTC,0.065635,0.0657,0.06557,0.0656525,44.76444545142988,2.938897755
1647313200000.0,2022-03-15 03:00:00,ETH/BTC,0.0657175,0.065875,0.0655475,0.065635,211.45528757522663,13.8788678
1647309600000.0,2022-03-15 02:00:00,ETH/BTC,0.06553,0.065765,0.065515,0.0657175,402.80262373036106,26.471181425
1647306000000.0,2022-03-15 01:00:00,ETH/BTC,0.065415,0.065615,0.06525,0.06553,454.3553114222493,29.7739035575
1647302400000.0,2022-03-15 00:00:00,ETH/BTC,0.0652875,0.0657175,0.065205,0.065415,207.65243579454253,13.5835840875
1647298800000.0,2022-03-14 23:00:00,ETH/BTC,0.065385,0.06543,0.06515,0.06529,460.32597905498545,30.0546831725
1647295200000.0,2022-03-14 22:00:00,ETH/BTC,0.0656125,0.06572,0.0649025,0.065385,451.90789401238817,29.54799765
1647291600000.0,2022-03-14 21:00:00,ETH/BTC,0.06524,0.06564,0.06524,0.0656125,114.91185357210897,7.5396539925
1647288000000.0,2022-03-14 20:00:00,ETH/BTC,0.06534,0.0654675,0.0651825,0.06524,163.67943209687306,10.67844615
1647284400000.0,2022-03-14 19:00:00,ETH/BTC,0.0654075,0.065475,0.06526,0.06534,147.9252657254362,9.6654368625
1647280800000.0,2022-03-14 18:00:00,ETH/BTC,0.065485,0.0656125,0.065355,0.0654075,94.04594400489242,6.1513100825
1647277200000.0,2022-03-14 17:00:00,ETH/BTC,0.06592,0.0659325,0.0654675,0.065485,329.12174963732156,21.552537775
1647273600000.0,2022-03-14 16:00:00,ETH/BTC,0.066025,0.0661025,0.06592,0.06592,134.79356496510923,8.8855918025
1647270000000.0,2022-03-14 15:00:00,ETH/BTC,0.0661175,0.0662325,0.066,0.066025,385.8977288148428,25.478897545
1647266400000.0,2022-03-14 14:00:00,ETH/BTC,0.0663075,0.0663925,0.0661,0.0661175,265.857595606307,17.5778395775
1647262800000.0,2022-03-14 13:00:00,ETH/BTC,0.0662625,0.066385,0.0661725,0.0663075,290.7124513064133,19.276415865
1647259200000.0,2022-03-14 12:00:00,ETH/BTC,0.0663125,0.0664,0.0662075,0.0662625,272.8352649311451,18.0787467425
1647255600000.0,2022-03-14 11:00:00,ETH/BTC,0.0663225,0.06636,0.06625,0.0663125,305.3493313477851,20.248477535
1647252000000.0,2022-03-14 10:00:00,ETH/BTC,0.066325,0.0663475,0.0662725,0.0663225,147.98154706170604,9.814506155
1647248400000.0,2022-03-14 09:00:00,ETH/BTC,0.0663725,0.0665225,0.0663025,0.066325,408.84726471918583,27.1167948325
1647244800000.0,2022-03-14 08:00:00,ETH/BTC,0.0661925,0.0665,0.0661675,0.0663725,530.2813641191759,35.19609984
1647241200000.0,2022-03-14 07:00:00,ETH/BTC,0.0666225,0.066685,0.066125,0.0661925,555.1140557842656,36.7443871375
1647237600000.0,2022-03-14 06:00:00,ETH/BTC,0.066725,0.06675,0.06661,0.0666225,75.24141588802581,5.01277123
1647234000000.0,2022-03-14 05:00:00,ETH/BTC,0.066715,0.066865,0.066675,0.0667275,221.10650106777567,14.75388405
1647230400000.0,2022-03-14 04:00:00,ETH/BTC,0.06644,0.06718,0.066425,0.066715,616.6112107097355,41.1372169225
1647226800000.0,2022-03-14 03:00:00,ETH/BTC,0.0663875,0.0664425,0.0662925,0.06644,223.77508646899457,14.867616745
1647223200000.0,2022-03-14 02:00:00,ETH/BTC,0.06647,0.06648,0.0662925,0.0663875,182.2626117115421,12.099959135
1647219600000.0,2022-03-14 01:00:00,ETH/BTC,0.0665825,0.0665825,0.066315,0.0664725,217.74946940464102,14.474351605
1647216000000.0,2022-03-14 00:00:00,ETH/BTC,0.06655,0.0666825,0.0664225,0.0665825,562.0613209176585,37.4234479
1647212400000.0,2022-03-13 23:00:00,ETH/BTC,0.066375,0.0666175,0.06631,0.06655,1431.36367513148,95.25725258
1647208800000.0,2022-03-13 22:00:00,ETH/BTC,0.0661,0.0667775,0.0661,0.066375,628.7331696045197,41.7321641325
1647205200000.0,2022-03-13 21:00:00,ETH/BTC,0.0658325,0.0661,0.06572,0.0661,795.9590817700454,52.612895305
1647201600000.0,2022-03-13 20:00:00,ETH/BTC,0.0659275,0.066005,0.0658325,0.0658325,188.50318368586943,12.40963584
1647198000000.0,2022-03-13 19:00:00,ETH/BTC,0.066215,0.06623,0.0659275,0.0659275,241.79232577452504,15.9407635575
1647194400000.0,2022-03-13 18:00:00,ETH/BTC,0.0662325,0.066325,0.066215,0.066215,167.43189190515747,11.0865027225
1647190800000.0,2022-03-13 17:00:00,ETH/BTC,0.066365,0.066365,0.066125,0.0662325,184.2644041067452,12.204292145
1647187200000.0,2022-03-13 16:00:00,ETH/BTC,0.06626,0.06637,0.06612,0.066365,416.1458961048746,27.617522395
1647183600000.0,2022-03-13 15:00:00,ETH/BTC,0.0660875,0.0663325,0.0660175,0.06626,350.4364367265319,23.2199182975
1647180000000.0,2022-03-13 14:00:00,ETH/BTC,0.0660875,0.066105,0.0659925,0.0660875,165.9718901456403,10.96866729
1647176400000.0,2022-03-13 13:00:00,ETH/BTC,0.06598,0.066175,0.065835,0.0660875,687.3371358048043,45.4243929625
1647172800000.0,2022-03-13 12:00:00,ETH/BTC,0.06644,0.0665,0.0659025,0.06598,525.0763057744772,34.644534655
1647169200000.0,2022-03-13 11:00:00,ETH/BTC,0.0664075,0.0665175,0.06629,0.06644,945.9414759933776,62.848351665
1647165600000.0,2022-03-13 10:00:00,ETH/BTC,0.0662125,0.06644,0.0662125,0.0664075,311.62356446937474,20.6941418575
1647162000000.0,2022-03-13 09:00:00,ETH/BTC,0.0660575,0.0662175,0.0659,0.0662125,107.98715763639797,7.150099675
1647158400000.0,2022-03-13 08:00:00,ETH/BTC,0.0660425,0.0660725,0.06595,0.0660575,93.5848096733906,6.181978565
1647154800000.0,2022-03-13 07:00:00,ETH/BTC,0.0660975,0.0661375,0.06602,0.0660425,89.40566426922058,5.9045735825
1647151200000.0,2022-03-13 06:00:00,ETH/BTC,0.0660575,0.0660975,0.06601,0.0660975,264.32791213737283,17.4714141725
1647147600000.0,2022-03-13 05:00:00,ETH/BTC,0.066105,0.06611,0.0660575,0.0660575,43.30948351814706,2.8609162075
1647144000000.0,2022-03-13 04:00:00,ETH/BTC,0.06614,0.0661475,0.06607,0.066105,121.86971609560547,8.0561975825
1647140400000.0,2022-03-13 03:00:00,ETH/BTC,0.0661775,0.0661875,0.06609,0.06614,97.58859615966131,6.45450975
1647136800000.0,2022-03-13 02:00:00,ETH/BTC,0.0663325,0.0663975,0.0661775,0.0661775,316.5432681802728,20.94804213
1647133200000.0,2022-03-13 01:00:00,ETH/BTC,0.0660875,0.06636,0.0660375,0.0663325,271.8871285568914,18.034952955
1647129600000.0,2022-03-13 00:00:00,ETH/BTC,0.06621,0.0662225,0.066035,0.0660875,184.73511363722338,12.2086818225
1647126000000.0,2022-03-12 23:00:00,ETH/BTC,0.0661975,0.066245,0.066125,0.06621,306.14374947137895,20.2697776525
1647122400000.0,2022-03-12 22:00:00,ETH/BTC,0.0661725,0.0662475,0.066165,0.0661975,20.842496846557648,1.379721185
1647118800000.0,2022-03-12 21:00:00,ETH/BTC,0.066145,0.0662325,0.066145,0.0661725,32.437762099059285,2.1464878125
1647115200000.0,2022-03-12 20:00:00,ETH/BTC,0.0660675,0.06618,0.066035,0.066145,118.01175481895835,7.8058875225
1647111600000.0,2022-03-12 19:00:00,ETH/BTC,0.0661125,0.0661775,0.0660625,0.0660675,217.5074285389942,14.370172035
1647108000000.0,2022-03-12 18:00:00,ETH/BTC,0.066235,0.066245,0.0659975,0.0661125,132.56483959160522,8.7641929575
1647104400000.0,2022-03-12 17:00:00,ETH/BTC,0.066265,0.0666,0.066185,0.066235,520.5008958632143,34.4753768375
1647100800000.0,2022-03-12 16:00:00,ETH/BTC,0.0662,0.0663725,0.06619,0.066265,114.78327974798158,7.6061140325
1647097200000.0,2022-03-12 15:00:00,ETH/BTC,0.06612,0.0662,0.0660425,0.0662,115.39249550604231,7.6389832025
1647093600000.0,2022-03-12 14:00:00,ETH/BTC,0.0661575,0.0662775,0.066,0.06612,222.7648416137326,14.7292113275
1647090000000.0,2022-03-12 13:00:00,ETH/BTC,0.066065,0.0662625,0.066065,0.06616,67.48808694830714,4.4650118325
1647086400000.0,2022-03-12 12:00:00,ETH/BTC,0.0659825,0.06608,0.0659125,0.066065,185.3149940210399,12.24283508
1647082800000.0,2022-03-12 11:00:00,ETH/BTC,0.0659425,0.066015,0.06586,0.0659825,178.78150195127498,11.7964504525
1647079200000.0,2022-03-12 10:00:00,ETH/BTC,0.06608,0.0661,0.06592,0.0659425,96.17481745460059,6.3420079
1647075600000.0,2022-03-12 09:00:00,ETH/BTC,0.0660175,0.06608,0.0659425,0.06608,267.03741139527847,17.645832145
1647072000000.0,2022-03-12 08:00:00,ETH/BTC,0.0661925,0.06622,0.0660125,0.0660175,95.81908543189304,6.3257364725
1647068400000.0,2022-03-12 07:00:00,ETH/BTC,0.06618,0.0661975,0.0661175,0.0661925,169.51299818710578,11.2204891325
1647064800000.0,2022-03-12 06:00:00,ETH/BTC,0.0661375,0.066275,0.0661375,0.06618,102.29473292535509,6.769865425
1647061200000.0,2022-03-12 05:00:00,ETH/BTC,0.066085,0.0662325,0.0660275,0.0661375,217.94052636552635,14.4140415625
1647057600000.0,2022-03-12 04:00:00,ETH/BTC,0.066105,0.066175,0.06598,0.066085,154.5970712340168,10.2165474525
1647054000000.0,2022-03-12 03:00:00,ETH/BTC,0.0659475,0.0661775,0.0659275,0.066105,282.0735512442327,18.646472105
1647050400000.0,2022-03-12 02:00:00,ETH/BTC,0.0660525,0.066165,0.0659425,0.0659475,245.77297770954166,16.2081134475
1647046800000.0,2022-03-12 01:00:00,ETH/BTC,0.0659425,0.0660975,0.0658775,0.0660525,203.3677816131108,13.432950395
1647043200000.0,2022-03-12 00:00:00,ETH/BTC,0.0659975,0.06609,0.0659225,0.0659425,193.57193456420367,12.764617295
1647039600000.0,2022-03-11 23:00:00,ETH/BTC,0.066045,0.06606,0.065965,0.0659975,120.81689726883594,7.9736131775
1647036000000.0,2022-03-11 22:00:00,ETH/BTC,0.06619,0.06625,0.0659225,0.066045,165.90051813157692,10.95689972
1647032400000.0,2022-03-11 21:00:00,ETH/BTC,0.0659875,0.0663975,0.0659425,0.06619,137.12893276930052,9.07656406
1647028800000.0,2022-03-11 20:00:00,ETH/BTC,0.06591,0.0663325,0.06579,0.0659875,246.30897893540438,16.2533137475
1647025200000.0,2022-03-11 19:00:00,ETH/BTC,0.066165,0.066225,0.0658725,0.06591,334.1473274920346,22.023650355
1647021600000.0,2022-03-11 18:00:00,ETH/BTC,0.0660975,0.06626,0.06604,0.066165,70.87936265397113,4.68973303
1647018000000.0,2022-03-11 17:00:00,ETH/BTC,0.0661075,0.0661225,0.06601,0.0660975,226.76257732894587,14.988439455
1647014400000.0,2022-03-11 16:00:00,ETH/BTC,0.0660525,0.0663275,0.065925,0.0661075,993.4949080285899,65.6774646325
1647010800000.0,2022-03-11 15:00:00,ETH/BTC,0.0663725,0.06642,0.0658825,0.0660525,923.2695206464555,60.9842600125
1647007200000.0,2022-03-11 14:00:00,ETH/BTC,0.06671,0.066755,0.0663,0.0663725,457.5018508795058,30.3655415975
1647003600000.0,2022-03-11 13:00:00,ETH/BTC,0.0664875,0.066855,0.0664875,0.06671,624.3448110478189,41.650042345
1647000000000.0,2022-03-11 12:00:00,ETH/BTC,0.0664975,0.066625,0.0663425,0.0664875,792.7197597292724,52.705955025
1646996400000.0,2022-03-11 11:00:00,ETH/BTC,0.066625,0.06687,0.0662725,0.0664975,955.431673145607,63.533817685
1646992800000.0,2022-03-11 10:00:00,ETH/BTC,0.0666425,0.0667,0.0665875,0.066625,87.97384435272043,5.86125738
1646989200000.0,2022-03-11 09:00:00,ETH/BTC,0.0665775,0.06669,0.0665075,0.0666425,123.1388644258544,8.2062817725
1646985600000.0,2022-03-11 08:00:00,ETH/BTC,0.0666775,0.06671,0.06654,0.06658,229.01111921748273,15.2475603175
1646982000000.0,2022-03-11 07:00:00,ETH/BTC,0.0663175,0.066725,0.066235,0.0666775,685.9375342131904,45.7365999375
1646978400000.0,2022-03-11 06:00:00,ETH/BTC,0.066155,0.066475,0.066155,0.0663175,399.62026207260527,26.50181673
1646974800000.0,2022-03-11 05:00:00,ETH/BTC,0.06599,0.066185,0.0659775,0.066155,222.73173611216083,14.7348180025
1646971200000.0,2022-03-11 04:00:00,ETH/BTC,0.06591,0.066115,0.0659075,0.06599,325.683497272314,21.491853985
1646967600000.0,2022-03-11 03:00:00,ETH/BTC,0.06606,0.0660875,0.06577,0.06591,401.0531389015324,26.433412385
1646964000000.0,2022-03-11 02:00:00,ETH/BTC,0.066285,0.0663525,0.066035,0.06606,371.349032129882,24.5313170625
1646960400000.0,2022-03-11 01:00:00,ETH/BTC,0.0660325,0.06638,0.0657975,0.066285,589.5015690201403,39.0751115025
1646956800000.0,2022-03-11 00:00:00,ETH/BTC,0.06613,0.066325,0.066,0.0660325,231.38814856320752,15.27913792
1646953200000.0,2022-03-10 23:00:00,ETH/BTC,0.0662375,0.0662775,0.0660775,0.06613,48.13834806441857,3.1833889575
1646949600000.0,2022-03-10 22:00:00,ETH/BTC,0.0662125,0.06641,0.06616,0.0662375,146.17908303453478,9.6825370125
1646946000000.0,2022-03-10 21:00:00,ETH/BTC,0.0660975,0.06627,0.0660975,0.0662125,153.85943696431946,10.18741797
1646942400000.0,2022-03-10 20:00:00,ETH/BTC,0.0662775,0.0663325,0.06598,0.0660975,279.5924882559855,18.4803644925
1646938800000.0,2022-03-10 19:00:00,ETH/BTC,0.066305,0.06644,0.0661275,0.0662775,267.0969115084304,17.7025155525
1646935200000.0,2022-03-10 18:00:00,ETH/BTC,0.0661975,0.0664325,0.06614,0.066305,115.21512325616469,7.6393387475
1646931600000.0,2022-03-10 17:00:00,ETH/BTC,0.06631,0.0664,0.0661325,0.0661975,394.31861856565575,26.1029067525
1646928000000.0,2022-03-10 16:00:00,ETH/BTC,0.0662975,0.066435,0.06624,0.06631,302.13506944653903,20.034576455
1646924400000.0,2022-03-10 15:00:00,ETH/BTC,0.0660725,0.0663675,0.06597,0.0662975,582.6675295448547,38.62940054
1646920800000.0,2022-03-10 14:00:00,ETH/BTC,0.0662175,0.06628,0.065965,0.0660725,422.3008286352113,27.9024715
1646917200000.0,2022-03-10 13:00:00,ETH/BTC,0.06629,0.0664725,0.0657525,0.0662175,955.9726246082984,63.30211727
1646913600000.0,2022-03-10 12:00:00,ETH/BTC,0.06638,0.06657,0.0662225,0.06629,267.98147507165487,17.7644919825
1646910000000.0,2022-03-10 11:00:00,ETH/BTC,0.06632,0.0664325,0.0662375,0.06638,567.3547103043086,37.66100567
1646906400000.0,2022-03-10 10:00:00,ETH/BTC,0.0664,0.066405,0.0662225,0.06632,115.79989475271411,7.67984902
1646902800000.0,2022-03-10 09:00:00,ETH/BTC,0.066225,0.066465,0.0662,0.0664,164.1004155496988,10.8962675925
1646899200000.0,2022-03-10 08:00:00,ETH/BTC,0.06609,0.0664675,0.0660475,0.066225,336.6980251415628,22.297826715
1646895600000.0,2022-03-10 07:00:00,ETH/BTC,0.0658975,0.06615,0.0658925,0.06609,139.71352386896655,9.2336667925
1646892000000.0,2022-03-10 06:00:00,ETH/BTC,0.0660975,0.0661375,0.0658775,0.0658975,441.5216120490155,29.09517043
1646888400000.0,2022-03-10 05:00:00,ETH/BTC,0.0658025,0.06624,0.0658,0.0660975,1008.3078504860243,66.6466281475
1646884800000.0,2022-03-10 04:00:00,ETH/BTC,0.0652075,0.0659525,0.06488,0.0658025,734.903293833821,48.3584739925
1646881200000.0,2022-03-10 03:00:00,ETH/BTC,0.0653575,0.065425,0.0652,0.0652075,131.77879059157306,8.5929654875
1646877600000.0,2022-03-10 02:00:00,ETH/BTC,0.0650975,0.06542,0.0650475,0.0653575,199.52756967448266,13.040623135
1646874000000.0,2022-03-10 01:00:00,ETH/BTC,0.06477,0.0652875,0.064685,0.0650975,252.4056793271631,16.43097871
1646870400000.0,2022-03-10 00:00:00,ETH/BTC,0.0650275,0.0651475,0.06476,0.06477,141.56656835726417,9.1692666325
1646866800000.0,2022-03-09 23:00:00,ETH/BTC,0.064845,0.0651325,0.0647325,0.0650275,92.54500284495022,6.0179701725
1646863200000.0,2022-03-09 22:00:00,ETH/BTC,0.06466,0.06488,0.0646025,0.064845,93.86480769527334,6.086663455
1646859600000.0,2022-03-09 21:00:00,ETH/BTC,0.06423,0.064715,0.064225,0.06466,98.11171991957934,6.34390381
1646856000000.0,2022-03-09 20:00:00,ETH/BTC,0.0643125,0.0644625,0.06423,0.06423,74.75632784524366,4.8015989375
1646852400000.0,2022-03-09 19:00:00,ETH/BTC,0.0645175,0.0645225,0.0641,0.0643125,306.40339304178815,19.705568215
1646848800000.0,2022-03-09 18:00:00,ETH/BTC,0.0648275,0.0648625,0.064435,0.0645175,164.9907717673499,10.6447921175
1646845200000.0,2022-03-09 17:00:00,ETH/BTC,0.065025,0.065095,0.0648225,0.0648275,107.29711885388146,6.9558039725
1646841600000.0,2022-03-09 16:00:00,ETH/BTC,0.0648525,0.0650925,0.0647575,0.0650275,192.82750555534196,12.5390906175
1646838000000.0,2022-03-09 15:00:00,ETH/BTC,0.064875,0.06515,0.06485,0.0648525,147.8141607879419,9.5861178625
1646834400000.0,2022-03-09 14:00:00,ETH/BTC,0.0651325,0.0651325,0.0647925,0.064875,584.0263218882466,37.8887076325
1646830800000.0,2022-03-09 13:00:00,ETH/BTC,0.06536,0.0653775,0.0650425,0.0651325,122.59007342724448,7.9845979575
1646827200000.0,2022-03-09 12:00:00,ETH/BTC,0.06514,0.065455,0.0651,0.06536,194.83796396878824,12.734609325
1646823600000.0,2022-03-09 11:00:00,ETH/BTC,0.06531,0.0653675,0.0650875,0.06514,260.85407092416335,16.99203418
1646820000000.0,2022-03-09 10:00:00,ETH/BTC,0.06554,0.0655625,0.0652975,0.06531,166.7405945873526,10.8898282325
1646816400000.0,2022-03-09 09:00:00,ETH/BTC,0.0655375,0.06568,0.0654975,0.06554,101.84595094598718,6.674983625
1646812800000.0,2022-03-09 08:00:00,ETH/BTC,0.0656925,0.065705,0.0650425,0.0655425,829.2427056871495,54.3506400375
1646809200000.0,2022-03-09 07:00:00,ETH/BTC,0.06543,0.0657175,0.0653825,0.0656925,269.1951504357423,17.68410242
1646805600000.0,2022-03-09 06:00:00,ETH/BTC,0.0654,0.065485,0.0653075,0.06543,38.6028140379031,2.5257821225
1646802000000.0,2022-03-09 05:00:00,ETH/BTC,0.0653025,0.06548,0.065245,0.0654,83.77757725535169,5.4790535525
1646798400000.0,2022-03-09 04:00:00,ETH/BTC,0.06547,0.065485,0.06505,0.0653025,823.3694010183377,53.76808031
1646794800000.0,2022-03-09 03:00:00,ETH/BTC,0.066505,0.066525,0.0654625,0.06547,843.9115132503437,55.2508867725
1646791200000.0,2022-03-09 02:00:00,ETH/BTC,0.066775,0.0668025,0.06646,0.066505,448.0076546124352,29.79474907
1646787600000.0,2022-03-09 01:00:00,ETH/BTC,0.06642,0.066925,0.0663975,0.066775,317.9628026207413,21.231966145
1646784000000.0,2022-03-09 00:00:00,ETH/BTC,0.0665125,0.06666,0.066325,0.06642,178.93273501957242,11.88471226
1646780400000.0,2022-03-08 23:00:00,ETH/BTC,0.06663,0.0666875,0.06649,0.0665125,68.9213541439579,4.5841315675
1646776800000.0,2022-03-08 22:00:00,ETH/BTC,0.0664625,0.066695,0.06644,0.06663,139.7194722347291,9.309508435
1646773200000.0,2022-03-08 21:00:00,ETH/BTC,0.0663225,0.0664825,0.0662725,0.0664625,66.91118871544104,4.44708488
1646769600000.0,2022-03-08 20:00:00,ETH/BTC,0.0665625,0.066625,0.06631,0.0663225,94.24059319989445,6.2502717425
1646766000000.0,2022-03-08 19:00:00,ETH/BTC,0.0664525,0.0665675,0.06634,0.0665625,62.750139079812215,4.1768061325
1646762400000.0,2022-03-08 18:00:00,ETH/BTC,0.0663625,0.0667125,0.06636,0.0664525,98.13777374816598,6.52150041
1646758800000.0,2022-03-08 17:00:00,ETH/BTC,0.0663075,0.066765,0.066285,0.0663625,188.28392461857223,12.4949919475
1646755200000.0,2022-03-08 16:00:00,ETH/BTC,0.0662,0.0666,0.0660825,0.0663075,441.15423511669115,29.251834445
1646751600000.0,2022-03-08 15:00:00,ETH/BTC,0.066405,0.066455,0.06602,0.0662,290.7143789652568,19.2452918875
1646748000000.0,2022-03-08 14:00:00,ETH/BTC,0.0665925,0.06677,0.066355,0.066405,438.7579824937881,29.1357238275
1646744400000.0,2022-03-08 13:00:00,ETH/BTC,0.066365,0.066655,0.0661425,0.0665925,276.25642302061044,18.39660585
1646740800000.0,2022-03-08 12:00:00,ETH/BTC,0.066385,0.0665,0.0662875,0.066365,118.20356042341598,7.8445792875
1646737200000.0,2022-03-08 11:00:00,ETH/BTC,0.066515,0.0665775,0.0662925,0.066385,182.51844245688034,12.1164868025
1646733600000.0,2022-03-08 10:00:00,ETH/BTC,0.0663175,0.066655,0.06628,0.066515,205.53159024280234,13.670933725
1646730000000.0,2022-03-08 09:00:00,ETH/BTC,0.0662725,0.0664425,0.0662475,0.0663175,156.18143182417913,10.357562105
1646726400000.0,2022-03-08 08:00:00,ETH/BTC,0.0657775,0.0663425,0.065695,0.0662725,302.04659862688146,20.0173832075
1646722800000.0,2022-03-08 07:00:00,ETH/BTC,0.065765,0.06589,0.0656275,0.0657775,123.93938573220325,8.152422945
1646719200000.0,2022-03-08 06:00:00,ETH/BTC,0.06582,0.06585,0.065635,0.065765,150.40069121113052,9.8911014575
1646715600000.0,2022-03-08 05:00:00,ETH/BTC,0.0659075,0.06596,0.0656875,0.06582,211.76631852020662,13.938459085
1646712000000.0,2022-03-08 04:00:00,ETH/BTC,0.0658925,0.06611,0.065865,0.0659075,79.8213015210712,5.26082243
1646708400000.0,2022-03-08 03:00:00,ETH/BTC,0.0659625,0.0660375,0.0658,0.0658925,144.583763098987,9.52698561
1646704800000.0,2022-03-08 02:00:00,ETH/BTC,0.06594,0.0660725,0.065875,0.0659625,225.74719097972334,14.890849085
1646701200000.0,2022-03-08 01:00:00,ETH/BTC,0.0659475,0.06622,0.06587,0.06594,207.23944555656658,13.66536904
1646697600000.0,2022-03-08 00:00:00,ETH/BTC,0.0655975,0.0659575,0.065485,0.0659475,193.89788763789375,12.787080945
1646694000000.0,2022-03-07 23:00:00,ETH/BTC,0.0655275,0.0657,0.0653875,0.0655975,575.3261833149129,37.73995931
1646690400000.0,2022-03-07 22:00:00,ETH/BTC,0.06565,0.0657825,0.0654175,0.0655275,110.72121189576896,7.2552842125
1646686800000.0,2022-03-07 21:00:00,ETH/BTC,0.0656725,0.065765,0.0653075,0.06565,776.663210357959,50.98793976
1646683200000.0,2022-03-07 20:00:00,ETH/BTC,0.0659675,0.0659675,0.0656725,0.0656725,334.893983478625,21.99332513
1646679600000.0,2022-03-07 19:00:00,ETH/BTC,0.0664275,0.0665275,0.06555,0.0659675,526.273407890249,34.716941035
1646676000000.0,2022-03-07 18:00:00,ETH/BTC,0.0666,0.066725,0.0664175,0.0664275,106.84162372511383,7.09722196
1646672400000.0,2022-03-07 17:00:00,ETH/BTC,0.066785,0.06682,0.0664825,0.0666,197.26572015765763,13.1378969625
1646668800000.0,2022-03-07 16:00:00,ETH/BTC,0.06699,0.0670475,0.0666225,0.066785,230.796509096354,15.41374486
1646665200000.0,2022-03-07 15:00:00,ETH/BTC,0.0671925,0.0672725,0.06685,0.06699,197.41736971936112,13.2249895975
1646661600000.0,2022-03-07 14:00:00,ETH/BTC,0.067145,0.06753,0.0670875,0.0671925,352.0410608326822,23.65451898
1646658000000.0,2022-03-07 13:00:00,ETH/BTC,0.0663275,0.06719,0.0663075,0.067145,284.95960306054064,19.1336125475
1646654400000.0,2022-03-07 12:00:00,ETH/BTC,0.066215,0.066435,0.0660825,0.0663275,269.71483046247783,17.8895104175
1646650800000.0,2022-03-07 11:00:00,ETH/BTC,0.0663275,0.0663425,0.06617,0.066215,134.0654075360568,8.87714096
1646647200000.0,2022-03-07 10:00:00,ETH/BTC,0.0663525,0.0663525,0.06618,0.0663275,73.86309445554258,4.8991543975
1646643600000.0,2022-03-07 09:00:00,ETH/BTC,0.066405,0.06645,0.0662925,0.0663525,26.750711050827025,1.774976555
1646640000000.0,2022-03-07 08:00:00,ETH/BTC,0.066515,0.06655,0.066255,0.066405,180.88148859272644,12.01143525
1646636400000.0,2022-03-07 07:00:00,ETH/BTC,0.06651,0.066525,0.06634,0.066515,55.92550875742314,3.719885215
1646632800000.0,2022-03-07 06:00:00,ETH/BTC,0.0665275,0.0665525,0.0664175,0.06651,57.504197301157724,3.8246041625
1646629200000.0,2022-03-07 05:00:00,ETH/BTC,0.0665925,0.0666125,0.06646,0.0665275,69.19058855360565,4.60307688
1646625600000.0,2022-03-07 04:00:00,ETH/BTC,0.0666725,0.066715,0.0665825,0.0665925,40.67863715883921,2.708892145
1646622000000.0,2022-03-07 03:00:00,ETH/BTC,0.06669,0.0667325,0.0666,0.0666725,65.1314403989651,4.34247596
1646618400000.0,2022-03-07 02:00:00,ETH/BTC,0.066435,0.06678,0.066395,0.06669,296.85260346378766,19.797100125
1646614800000.0,2022-03-07 01:00:00,ETH/BTC,0.066215,0.0664575,0.06618,0.066435,314.4219561977873,20.88862266
1646611200000.0,2022-03-07 00:00:00,ETH/BTC,0.0664,0.066415,0.0660025,0.066215,427.01279298497326,28.2746520875
1646607600000.0,2022-03-06 23:00:00,ETH/BTC,0.0674625,0.0674875,0.06639,0.0664,380.09019612198796,25.2379890225
1646604000000.0,2022-03-06 22:00:00,ETH/BTC,0.0673975,0.067515,0.06733,0.0674625,151.69488589957385,10.23371624
1646600400000.0,2022-03-06 21:00:00,ETH/BTC,0.067355,0.06748,0.0672375,0.0673975,158.92567995845542,10.711193515
1646596800000.0,2022-03-06 20:00:00,ETH/BTC,0.0674175,0.0675175,0.0673225,0.067355,82.29827837577018,5.54320054
1646593200000.0,2022-03-06 19:00:00,ETH/BTC,0.06746,0.067615,0.067395,0.0674175,83.07959246486446,5.601018425
1646589600000.0,2022-03-06 18:00:00,ETH/BTC,0.06747,0.067645,0.06738,0.06746,313.1372162021939,21.124236605
1646586000000.0,2022-03-06 17:00:00,ETH/BTC,0.0674875,0.0675675,0.06734,0.06747,105.55357499629464,7.121699705
1646582400000.0,2022-03-06 16:00:00,ETH/BTC,0.0676,0.0677825,0.06733,0.0674875,593.9831269123911,40.0864362775
1646578800000.0,2022-03-06 15:00:00,ETH/BTC,0.0676725,0.06773,0.06757,0.0676,312.1738766642012,21.1029540625
1646575200000.0,2022-03-06 14:00:00,ETH/BTC,0.06787,0.0679,0.067605,0.0676725,112.89350607706233,7.63978579
1646571600000.0,2022-03-06 13:00:00,ETH/BTC,0.06797,0.0680975,0.0677575,0.06787,212.73888901576544,14.4385883975
1646568000000.0,2022-03-06 12:00:00,ETH/BTC,0.068015,0.0681,0.0677675,0.06797,762.6106899735177,51.8346485975
1646564400000.0,2022-03-06 11:00:00,ETH/BTC,0.067915,0.06805,0.06791,0.068015,134.9065602073072,9.1756696925
1646560800000.0,2022-03-06 10:00:00,ETH/BTC,0.0674375,0.068065,0.0674225,0.067915,923.6401837959213,62.7290230825
1646557200000.0,2022-03-06 09:00:00,ETH/BTC,0.0673375,0.06759,0.06723,0.0674375,330.74826127896205,22.30483587
1646553600000.0,2022-03-06 08:00:00,ETH/BTC,0.0671525,0.0674075,0.0671125,0.0673375,188.0501019120104,12.6628237375
1646550000000.0,2022-03-06 07:00:00,ETH/BTC,0.0670725,0.0671975,0.0670175,0.0671525,57.015494881054316,3.82873302
1646546400000.0,2022-03-06 06:00:00,ETH/BTC,0.067095,0.067205,0.06701,0.0670725,163.22177438592567,10.9476924625
1646542800000.0,2022-03-06 05:00:00,ETH/BTC,0.06705,0.0671975,0.06701,0.067095,207.39354851330205,13.9150701375
1646539200000.0,2022-03-06 04:00:00,ETH/BTC,0.06714,0.0675675,0.0669875,0.06705,489.64309921700226,32.8305698025
1646535600000.0,2022-03-06 03:00:00,ETH/BTC,0.067415,0.06745,0.0670325,0.06714,291.597438598451,19.5778520275
1646532000000.0,2022-03-06 02:00:00,ETH/BTC,0.06745,0.0675,0.0672875,0.067415,360.66011907587335,24.3139019275
1646528400000.0,2022-03-06 01:00:00,ETH/BTC,0.06745,0.0675125,0.067395,0.06745,205.61424021497407,13.8686805025
1646524800000.0,2022-03-06 00:00:00,ETH/BTC,0.0676525,0.0677,0.067445,0.06745,157.03020985915492,10.591687655
1646521200000.0,2022-03-05 23:00:00,ETH/BTC,0.06766,0.067675,0.06757,0.0676525,79.7999327445401,5.39866495
1646517600000.0,2022-03-05 22:00:00,ETH/BTC,0.06744,0.0677175,0.06742,0.06766,138.03967828111143,9.3397646325
1646514000000.0,2022-03-05 21:00:00,ETH/BTC,0.0675875,0.0675875,0.0674325,0.06744,39.345780693950175,2.65347945
1646510400000.0,2022-03-05 20:00:00,ETH/BTC,0.06773,0.067805,0.0675225,0.0675875,56.27655809136305,3.80359187
1646506800000.0,2022-03-05 19:00:00,ETH/BTC,0.0677275,0.0678175,0.0676975,0.06773,69.52946172301786,4.7092304425
1646503200000.0,2022-03-05 18:00:00,ETH/BTC,0.0676725,0.06773,0.0676025,0.0677275,58.70944158576649,3.976243705
1646499600000.0,2022-03-05 17:00:00,ETH/BTC,0.067595,0.06768,0.067495,0.0676725,111.02746887583582,7.5135063875
1646496000000.0,2022-03-05 16:00:00,ETH/BTC,0.06749,0.06783,0.0674725,0.067595,518.6869337968785,35.06064329
1646492400000.0,2022-03-05 15:00:00,ETH/BTC,0.06753,0.067625,0.067465,0.06749,115.32022451474293,7.7829619525
1646488800000.0,2022-03-05 14:00:00,ETH/BTC,0.0675725,0.0677775,0.0674975,0.06753,158.65435132533688,10.713928345
1646485200000.0,2022-03-05 13:00:00,ETH/BTC,0.0679175,0.0679175,0.0675575,0.0675725,226.21877609234528,15.2861682475
1646481600000.0,2022-03-05 12:00:00,ETH/BTC,0.067685,0.0680075,0.067685,0.0679175,146.52278131556668,9.951461
1646478000000.0,2022-03-05 11:00:00,ETH/BTC,0.0676575,0.0677625,0.06753,0.067685,205.07656977173673,13.880607625
1646474400000.0,2022-03-05 10:00:00,ETH/BTC,0.0678675,0.0679225,0.06762,0.0676575,255.86704877508038,17.3113248525
1646470800000.0,2022-03-05 09:00:00,ETH/BTC,0.0678175,0.067975,0.0677625,0.0678675,441.8346333664862,29.98621198
1646467200000.0,2022-03-05 08:00:00,ETH/BTC,0.06761,0.067825,0.06756,0.0678175,302.13136200095846,20.4897936425
1646463600000.0,2022-03-05 07:00:00,ETH/BTC,0.0673625,0.0676175,0.06732,0.06761,603.5609137701524,40.80675338
1646460000000.0,2022-03-05 06:00:00,ETH/BTC,0.0673,0.06738,0.0672325,0.0673625,66.84554982371498,4.50288335
1646456400000.0,2022-03-05 05:00:00,ETH/BTC,0.06738,0.06747,0.0673,0.0673,218.59160330609214,14.7112149025
1646452800000.0,2022-03-05 04:00:00,ETH/BTC,0.06724,0.06759,0.067175,0.06738,467.08101576877414,31.4719188425
1646449200000.0,2022-03-05 03:00:00,ETH/BTC,0.0671575,0.06731,0.067085,0.06724,207.70799412552054,13.966285525
1646445600000.0,2022-03-05 02:00:00,ETH/BTC,0.0670225,0.06716,0.0669825,0.0671575,169.6491787588877,11.3932147225
1646442000000.0,2022-03-05 01:00:00,ETH/BTC,0.06698,0.0671575,0.0669275,0.0670225,108.4758592636801,7.2703232775
1646438400000.0,2022-03-05 00:00:00,ETH/BTC,0.06698,0.06713,0.0669125,0.06698,320.16228568229326,21.444469895
1646434800000.0,2022-03-04 23:00:00,ETH/BTC,0.0669725,0.0671125,0.0668,0.06698,106.74124074350551,7.149528305
1646431200000.0,2022-03-04 22:00:00,ETH/BTC,0.0662275,0.06713,0.066225,0.0669725,294.0062269588264,19.690332035
1646427600000.0,2022-03-04 21:00:00,ETH/BTC,0.066235,0.0665025,0.0661675,0.0662275,162.7755159488128,10.7802154825
1646424000000.0,2022-03-04 20:00:00,ETH/BTC,0.0657875,0.066505,0.0657875,0.066235,205.23227557182759,13.5935597725
1646420400000.0,2022-03-04 19:00:00,ETH/BTC,0.0658,0.065825,0.065405,0.0657875,503.1733662929888,33.102517835
1646416800000.0,2022-03-04 18:00:00,ETH/BTC,0.06589,0.0659575,0.065755,0.0658,51.57560478723404,3.393674795
1646413200000.0,2022-03-04 17:00:00,ETH/BTC,0.065655,0.0658975,0.0656375,0.06589,94.36492130824101,6.217704665
1646409600000.0,2022-03-04 16:00:00,ETH/BTC,0.065655,0.06583,0.065415,0.065655,289.9586487320082,19.0372350825
1646406000000.0,2022-03-04 15:00:00,ETH/BTC,0.0658225,0.06592,0.06558,0.065655,305.9057046683421,20.08423904
1646402400000.0,2022-03-04 14:00:00,ETH/BTC,0.06586,0.0658725,0.0652275,0.0658225,628.9127157506931,41.3966072325
1646398800000.0,2022-03-04 13:00:00,ETH/BTC,0.06577,0.06591,0.06566,0.06586,311.32026734740356,20.5035528075
1646395200000.0,2022-03-04 12:00:00,ETH/BTC,0.0658675,0.065905,0.06575,0.06577,108.2332153337388,7.1184985725
1646391600000.0,2022-03-04 11:00:00,ETH/BTC,0.0657925,0.0659,0.0657175,0.0658675,72.44799229513796,4.7719681325
1646388000000.0,2022-03-04 10:00:00,ETH/BTC,0.065745,0.065835,0.0656875,0.0657925,116.92789394687844,7.6929784625
1646384400000.0,2022-03-04 09:00:00,ETH/BTC,0.0659775,0.06599,0.065625,0.065745,295.8496445737319,19.4506348825
1646380800000.0,2022-03-04 08:00:00,ETH/BTC,0.0659625,0.0662075,0.0658675,0.0659775,395.9604808078512,26.1244826225
1646377200000.0,2022-03-04 07:00:00,ETH/BTC,0.0658075,0.0659875,0.065775,0.0659625,178.85989084707222,11.79804555
1646373600000.0,2022-03-04 06:00:00,ETH/BTC,0.0658775,0.0659075,0.065805,0.0658075,46.87427401891882,3.0846787875
1646370000000.0,2022-03-04 05:00:00,ETH/BTC,0.0659275,0.06598,0.06583,0.0658775,34.71726405070016,2.2870865625
1646366400000.0,2022-03-04 04:00:00,ETH/BTC,0.065745,0.06604,0.065735,0.0659275,359.3784633119715,23.69292364
1646362800000.0,2022-03-04 03:00:00,ETH/BTC,0.06583,0.06584,0.0657275,0.065745,114.73937364058104,7.54354012
1646359200000.0,2022-03-04 02:00:00,ETH/BTC,0.0658475,0.065905,0.065735,0.06583,130.1603839434908,8.568458075
1646355600000.0,2022-03-04 01:00:00,ETH/BTC,0.0657275,0.0658725,0.0654675,0.0658475,728.9156740195148,47.997274845
1646352000000.0,2022-03-04 00:00:00,ETH/BTC,0.0667525,0.0667525,0.0656475,0.0657275,674.3883878133202,44.32586276
1646348400000.0,2022-03-03 23:00:00,ETH/BTC,0.0666975,0.0668675,0.066685,0.0667525,40.55083622336242,2.706869695
1646344800000.0,2022-03-03 22:00:00,ETH/BTC,0.06662,0.0667375,0.066395,0.0666975,386.65950530379695,25.789222355
1646341200000.0,2022-03-03 21:00:00,ETH/BTC,0.0666975,0.066855,0.066565,0.0666175,124.34902596915225,8.2838212375
1646337600000.0,2022-03-03 20:00:00,ETH/BTC,0.0667125,0.06692,0.06664,0.0666975,224.17783357697064,14.952101055
1646334000000.0,2022-03-03 19:00:00,ETH/BTC,0.066665,0.0667225,0.066515,0.0667125,45.408656061457755,3.0293249675
1646330400000.0,2022-03-03 18:00:00,ETH/BTC,0.066505,0.066745,0.0664875,0.066665,63.085083064576615,4.2055670625
1646326800000.0,2022-03-03 17:00:00,ETH/BTC,0.0664625,0.066595,0.066195,0.066505,187.67030133072703,12.48101339
1646323200000.0,2022-03-03 16:00:00,ETH/BTC,0.0664475,0.0665275,0.0663125,0.0664625,201.87301730299043,13.4169854125
1646319600000.0,2022-03-03 15:00:00,ETH/BTC,0.066495,0.066565,0.065945,0.0664475,591.429953835735,39.2990418575
1646316000000.0,2022-03-03 14:00:00,ETH/BTC,0.0666075,0.06663,0.0662775,0.066495,92.17192240018046,6.12897198
1646312400000.0,2022-03-03 13:00:00,ETH/BTC,0.06688,0.0669125,0.0665775,0.0666075,291.93415820290505,19.4450044425
1646308800000.0,2022-03-03 12:00:00,ETH/BTC,0.0671175,0.067205,0.06686,0.06688,127.0117621860048,8.494546655
1646305200000.0,2022-03-03 11:00:00,ETH/BTC,0.0670875,0.0673125,0.0670475,0.067115,137.84264925873504,9.251309405
1646301600000.0,2022-03-03 10:00:00,ETH/BTC,0.0668625,0.0670925,0.0667175,0.0670875,256.9801172349544,17.240153615
1646298000000.0,2022-03-03 09:00:00,ETH/BTC,0.06688,0.0669275,0.066795,0.0668625,118.51985395401009,7.924533735
1646294400000.0,2022-03-03 08:00:00,ETH/BTC,0.0668825,0.06698,0.066775,0.06688,50.897698116028714,3.40403805
1646290800000.0,2022-03-03 07:00:00,ETH/BTC,0.0670925,0.0671225,0.0668075,0.0668825,111.72150319590327,7.4722134375
1646287200000.0,2022-03-03 06:00:00,ETH/BTC,0.0669075,0.06712,0.0668425,0.0670925,69.65289279725752,4.67318671
1646283600000.0,2022-03-03 05:00:00,ETH/BTC,0.06681,0.06702,0.0667975,0.0669075,48.98775892089826,3.27764848
1646280000000.0,2022-03-03 04:00:00,ETH/BTC,0.0668275,0.06695,0.0667675,0.06681,84.29793152222722,5.631944805
1646276400000.0,2022-03-03 03:00:00,ETH/BTC,0.0669325,0.0669375,0.0664475,0.0668275,294.70605035352213,19.69446858
1646272800000.0,2022-03-03 02:00:00,ETH/BTC,0.06724,0.0672475,0.0668,0.0669325,215.27021088409964,14.40857339
1646269200000.0,2022-03-03 01:00:00,ETH/BTC,0.0674225,0.0674225,0.0672,0.06724,115.71302353509817,7.7805437025
1646265600000.0,2022-03-03 00:00:00,ETH/BTC,0.0671325,0.067425,0.06709,0.0674225,112.90191393822538,7.6121292925
1646262000000.0,2022-03-02 23:00:00,ETH/BTC,0.0671775,0.067255,0.06711,0.0671325,30.48698387517224,2.046667445
1646258400000.0,2022-03-02 22:00:00,ETH/BTC,0.0675275,0.067565,0.067175,0.0671775,42.35290476722117,2.84516226
1646254800000.0,2022-03-02 21:00:00,ETH/BTC,0.0673175,0.0675425,0.06716,0.0675275,80.63800473881011,5.445282865
1646251200000.0,2022-03-02 20:00:00,ETH/BTC,0.0671025,0.06732,0.06703,0.0673175,90.5767799606343,6.097402385
1646247600000.0,2022-03-02 19:00:00,ETH/BTC,0.0670825,0.0672625,0.0670375,0.0671025,177.9670961961179,11.9420370725
1646244000000.0,2022-03-02 18:00:00,ETH/BTC,0.0673175,0.0674575,0.06701,0.0670825,99.02996146535982,6.64317739
1646240400000.0,2022-03-02 17:00:00,ETH/BTC,0.06701,0.0673925,0.0668375,0.0673175,48.780661566457454,3.283792185
1646236800000.0,2022-03-02 16:00:00,ETH/BTC,0.06691,0.06707,0.0668725,0.06701,52.10704152365319,3.4916928525
1646233200000.0,2022-03-02 15:00:00,ETH/BTC,0.06719,0.06723,0.06655,0.06691,401.07708048124346,26.836067455
1646229600000.0,2022-03-02 14:00:00,ETH/BTC,0.0676425,0.06781,0.067155,0.06719,388.7376032891799,26.119279565
1646226000000.0,2022-03-02 13:00:00,ETH/BTC,0.06786,0.0679125,0.0673475,0.0676425,279.8911564844588,18.9325375525
1646222400000.0,2022-03-02 12:00:00,ETH/BTC,0.0681325,0.068295,0.0675025,0.06786,261.5774309608016,17.750644465
1646218800000.0,2022-03-02 11:00:00,ETH/BTC,0.0681275,0.06814,0.0678725,0.0681325,68.57543312662827,4.6722156975
1646215200000.0,2022-03-02 10:00:00,ETH/BTC,0.06815,0.0682875,0.067935,0.0681275,261.95370848776196,17.846251275
1646211600000.0,2022-03-02 09:00:00,ETH/BTC,0.06791,0.0682,0.0678625,0.06815,561.4633337123992,38.2637261925
1646208000000.0,2022-03-02 08:00:00,ETH/BTC,0.06751,0.068075,0.0674325,0.06791,506.6944319319688,34.4096188725
1646204400000.0,2022-03-02 07:00:00,ETH/BTC,0.067535,0.067835,0.067485,0.06751,523.6518489853355,35.351736325
1646200800000.0,2022-03-02 06:00:00,ETH/BTC,0.0677725,0.0677725,0.0674775,0.067535,235.59059173021396,15.9106106125
1646197200000.0,2022-03-02 05:00:00,ETH/BTC,0.06775,0.0678375,0.06753,0.0677725,358.05709856505223,24.2664247125
1646193600000.0,2022-03-02 04:00:00,ETH/BTC,0.0680575,0.068395,0.067625,0.06775,868.4009726568265,58.8341658975
1646190000000.0,2022-03-02 03:00:00,ETH/BTC,0.06665,0.06812,0.066535,0.0680575,1985.0141533996984,135.095100745
1646186400000.0,2022-03-02 02:00:00,ETH/BTC,0.06658,0.06665,0.0663525,0.06665,369.5269381470368,24.6289704275
1646182800000.0,2022-03-02 01:00:00,ETH/BTC,0.0664725,0.0666975,0.0664375,0.06658,59.68983745118654,3.9741493775
1646179200000.0,2022-03-02 00:00:00,ETH/BTC,0.06699,0.0670025,0.0664325,0.0664725,104.92190266651622,6.974421175
1646175600000.0,2022-03-01 23:00:00,ETH/BTC,0.06733,0.06736,0.06691,0.06699,61.510651179280494,4.1205985225
1646172000000.0,2022-03-01 22:00:00,ETH/BTC,0.0673475,0.067385,0.067065,0.06733,86.0808945492351,5.79582663
1646168400000.0,2022-03-01 21:00:00,ETH/BTC,0.0674425,0.067455,0.06704,0.0673475,209.09297071160768,14.081888845
1646164800000.0,2022-03-01 20:00:00,ETH/BTC,0.067385,0.067625,0.0672825,0.0674425,71.05904496422879,4.79239964
1646161200000.0,2022-03-01 19:00:00,ETH/BTC,0.06742,0.06763,0.06736,0.067385,125.56545021147139,8.4612278625
1646157600000.0,2022-03-01 18:00:00,ETH/BTC,0.0672425,0.0674925,0.0670725,0.06742,267.3333265351528,18.023612875
1646154000000.0,2022-03-01 17:00:00,ETH/BTC,0.0669825,0.067475,0.0669575,0.067245,269.80053996579676,18.14273731
1646150400000.0,2022-03-01 16:00:00,ETH/BTC,0.0675725,0.06764,0.06697,0.0669825,430.25736830515433,28.8197141725
1646146800000.0,2022-03-01 15:00:00,ETH/BTC,0.06785,0.067895,0.0673475,0.0675725,197.82209515705355,13.367333525
1646143200000.0,2022-03-01 14:00:00,ETH/BTC,0.06794,0.068165,0.0676575,0.06785,628.7088825718497,42.6578976825
1646139600000.0,2022-03-01 13:00:00,ETH/BTC,0.066075,0.0679925,0.065835,0.06794,935.5716048351486,63.5627348325
1646136000000.0,2022-03-01 12:00:00,ETH/BTC,0.066565,0.06662,0.0659225,0.066075,1008.5806250094589,66.6419647975
1646132400000.0,2022-03-01 11:00:00,ETH/BTC,0.06701,0.0670625,0.06644,0.066565,196.29837189213552,13.066601125
1646128800000.0,2022-03-01 10:00:00,ETH/BTC,0.06691,0.06703,0.06659,0.06701,270.6190161543053,18.1341802725
1646125200000.0,2022-03-01 09:00:00,ETH/BTC,0.0672175,0.06726,0.0668375,0.06691,339.07973288746075,22.6878249275
1646121600000.0,2022-03-01 08:00:00,ETH/BTC,0.06714,0.0672775,0.0670675,0.0672175,781.6541232193997,52.5408360275
1646118000000.0,2022-03-01 07:00:00,ETH/BTC,0.0671225,0.0673425,0.06712,0.06714,775.9748077152218,52.09894859
1646114400000.0,2022-03-01 06:00:00,ETH/BTC,0.06742,0.06743,0.066945,0.0671225,96.18353670527766,6.4560794425
1646110800000.0,2022-03-01 05:00:00,ETH/BTC,0.0674975,0.0676275,0.067335,0.06742,95.55549517947198,6.442351485
1646107200000.0,2022-03-01 04:00:00,ETH/BTC,0.06749,0.0675775,0.0672,0.0674975,191.75796829512205,12.943183465
1646103600000.0,2022-03-01 03:00:00,ETH/BTC,0.0675875,0.067595,0.0673125,0.06749,225.06657838198254,15.189743375
1646100000000.0,2022-03-01 02:00:00,ETH/BTC,0.06743,0.0677225,0.06743,0.0675875,84.93901627519881,5.7408157625
1646096400000.0,2022-03-01 01:00:00,ETH/BTC,0.06766,0.0677325,0.067365,0.06743,225.45413944090166,15.2023726225
1646092800000.0,2022-03-01 00:00:00,ETH/BTC,0.067675,0.0682325,0.067605,0.06766,344.40997195536505,23.3027787025
1646089200000.0,2022-02-28 23:00:00,ETH/BTC,0.06735,0.0677,0.0671225,0.067675,1132.1688542297748,76.61952721
1646085600000.0,2022-02-28 22:00:00,ETH/BTC,0.06772,0.06833,0.066535,0.06735,1725.7419493318487,116.2287202875
1646082000000.0,2022-02-28 21:00:00,ETH/BTC,0.06763,0.0678825,0.067625,0.06772,117.69916151063201,7.9705872175
1646078400000.0,2022-02-28 20:00:00,ETH/BTC,0.0679275,0.0679975,0.0676125,0.06763,164.20980263936124,11.1055089525
1646074800000.0,2022-02-28 19:00:00,ETH/BTC,0.068155,0.068155,0.0677,0.0679275,2022.8526001619373,137.4073199975
1646071200000.0,2022-02-28 18:00:00,ETH/BTC,0.068165,0.06823,0.0680225,0.068155,464.6204632088622,31.66620767
1646067600000.0,2022-02-28 17:00:00,ETH/BTC,0.0685525,0.0686075,0.0681325,0.068165,480.8241632436,32.7753790875
1646064000000.0,2022-02-28 16:00:00,ETH/BTC,0.06898,0.06905,0.0684625,0.0685525,806.1561503592137,55.2640194975
1646060400000.0,2022-02-28 15:00:00,ETH/BTC,0.0692425,0.0695275,0.06891,0.06898,2097.1836179327343,144.663725965
1646056800000.0,2022-02-28 14:00:00,ETH/BTC,0.0689,0.0692825,0.0687425,0.0692425,738.7464975268081,51.152654355
1646053200000.0,2022-02-28 13:00:00,ETH/BTC,0.0688425,0.06892,0.0687275,0.0689,168.70373287373005,11.623687195
1646049600000.0,2022-02-28 12:00:00,ETH/BTC,0.068895,0.0690525,0.06881,0.0688425,235.02081141736573,16.17942021
1646046000000.0,2022-02-28 11:00:00,ETH/BTC,0.068805,0.068975,0.0686775,0.0689,155.42235007256892,10.70859992
1646042400000.0,2022-02-28 10:00:00,ETH/BTC,0.0685675,0.0688875,0.06853,0.068805,173.04678235593343,11.90648386
1646038800000.0,2022-02-28 09:00:00,ETH/BTC,0.0685525,0.068745,0.0684775,0.0685675,113.00698308236409,7.7486063125
1646035200000.0,2022-02-28 08:00:00,ETH/BTC,0.0687225,0.0688,0.0685025,0.0685525,97.75915805404617,6.7016346825
1646031600000.0,2022-02-28 07:00:00,ETH/BTC,0.0686175,0.06914,0.0685275,0.06872,276.6175188445867,19.009155895
1646028000000.0,2022-02-28 06:00:00,ETH/BTC,0.068995,0.0690075,0.0685775,0.0686175,671.5502740554524,46.08010093
1646024400000.0,2022-02-28 05:00:00,ETH/BTC,0.0690575,0.0691425,0.06887,0.068995,242.7575044930792,16.7490540225
1646020800000.0,2022-02-28 04:00:00,ETH/BTC,0.069,0.0692525,0.068955,0.0690575,271.53272378090725,18.7513710725
1646017200000.0,2022-02-28 03:00:00,ETH/BTC,0.0691725,0.0692,0.06899,0.069,370.8377618115942,25.587805565
1646013600000.0,2022-02-28 02:00:00,ETH/BTC,0.069625,0.069675,0.069,0.0691725,328.6760033611623,22.7353408425
1646010000000.0,2022-02-28 01:00:00,ETH/BTC,0.0693425,0.07,0.0692575,0.069625,2294.0159623339314,159.7208613775
1646006400000.0,2022-02-28 00:00:00,ETH/BTC,0.0694325,0.069475,0.0691225,0.0693425,625.1692331542705,43.35079755
1646002800000.0,2022-02-27 23:00:00,ETH/BTC,0.06952,0.06973,0.068915,0.0694325,998.9415440175712,69.359008755
1645999200000.0,2022-02-27 22:00:00,ETH/BTC,0.0695725,0.06973,0.069105,0.06952,156.35323568757192,10.869676945
1645995600000.0,2022-02-27 21:00:00,ETH/BTC,0.0693775,0.069765,0.06898,0.0695725,374.2215199971253,26.0355267
1645992000000.0,2022-02-27 20:00:00,ETH/BTC,0.06931,0.0696,0.068895,0.0693775,1042.8645409534793,72.35133469
1645988400000.0,2022-02-27 19:00:00,ETH/BTC,0.0703575,0.07049,0.0689075,0.06931,784.1095870365027,54.3466354775
1645984800000.0,2022-02-27 18:00:00,ETH/BTC,0.0709625,0.0709675,0.0703125,0.0703575,559.6330124720179,39.374379675
1645981200000.0,2022-02-27 17:00:00,ETH/BTC,0.0710425,0.0710675,0.070865,0.0709625,56.121608948388236,3.982529675
1645977600000.0,2022-02-27 16:00:00,ETH/BTC,0.071365,0.0713675,0.0709075,0.0710425,341.66529165640287,24.2727564825
1645974000000.0,2022-02-27 15:00:00,ETH/BTC,0.07119,0.0716875,0.0710575,0.071365,791.2765217893926,56.4694489775
1645970400000.0,2022-02-27 14:00:00,ETH/BTC,0.07114,0.0712175,0.07087,0.0711925,787.1076775643501,56.036163335
1645966800000.0,2022-02-27 13:00:00,ETH/BTC,0.0711925,0.0712,0.070355,0.07114,909.6085846570143,64.7095547125
1645963200000.0,2022-02-27 12:00:00,ETH/BTC,0.0714575,0.071545,0.071115,0.0711925,304.86821786002736,21.7043306
1645959600000.0,2022-02-27 11:00:00,ETH/BTC,0.0713975,0.07159,0.07103,0.0714575,752.7545006472379,53.78995473
1645956000000.0,2022-02-27 10:00:00,ETH/BTC,0.0708275,0.07142,0.070705,0.0713975,292.13864414020094,20.857968845
1645952400000.0,2022-02-27 09:00:00,ETH/BTC,0.0706525,0.0709,0.0705475,0.0708275,199.9515262786347,14.1620667275
1645948800000.0,2022-02-27 08:00:00,ETH/BTC,0.0705425,0.070695,0.07042,0.0706525,108.08880513782245,7.636744305
1645945200000.0,2022-02-27 07:00:00,ETH/BTC,0.07047,0.070635,0.0704625,0.0705425,91.89967625899281,6.4828329125
1645941600000.0,2022-02-27 06:00:00,ETH/BTC,0.0702,0.0705925,0.0702,0.07047,201.15588353199942,14.1754551125
1645938000000.0,2022-02-27 05:00:00,ETH/BTC,0.0701875,0.07035,0.07011,0.0702,433.3815058404559,30.42338171
1645934400000.0,2022-02-27 04:00:00,ETH/BTC,0.0703725,0.070385,0.07016,0.0701875,127.33540085485306,8.9373534475
1645930800000.0,2022-02-27 03:00:00,ETH/BTC,0.0703125,0.0705375,0.07031,0.0703725,276.31830217769726,19.44520972
1645927200000.0,2022-02-27 02:00:00,ETH/BTC,0.070165,0.070435,0.0701025,0.0703125,345.89084099555555,24.3204497575
1645923600000.0,2022-02-27 01:00:00,ETH/BTC,0.07083,0.0708825,0.0701425,0.070165,571.7156941138744,40.1144316775
1645920000000.0,2022-02-27 00:00:00,ETH/BTC,0.0710575,0.071165,0.0707575,0.07083,252.92645531554427,17.91478083
1645916400000.0,2022-02-26 23:00:00,ETH/BTC,0.0713925,0.0714075,0.0710475,0.0710575,141.25337219857158,10.037111495
1645912800000.0,2022-02-26 22:00:00,ETH/BTC,0.07162,0.071625,0.071375,0.0713925,188.0942678502644,13.4285200175
1645909200000.0,2022-02-26 21:00:00,ETH/BTC,0.0718125,0.072125,0.0716,0.07162,466.5717094736107,33.4158658325
1645905600000.0,2022-02-26 20:00:00,ETH/BTC,0.071575,0.0718725,0.071575,0.0718125,219.30342022628372,15.748726865
1645902000000.0,2022-02-26 19:00:00,ETH/BTC,0.0714475,0.07208,0.0714475,0.071575,740.5439237862382,53.004431345
1645898400000.0,2022-02-26 18:00:00,ETH/BTC,0.071125,0.0714475,0.0710225,0.0714475,1070.8821847860318,76.5118548975
1645894800000.0,2022-02-26 17:00:00,ETH/BTC,0.07125,0.0713225,0.0711025,0.071125,103.13850646748682,7.3357262725
1645891200000.0,2022-02-26 16:00:00,ETH/BTC,0.0710175,0.07138,0.071005,0.07125,99.7970932631579,7.110542895
1645887600000.0,2022-02-26 15:00:00,ETH/BTC,0.0709875,0.071315,0.0709125,0.0710175,357.8285744710811,25.4120907875
1645884000000.0,2022-02-26 14:00:00,ETH/BTC,0.0709075,0.0710675,0.0708275,0.0709875,449.40128839584435,31.90187396
1645880400000.0,2022-02-26 13:00:00,ETH/BTC,0.0708325,0.0712275,0.0708125,0.0709075,464.06685950005283,32.90582084
1645876800000.0,2022-02-26 12:00:00,ETH/BTC,0.07069,0.070855,0.0706425,0.0708325,232.35233169801995,16.458096535
1645873200000.0,2022-02-26 11:00:00,ETH/BTC,0.071,0.071005,0.07058,0.07069,427.92534916536994,30.2500429325
1645869600000.0,2022-02-26 10:00:00,ETH/BTC,0.0708325,0.071055,0.07067,0.071,248.2222517605634,17.623779875
1645866000000.0,2022-02-26 09:00:00,ETH/BTC,0.0710475,0.07118,0.070735,0.0708325,108.57465549006457,7.690614285
1645862400000.0,2022-02-26 08:00:00,ETH/BTC,0.07121,0.071275,0.070855,0.0710475,93.18006710299449,6.6202108175
1645858800000.0,2022-02-26 07:00:00,ETH/BTC,0.0710375,0.071205,0.0707675,0.071205,292.692173829085,20.8411462375
1645855200000.0,2022-02-26 06:00:00,ETH/BTC,0.0711625,0.0712,0.0709925,0.0710375,381.7321224001407,27.117295645
1645851600000.0,2022-02-26 05:00:00,ETH/BTC,0.0713475,0.0713925,0.0709875,0.0711625,1261.763379026875,89.79023646
1645848000000.0,2022-02-26 04:00:00,ETH/BTC,0.07093,0.0715,0.0709275,0.0713475,665.9366608500649,47.51291591
1645844400000.0,2022-02-26 03:00:00,ETH/BTC,0.070855,0.0709625,0.07077,0.07093,206.32254483293386,14.634458105
1645840800000.0,2022-02-26 02:00:00,ETH/BTC,0.0709825,0.0711,0.070805,0.070855,171.78438603485992,12.1717826725
1645837200000.0,2022-02-26 01:00:00,ETH/BTC,0.0712175,0.07149,0.0708775,0.0709825,940.4107632515056,66.7527070025
1645833600000.0,2022-02-26 00:00:00,ETH/BTC,0.07059,0.07146,0.070545,0.0712175,2782.0405403517393,198.1299721825
1645830000000.0,2022-02-25 23:00:00,ETH/BTC,0.070835,0.0716975,0.0702525,0.07059,2614.041674706049,184.5252018175
1645826400000.0,2022-02-25 22:00:00,ETH/BTC,0.06948,0.07104,0.069295,0.0708675,2099.6855260168627,148.799464015
1645822800000.0,2022-02-25 21:00:00,ETH/BTC,0.0693775,0.0696225,0.0693125,0.06948,954.261142882844,66.3020642075
1645819200000.0,2022-02-25 20:00:00,ETH/BTC,0.0692675,0.0694675,0.0691375,0.0693775,120.95180732225866,8.3913340125
1645815600000.0,2022-02-25 19:00:00,ETH/BTC,0.0692125,0.0694425,0.0691425,0.0692675,137.31848106976577,9.5117078875
1645812000000.0,2022-02-25 18:00:00,ETH/BTC,0.06909,0.069315,0.06898,0.0692125,134.19343351995664,9.2878630175
1645808400000.0,2022-02-25 17:00:00,ETH/BTC,0.069215,0.06944,0.06893,0.06909,452.6119569040382,31.2709601025
1645804800000.0,2022-02-25 16:00:00,ETH/BTC,0.0693125,0.0694175,0.06893,0.069215,941.9279405114498,65.1955424025
1645801200000.0,2022-02-25 15:00:00,ETH/BTC,0.0687425,0.069415,0.068585,0.0693125,873.714711091073,60.5593509125
1645797600000.0,2022-02-25 14:00:00,ETH/BTC,0.06889,0.06897,0.068625,0.068745,403.7545947341625,27.756109615
1645794000000.0,2022-02-25 13:00:00,ETH/BTC,0.068795,0.06903,0.0687425,0.06889,541.7973846349252,37.3244218275
1645790400000.0,2022-02-25 12:00:00,ETH/BTC,0.067975,0.0690125,0.067975,0.068795,1001.8507806890036,68.9223244575
1645786800000.0,2022-02-25 11:00:00,ETH/BTC,0.0678375,0.0681125,0.06769,0.067975,219.95660882677458,14.951550485
1645783200000.0,2022-02-25 10:00:00,ETH/BTC,0.067675,0.067875,0.0676375,0.0678375,176.86844061175606,11.99831284
1645779600000.0,2022-02-25 09:00:00,ETH/BTC,0.06801,0.068075,0.06754,0.067675,234.52400073882526,15.87141175
1645776000000.0,2022-02-25 08:00:00,ETH/BTC,0.06793,0.06809,0.06783,0.06801,335.1292261799735,22.7921386725
1645772400000.0,2022-02-25 07:00:00,ETH/BTC,0.0680275,0.068165,0.067895,0.06793,469.5748632783748,31.8982204625
1645768800000.0,2022-02-25 06:00:00,ETH/BTC,0.06777,0.0681175,0.067665,0.0680275,212.24104556980632,14.4382277275
1645765200000.0,2022-02-25 05:00:00,ETH/BTC,0.0675825,0.0679175,0.0674,0.06777,285.5549715582116,19.3520604225
1645761600000.0,2022-02-25 04:00:00,ETH/BTC,0.0677425,0.0677825,0.0675575,0.0675825,208.5406628565087,14.0936993475
1645758000000.0,2022-02-25 03:00:00,ETH/BTC,0.0680475,0.0680475,0.067485,0.0677425,491.01443587851054,33.2625454225
1645754400000.0,2022-02-25 02:00:00,ETH/BTC,0.0681875,0.0684225,0.0680275,0.0680475,650.6293030971013,44.2736975025
1645750800000.0,2022-02-25 01:00:00,ETH/BTC,0.06761,0.0682675,0.0676025,0.0681875,429.8806637213566,29.3124877575
1645747200000.0,2022-02-25 00:00:00,ETH/BTC,0.0677525,0.0679,0.06755,0.06761,177.64333223635558,12.0104656925
1645743600000.0,2022-02-24 23:00:00,ETH/BTC,0.0677725,0.067845,0.06762,0.0677525,425.52639869377515,28.8304773275
1645740000000.0,2022-02-24 22:00:00,ETH/BTC,0.06866,0.06875,0.0674,0.0677725,1217.4871226161054,82.5121460175
1645736400000.0,2022-02-24 21:00:00,ETH/BTC,0.0690075,0.0690225,0.0684725,0.06866,760.1206607558987,52.1898845675
1645732800000.0,2022-02-24 20:00:00,ETH/BTC,0.0695925,0.07023,0.06848,0.0690075,1958.5199295728723,135.15256404
1645729200000.0,2022-02-24 19:00:00,ETH/BTC,0.0694025,0.0697075,0.0689425,0.0695925,1049.111935876711,73.0103223975
1645725600000.0,2022-02-24 18:00:00,ETH/BTC,0.0679425,0.0695775,0.0679175,0.0694025,1112.914454738662,77.239045445
1645722000000.0,2022-02-24 17:00:00,ETH/BTC,0.068445,0.06847,0.067815,0.0679425,382.39273267836774,25.98071824
1645718400000.0,2022-02-24 16:00:00,ETH/BTC,0.068355,0.0686325,0.0681575,0.068445,351.1628411498283,24.0353406625
1645714800000.0,2022-02-24 15:00:00,ETH/BTC,0.06839,0.0688,0.0680625,0.068355,612.9875595420964,41.9007646325
1645711200000.0,2022-02-24 14:00:00,ETH/BTC,0.067405,0.06848,0.06729,0.06839,657.5652295657259,44.97088605
1645707600000.0,2022-02-24 13:00:00,ETH/BTC,0.067175,0.0675775,0.06683,0.067405,503.91900956902305,33.96666084
1645704000000.0,2022-02-24 12:00:00,ETH/BTC,0.06755,0.06755,0.0670325,0.067175,463.7372088574619,31.151547005
1645700400000.0,2022-02-24 11:00:00,ETH/BTC,0.067105,0.0675975,0.06682,0.06755,681.373022353812,46.02674766
1645696800000.0,2022-02-24 10:00:00,ETH/BTC,0.067045,0.06724,0.0666875,0.067105,467.5162817971835,31.37268009
1645693200000.0,2022-02-24 09:00:00,ETH/BTC,0.06704,0.0673425,0.06694,0.067045,440.16534812439414,29.510885765
1645689600000.0,2022-02-24 08:00:00,ETH/BTC,0.06712,0.06764,0.0669,0.06704,843.5721173926014,56.55307475
1645686000000.0,2022-02-24 07:00:00,ETH/BTC,0.06708,0.067585,0.06676,0.06712,748.5874802964839,50.2451916775
1645682400000.0,2022-02-24 06:00:00,ETH/BTC,0.06735,0.0674,0.06702,0.0670825,647.831195356464,43.4581361625
1645678800000.0,2022-02-24 05:00:00,ETH/BTC,0.068465,0.06855,0.06699,0.06735,1569.1976416481073,105.685461165
1645675200000.0,2022-02-24 04:00:00,ETH/BTC,0.0686275,0.0687175,0.0680175,0.068465,747.1143049003141,51.151180885
1645671600000.0,2022-02-24 03:00:00,ETH/BTC,0.069475,0.069745,0.0683925,0.0686275,1521.0118537758187,104.383240995
1645668000000.0,2022-02-24 02:00:00,ETH/BTC,0.069565,0.06961,0.069185,0.069475,730.8239743792732,50.77399562
1645664400000.0,2022-02-24 01:00:00,ETH/BTC,0.0696875,0.06972,0.069395,0.069565,711.2984055200172,49.48147358
1645660800000.0,2022-02-24 00:00:00,ETH/BTC,0.06925,0.06973,0.0690775,0.0696875,983.5318403587444,68.539875125
1645657200000.0,2022-02-23 23:00:00,ETH/BTC,0.0700225,0.0700225,0.06925,0.06925,573.8382370036101,39.7382979125
1645653600000.0,2022-02-23 22:00:00,ETH/BTC,0.0697625,0.07009,0.06975,0.0700225,157.86343004034416,11.05399203
1645650000000.0,2022-02-23 21:00:00,ETH/BTC,0.0696175,0.069825,0.0695375,0.0697625,429.6874832108941,29.9760730475
1645646400000.0,2022-02-23 20:00:00,ETH/BTC,0.07,0.07,0.0696175,0.0696175,142.54529647717885,9.9236471775
1645642800000.0,2022-02-23 19:00:00,ETH/BTC,0.07012,0.0703075,0.0697725,0.07,157.81103753571426,11.0467726275
1645639200000.0,2022-02-23 18:00:00,ETH/BTC,0.07003,0.0701475,0.0697675,0.07012,201.80626354820308,14.1506552
1645635600000.0,2022-02-23 17:00:00,ETH/BTC,0.07017,0.07046,0.0699275,0.070035,503.38723334761187,35.2547248875
1645632000000.0,2022-02-23 16:00:00,ETH/BTC,0.0697875,0.070185,0.06978,0.07017,345.57218405301415,24.248800155
1645628400000.0,2022-02-23 15:00:00,ETH/BTC,0.0700275,0.0700625,0.06975,0.0697875,221.26689303241983,15.4416632975
1645624800000.0,2022-02-23 14:00:00,ETH/BTC,0.07012,0.0702625,0.0698775,0.0700275,174.68193652493662,12.23253931
1645621200000.0,2022-02-23 13:00:00,ETH/BTC,0.070265,0.0703425,0.07005,0.07012,143.08074839560754,10.0328220775
1645617600000.0,2022-02-23 12:00:00,ETH/BTC,0.0701225,0.07044,0.0701075,0.070265,335.8282600156551,23.59697269
1645614000000.0,2022-02-23 11:00:00,ETH/BTC,0.06991,0.070205,0.0697675,0.0701225,251.336599379657,17.62435069
1645610400000.0,2022-02-23 10:00:00,ETH/BTC,0.0698175,0.069915,0.06966,0.06991,195.528590080103,13.6694037325
1645606800000.0,2022-02-23 09:00:00,ETH/BTC,0.0698975,0.07005,0.069775,0.0698175,335.15936470082715,23.399988945
1645603200000.0,2022-02-23 08:00:00,ETH/BTC,0.07065,0.0707325,0.0698475,0.0698975,650.6817738474194,45.4810292875
1645599600000.0,2022-02-23 07:00:00,ETH/BTC,0.0700175,0.0706575,0.0699975,0.07065,497.567522363765,35.153145455
1645596000000.0,2022-02-23 06:00:00,ETH/BTC,0.069965,0.0701275,0.069965,0.0700175,367.47716110258153,25.7298321275
1645592400000.0,2022-02-23 05:00:00,ETH/BTC,0.069755,0.070065,0.069755,0.069965,456.29607939684126,31.924755195
1645588800000.0,2022-02-23 04:00:00,ETH/BTC,0.0695275,0.0698375,0.069395,0.069755,529.6896565837575,36.948501995
1645585200000.0,2022-02-23 03:00:00,ETH/BTC,0.0693825,0.0695275,0.06927,0.0695275,268.5556721441156,18.672004495
1645581600000.0,2022-02-23 02:00:00,ETH/BTC,0.0689125,0.06946,0.06885,0.0693825,461.4161374265845,32.014205155
1645578000000.0,2022-02-23 01:00:00,ETH/BTC,0.0688625,0.06893,0.0686925,0.0689125,282.1667403591511,19.444815495
1645574400000.0,2022-02-23 00:00:00,ETH/BTC,0.0689425,0.069275,0.0688625,0.0688625,127.45704759484481,8.77701094
1645570800000.0,2022-02-22 23:00:00,ETH/BTC,0.06869,0.0692675,0.06869,0.0689425,382.7517984914965,26.3878658675
1645567200000.0,2022-02-22 22:00:00,ETH/BTC,0.06881,0.0688675,0.0685725,0.06869,69.0802314747416,4.7451211
1645563600000.0,2022-02-22 21:00:00,ETH/BTC,0.06862,0.0689875,0.0685975,0.06881,124.0498328731289,8.535869
1645560000000.0,2022-02-22 20:00:00,ETH/BTC,0.0691675,0.0692475,0.068495,0.06862,73.26981601573885,5.027774775
1645556400000.0,2022-02-22 19:00:00,ETH/BTC,0.06873,0.069205,0.0686,0.0691675,287.59237329670725,19.89204548
1645552800000.0,2022-02-22 18:00:00,ETH/BTC,0.068905,0.0689275,0.0687125,0.06873,99.08877604394006,6.8103715775
1645549200000.0,2022-02-22 17:00:00,ETH/BTC,0.0690175,0.069165,0.068905,0.068905,249.92535792032507,17.2211067875
1645545600000.0,2022-02-22 16:00:00,ETH/BTC,0.0694825,0.0695625,0.06894,0.0690175,395.33871326112944,27.2852896425
1645542000000.0,2022-02-22 15:00:00,ETH/BTC,0.0693575,0.0696875,0.06928,0.0694825,407.2969008743209,28.300006915
1645538400000.0,2022-02-22 14:00:00,ETH/BTC,0.0690675,0.0695,0.068665,0.0693575,417.972719785171,28.9895429125
1645534800000.0,2022-02-22 13:00:00,ETH/BTC,0.0691925,0.0692125,0.0689675,0.0690675,143.8834297245448,9.9376687825
1645531200000.0,2022-02-22 12:00:00,ETH/BTC,0.0690125,0.0694625,0.068825,0.0691925,932.0132151967338,64.4883243925
1645527600000.0,2022-02-22 11:00:00,ETH/BTC,0.06884,0.069015,0.0687925,0.0690125,274.3237400470929,18.93176711
1645524000000.0,2022-02-22 10:00:00,ETH/BTC,0.068545,0.06913,0.068485,0.06884,339.43245115485183,23.3665299375
1645520400000.0,2022-02-22 09:00:00,ETH/BTC,0.068695,0.068705,0.06844,0.068545,157.54795364359182,10.7991244825
1645516800000.0,2022-02-22 08:00:00,ETH/BTC,0.0684,0.0687,0.0683625,0.068695,267.9685738408909,18.40810118
1645513200000.0,2022-02-22 07:00:00,ETH/BTC,0.0686,0.0687475,0.0684,0.0684,299.3939480628655,20.4785460475
1645509600000.0,2022-02-22 06:00:00,ETH/BTC,0.0681475,0.0686775,0.068115,0.0686,303.80792729591843,20.8412238125
1645506000000.0,2022-02-22 05:00:00,ETH/BTC,0.06857,0.06869,0.06805,0.0681475,535.3505413991709,36.48280102
1645502400000.0,2022-02-22 04:00:00,ETH/BTC,0.0688325,0.0689975,0.06857,0.06857,449.06851637013267,30.7926281675
1645498800000.0,2022-02-22 03:00:00,ETH/BTC,0.06963,0.0698225,0.06877,0.0688325,676.2974768096466,46.5512460725
1645495200000.0,2022-02-22 02:00:00,ETH/BTC,0.069855,0.06986,0.069455,0.06963,313.2377509335057,21.8107445975
1645491600000.0,2022-02-22 01:00:00,ETH/BTC,0.0697475,0.0699525,0.06957,0.069855,1106.2258150454513,77.27540431
1645488000000.0,2022-02-22 00:00:00,ETH/BTC,0.069365,0.0698775,0.06919,0.0697475,881.3883540628697,61.474634225
1645484400000.0,2022-02-21 23:00:00,ETH/BTC,0.0697425,0.0697975,0.0692375,0.069365,411.0923032148778,28.5154176125
1645480800000.0,2022-02-21 22:00:00,ETH/BTC,0.0696825,0.0701825,0.069455,0.0697425,654.4062985625694,45.6399312775
1645477200000.0,2022-02-21 21:00:00,ETH/BTC,0.069315,0.0697225,0.0692375,0.0696825,352.3207284468841,24.55058916
1645473600000.0,2022-02-21 20:00:00,ETH/BTC,0.0695525,0.069555,0.06926,0.069315,422.2018982182788,29.264924575
1645470000000.0,2022-02-21 19:00:00,ETH/BTC,0.06991,0.06992,0.06923,0.0695525,501.5348326803494,34.88300145
1645466400000.0,2022-02-21 18:00:00,ETH/BTC,0.069975,0.0701875,0.0693625,0.06991,861.4717961307396,60.2254932675
1645462800000.0,2022-02-21 17:00:00,ETH/BTC,0.0700275,0.07034,0.0698775,0.069975,291.6693293319043,20.40956132
1645459200000.0,2022-02-21 16:00:00,ETH/BTC,0.07012,0.070145,0.0698275,0.0700275,984.2895911963155,68.9273393475
1645455600000.0,2022-02-21 15:00:00,ETH/BTC,0.069825,0.07035,0.069825,0.07012,711.6332131702794,49.8997209075
1645452000000.0,2022-02-21 14:00:00,ETH/BTC,0.06943,0.07041,0.0692725,0.069825,1236.4562156462587,86.3355552575
1645448400000.0,2022-02-21 13:00:00,ETH/BTC,0.0695225,0.0695675,0.0692,0.0694325,229.09205966226193,15.9064344325
1645444800000.0,2022-02-21 12:00:00,ETH/BTC,0.069875,0.07001,0.0693,0.0695225,284.0327208817289,19.7466648375
1645441200000.0,2022-02-21 11:00:00,ETH/BTC,0.0700125,0.07012,0.06961,0.069875,529.7697584615385,37.0176618725
1645437600000.0,2022-02-21 10:00:00,ETH/BTC,0.06972,0.0700125,0.069485,0.0700125,409.28803095875736,28.6552782675
1645434000000.0,2022-02-21 09:00:00,ETH/BTC,0.0696625,0.0698525,0.0696425,0.06972,213.97291899741822,14.9181919125
1645430400000.0,2022-02-21 08:00:00,ETH/BTC,0.069945,0.07008,0.069645,0.0696625,487.35334136012915,33.9502521425
1645426800000.0,2022-02-21 07:00:00,ETH/BTC,0.0699475,0.0701875,0.069845,0.069955,759.4251408405404,53.1255857275
1645423200000.0,2022-02-21 06:00:00,ETH/BTC,0.06979,0.0699625,0.06972,0.0699475,320.4709555380822,22.4161421625
1645419600000.0,2022-02-21 05:00:00,ETH/BTC,0.0698275,0.0699475,0.0696925,0.06979,360.7812827769021,25.178925725
1645416000000.0,2022-02-21 04:00:00,ETH/BTC,0.069665,0.06993,0.069665,0.0698275,423.8980512691991,29.599741175
1645412400000.0,2022-02-21 03:00:00,ETH/BTC,0.069575,0.0697875,0.0695675,0.069665,449.92449705734583,31.3439900875
1645408800000.0,2022-02-21 02:00:00,ETH/BTC,0.069325,0.069655,0.069305,0.069575,87.13533762127201,6.062441115
1645405200000.0,2022-02-21 01:00:00,ETH/BTC,0.0688825,0.0695575,0.0688575,0.069325,758.7688967544176,52.6016537675
1645401600000.0,2022-02-21 00:00:00,ETH/BTC,0.0683,0.0688925,0.0682,0.0688825,306.9894400609734,21.146200105
1645398000000.0,2022-02-20 23:00:00,ETH/BTC,0.0683225,0.0685925,0.0682525,0.0683,219.09833931185943,14.964416575
1645394400000.0,2022-02-20 22:00:00,ETH/BTC,0.06795,0.06851,0.06795,0.0683225,146.02460174173956,9.9767658525
1645390800000.0,2022-02-20 21:00:00,ETH/BTC,0.068525,0.06864,0.06764,0.06795,509.98121467991166,34.6532235375
1645387200000.0,2022-02-20 20:00:00,ETH/BTC,0.069005,0.0690175,0.068525,0.068525,126.40223597227288,8.66171322
1645383600000.0,2022-02-20 19:00:00,ETH/BTC,0.069285,0.069285,0.0689675,0.069005,475.5657444388088,32.816414195
1645380000000.0,2022-02-20 18:00:00,ETH/BTC,0.0691675,0.0694925,0.0691675,0.069285,57.68195139640615,3.9964940025
1645376400000.0,2022-02-20 17:00:00,ETH/BTC,0.0691375,0.0692725,0.0689825,0.0691675,118.40996624137057,8.19012134
1645372800000.0,2022-02-20 16:00:00,ETH/BTC,0.069215,0.0694675,0.0688325,0.0691375,316.3942109564274,21.87470476
1645369200000.0,2022-02-20 15:00:00,ETH/BTC,0.06875,0.06929,0.06872,0.069215,213.0135560210937,14.74373328
1645365600000.0,2022-02-20 14:00:00,ETH/BTC,0.068815,0.0689,0.06839,0.06875,375.42284570909084,25.8103206425
1645362000000.0,2022-02-20 13:00:00,ETH/BTC,0.0686525,0.068905,0.06861,0.068815,270.6105136961418,18.6220625
1645358400000.0,2022-02-20 12:00:00,ETH/BTC,0.068905,0.06899,0.0686275,0.0686525,135.62204865081387,9.310792695
1645354800000.0,2022-02-20 11:00:00,ETH/BTC,0.0684625,0.069,0.06846,0.068905,147.5299771424425,10.165553075
1645351200000.0,2022-02-20 10:00:00,ETH/BTC,0.06869,0.068895,0.0684625,0.0684625,211.89211933540258,14.50666422
1645347600000.0,2022-02-20 09:00:00,ETH/BTC,0.0682875,0.0688,0.0682875,0.06869,225.0967863590042,15.461898255
1645344000000.0,2022-02-20 08:00:00,ETH/BTC,0.0684125,0.06856,0.06822,0.0682875,268.72798088962105,18.350761995
1645340400000.0,2022-02-20 07:00:00,ETH/BTC,0.0679425,0.068425,0.0679425,0.0684125,219.2507376575918,14.99949109
1645336800000.0,2022-02-20 06:00:00,ETH/BTC,0.0675125,0.06799,0.0674075,0.0679425,530.5747487949369,36.04857487
1645333200000.0,2022-02-20 05:00:00,ETH/BTC,0.06787,0.0679325,0.0675125,0.0675125,144.98801203480835,9.7885031625
1645329600000.0,2022-02-20 04:00:00,ETH/BTC,0.0681775,0.068245,0.06776,0.06787,307.1719813614262,20.847762375
1645326000000.0,2022-02-20 03:00:00,ETH/BTC,0.0680825,0.0682475,0.067925,0.0681775,130.4531067067581,8.8939666825
1645322400000.0,2022-02-20 02:00:00,ETH/BTC,0.0684725,0.06851,0.0680625,0.0680825,85.79143994418536,5.84089571
1645318800000.0,2022-02-20 01:00:00,ETH/BTC,0.0684225,0.0685675,0.0679925,0.0684725,415.48812935850157,28.4495109375
1645315200000.0,2022-02-20 00:00:00,ETH/BTC,0.068925,0.068925,0.0683725,0.0684225,204.3167445650188,13.979862455
1645311600000.0,2022-02-19 23:00:00,ETH/BTC,0.0685525,0.06894,0.0685025,0.068925,104.77157656873413,7.221380915
1645308000000.0,2022-02-19 22:00:00,ETH/BTC,0.0686425,0.068685,0.0684,0.0685525,201.73344392983478,13.829331915
1645304400000.0,2022-02-19 21:00:00,ETH/BTC,0.0688225,0.068835,0.068635,0.0686425,120.8972255162618,8.2986878025
1645300800000.0,2022-02-19 20:00:00,ETH/BTC,0.0686325,0.06884,0.0686075,0.0688225,135.4155924298013,9.31963961
1645297200000.0,2022-02-19 19:00:00,ETH/BTC,0.0685475,0.0686875,0.068545,0.0686325,33.23116879758132,2.2807381925
1645293600000.0,2022-02-19 18:00:00,ETH/BTC,0.068815,0.0688475,0.0685,0.0685475,48.954473430832635,3.3557067675
1645290000000.0,2022-02-19 17:00:00,ETH/BTC,0.0687925,0.0688475,0.0686875,0.068815,96.84043511589043,6.6640745425
1645286400000.0,2022-02-19 16:00:00,ETH/BTC,0.0687075,0.0693825,0.0686125,0.0687925,360.86262706690405,24.8246422725
1645282800000.0,2022-02-19 15:00:00,ETH/BTC,0.0684375,0.06879,0.06832,0.0687075,82.51847149146744,5.66963788
1645279200000.0,2022-02-19 14:00:00,ETH/BTC,0.0685025,0.06863,0.0684125,0.06842,84.62802016954107,5.79024914
1645275600000.0,2022-02-19 13:00:00,ETH/BTC,0.0682125,0.06857,0.0679225,0.0685025,225.55439243093318,15.4510397675
1645272000000.0,2022-02-19 12:00:00,ETH/BTC,0.06833,0.0684325,0.06805,0.0682125,405.74752834890967,27.6770532775
1645268400000.0,2022-02-19 11:00:00,ETH/BTC,0.0695575,0.0695675,0.0682925,0.06833,895.2164182643055,61.17013786
1645264800000.0,2022-02-19 10:00:00,ETH/BTC,0.0696825,0.0697475,0.0694125,0.0695575,119.25355177371242,8.2949789275
1645261200000.0,2022-02-19 09:00:00,ETH/BTC,0.0695975,0.06975,0.0695325,0.0696825,576.9634260395364,40.204253935
1645257600000.0,2022-02-19 08:00:00,ETH/BTC,0.06983,0.0699675,0.0695775,0.0695975,126.38896289378211,8.796355845
1645254000000.0,2022-02-19 07:00:00,ETH/BTC,0.069825,0.069895,0.0697075,0.06983,80.23086932550478,5.602521605
1645250400000.0,2022-02-19 06:00:00,ETH/BTC,0.0698025,0.06987,0.0697175,0.069825,17.62965255997136,1.23099049
1645246800000.0,2022-02-19 05:00:00,ETH/BTC,0.069965,0.070065,0.0697575,0.0698025,152.54133680742095,10.6477666625
1645243200000.0,2022-02-19 04:00:00,ETH/BTC,0.06989,0.070045,0.06977,0.069965,389.2237557707425,27.2320400725
1645239600000.0,2022-02-19 03:00:00,ETH/BTC,0.07015,0.070245,0.06989,0.06989,68.49390989411934,4.7870393625
1645236000000.0,2022-02-19 02:00:00,ETH/BTC,0.0702125,0.0702225,0.070085,0.07015,96.99848114754099,6.8044434525
1645232400000.0,2022-02-19 01:00:00,ETH/BTC,0.069885,0.07038,0.06986,0.0702125,363.7100373865053,25.536991
1645228800000.0,2022-02-19 00:00:00,ETH/BTC,0.069505,0.0699025,0.06931,0.069885,66.10662431136868,4.61986144
1645225200000.0,2022-02-18 23:00:00,ETH/BTC,0.06945,0.069635,0.0693725,0.069505,53.081464570894184,3.689427195
1645221600000.0,2022-02-18 22:00:00,ETH/BTC,0.0696025,0.069685,0.0692975,0.06945,55.47070007199424,3.85244012
1645218000000.0,2022-02-18 21:00:00,ETH/BTC,0.0696675,0.069905,0.0696025,0.0696025,41.88834668294961,2.91553365
1645214400000.0,2022-02-18 20:00:00,ETH/BTC,0.06956,0.0697,0.069355,0.0696675,70.3580621523666,4.901670295
1645210800000.0,2022-02-18 19:00:00,ETH/BTC,0.0696,0.06971,0.0694675,0.06956,38.87448246118459,2.704109
1645207200000.0,2022-02-18 18:00:00,ETH/BTC,0.0695475,0.069625,0.06911,0.0696,612.9773094468391,42.6632207375
1645203600000.0,2022-02-18 17:00:00,ETH/BTC,0.069745,0.0698275,0.06944,0.0695475,159.47261310615048,11.09092156
1645200000000.0,2022-02-18 16:00:00,ETH/BTC,0.070285,0.070395,0.0696725,0.069745,391.1842642841781,27.2831465125
1645196400000.0,2022-02-18 15:00:00,ETH/BTC,0.0704575,0.0706925,0.0702175,0.070285,991.8448501814042,69.711815295
1645192800000.0,2022-02-18 14:00:00,ETH/BTC,0.0717475,0.0717925,0.0704375,0.0704575,1232.4341490969732,86.83422906
1645189200000.0,2022-02-18 13:00:00,ETH/BTC,0.0717675,0.0717675,0.07155,0.0717475,310.7341629325063,22.294399355
1645185600000.0,2022-02-18 12:00:00,ETH/BTC,0.0716475,0.0717975,0.0715075,0.0717675,178.66394179120076,12.8222644425
1645182000000.0,2022-02-18 11:00:00,ETH/BTC,0.0715225,0.071795,0.0713625,0.0716475,207.7599944520046,14.8854842025
1645178400000.0,2022-02-18 10:00:00,ETH/BTC,0.071685,0.071685,0.07142,0.0715225,179.0958235869831,12.8093810425
1645174800000.0,2022-02-18 09:00:00,ETH/BTC,0.071905,0.0719275,0.0716275,0.071685,152.434869219502,10.9272936
1645171200000.0,2022-02-18 08:00:00,ETH/BTC,0.07143,0.0719125,0.0714225,0.071905,301.27840132814134,21.6634234475
1645167600000.0,2022-02-18 07:00:00,ETH/BTC,0.0713925,0.0715025,0.0713775,0.07143,61.86613719725606,4.41909818
1645164000000.0,2022-02-18 06:00:00,ETH/BTC,0.071335,0.0715075,0.07132,0.0713925,139.4230032566446,9.95375676
1645160400000.0,2022-02-18 05:00:00,ETH/BTC,0.0709925,0.071335,0.0709925,0.071335,128.2529184131212,9.148921935
1645156800000.0,2022-02-18 04:00:00,ETH/BTC,0.07145,0.07146,0.0709825,0.0709925,115.12024372292848,8.1726739025
1645153200000.0,2022-02-18 03:00:00,ETH/BTC,0.0712725,0.0715375,0.0712275,0.07145,201.95091731980406,14.4293930425
1645149600000.0,2022-02-18 02:00:00,ETH/BTC,0.0713125,0.071425,0.0711875,0.0712725,57.3206997439405,4.0853895725
1645146000000.0,2022-02-18 01:00:00,ETH/BTC,0.07124,0.07134,0.0710725,0.0713125,108.7299926380368,7.7538076
1645142400000.0,2022-02-18 00:00:00,ETH/BTC,0.071385,0.071465,0.07096,0.07124,118.11351035233015,8.4144064775
1645138800000.0,2022-02-17 23:00:00,ETH/BTC,0.0712,0.0714075,0.0709875,0.071385,113.74053453106393,8.1193680575
1645135200000.0,2022-02-17 22:00:00,ETH/BTC,0.071165,0.0712325,0.070975,0.0712,350.8417931530899,24.9799356725
1645131600000.0,2022-02-17 21:00:00,ETH/BTC,0.0709325,0.071205,0.07093,0.071165,244.84170533267758,17.42415996
1645128000000.0,2022-02-17 20:00:00,ETH/BTC,0.0706225,0.0709325,0.07041,0.0709325,193.1311938110175,13.699278405
1645124400000.0,2022-02-17 19:00:00,ETH/BTC,0.0707675,0.070875,0.0706075,0.0706225,139.10292013876597,9.8237959775
1645120800000.0,2022-02-17 18:00:00,ETH/BTC,0.07066,0.0707925,0.0703675,0.0707675,570.5440260006359,40.37597436
1645117200000.0,2022-02-17 17:00:00,ETH/BTC,0.07103,0.0710375,0.0705525,0.07066,153.78957507783755,10.866771375
1645113600000.0,2022-02-17 16:00:00,ETH/BTC,0.0712925,0.0714775,0.0709,0.07103,529.312795156976,37.59708784
1645110000000.0,2022-02-17 15:00:00,ETH/BTC,0.07094,0.07133,0.0709075,0.0712925,123.51783553669742,8.80589529
1645106400000.0,2022-02-17 14:00:00,ETH/BTC,0.0708875,0.0713275,0.07075,0.07094,266.24605980405977,18.8874954825
1645102800000.0,2022-02-17 13:00:00,ETH/BTC,0.07091,0.0710975,0.0707125,0.0708875,234.63155048492325,16.632444035
1645099200000.0,2022-02-17 12:00:00,ETH/BTC,0.07101,0.07124,0.0708525,0.07091,242.05136042166126,17.1638619675
1645095600000.0,2022-02-17 11:00:00,ETH/BTC,0.070825,0.0710175,0.0707625,0.07101,103.68851369525419,7.3629213575
1645092000000.0,2022-02-17 10:00:00,ETH/BTC,0.0708325,0.070995,0.0707525,0.070825,394.3156027532651,27.927402565
1645088400000.0,2022-02-17 09:00:00,ETH/BTC,0.0705,0.07088,0.0704,0.0708325,330.3761526841492,23.401368835
1645084800000.0,2022-02-17 08:00:00,ETH/BTC,0.070795,0.07126,0.0700025,0.0705,793.353480177305,55.9314203525
1645081200000.0,2022-02-17 07:00:00,ETH/BTC,0.070695,0.07083,0.0703975,0.070795,668.5906299173671,47.332873645
1645077600000.0,2022-02-17 06:00:00,ETH/BTC,0.070355,0.0707625,0.0703225,0.070695,170.12998224768373,12.027339095
1645074000000.0,2022-02-17 05:00:00,ETH/BTC,0.0702675,0.07039,0.0701425,0.070355,599.4397923033189,42.1735865875
1645070400000.0,2022-02-17 04:00:00,ETH/BTC,0.0707475,0.07079,0.07025,0.0702675,392.51266976198104,27.5808840225
1645066800000.0,2022-02-17 03:00:00,ETH/BTC,0.0711925,0.0711925,0.07066,0.0707475,263.4774713947489,18.6403724075
1645063200000.0,2022-02-17 02:00:00,ETH/BTC,0.071385,0.07149,0.0711375,0.0711925,124.65575078133229,8.8745545375
1645059600000.0,2022-02-17 01:00:00,ETH/BTC,0.07152,0.0715875,0.071265,0.071385,101.56239346501366,7.2500314575
1645056000000.0,2022-02-17 00:00:00,ETH/BTC,0.0711525,0.0716075,0.0711525,0.07152,158.19499265939595,11.314105875
1645052400000.0,2022-02-16 23:00:00,ETH/BTC,0.071245,0.07148,0.07111,0.0711525,196.65512065633675,13.9925034725
1645048800000.0,2022-02-16 22:00:00,ETH/BTC,0.0712325,0.0714725,0.0711125,0.071245,135.0807426836971,9.6238275125
1645045200000.0,2022-02-16 21:00:00,ETH/BTC,0.07141,0.071575,0.07116,0.0712325,428.6689013792861,30.5351575175
1645041600000.0,2022-02-16 20:00:00,ETH/BTC,0.0716625,0.0717175,0.0713975,0.07141,320.63797311300937,22.89675766
1645038000000.0,2022-02-16 19:00:00,ETH/BTC,0.07056,0.0718875,0.070545,0.0716625,904.0282526425954,64.784924655
1645034400000.0,2022-02-16 18:00:00,ETH/BTC,0.070475,0.07071,0.0704525,0.07056,155.61984226190475,10.98053607
1645030800000.0,2022-02-16 17:00:00,ETH/BTC,0.0705525,0.070595,0.070415,0.070475,231.130106385243,16.2888942475
1645027200000.0,2022-02-16 16:00:00,ETH/BTC,0.070325,0.07068,0.0701875,0.0705525,273.99413890365327,19.330971485
1645023600000.0,2022-02-16 15:00:00,ETH/BTC,0.0704175,0.070495,0.070175,0.070325,311.8841796658372,21.933254935
1645020000000.0,2022-02-16 14:00:00,ETH/BTC,0.070435,0.0705,0.0701375,0.0704175,180.98561000461535,12.7445541925
1645016400000.0,2022-02-16 13:00:00,ETH/BTC,0.07081,0.070875,0.0703275,0.070435,316.8856914531128,22.3198436775
1645012800000.0,2022-02-16 12:00:00,ETH/BTC,0.0709775,0.071075,0.070765,0.07081,130.6929053452902,9.2543646275
1645009200000.0,2022-02-16 11:00:00,ETH/BTC,0.0709475,0.07101,0.0709,0.0709775,47.17387774294671,3.3482839075
1645005600000.0,2022-02-16 10:00:00,ETH/BTC,0.0710725,0.0711275,0.0709175,0.0709475,93.09156379717398,6.6046137225
1645002000000.0,2022-02-16 09:00:00,ETH/BTC,0.07109,0.071245,0.071065,0.0710725,514.4181484399734,36.560983855
1644998400000.0,2022-02-16 08:00:00,ETH/BTC,0.0712875,0.071365,0.07109,0.07109,111.0789342031228,7.8966014325
1644994800000.0,2022-02-16 07:00:00,ETH/BTC,0.071195,0.07134,0.0711225,0.0712875,155.42849303875153,11.0801086975
1644991200000.0,2022-02-16 06:00:00,ETH/BTC,0.07103,0.0712175,0.07096,0.071195,286.7598359435354,20.41586652
1644987600000.0,2022-02-16 05:00:00,ETH/BTC,0.0711475,0.07116,0.0709825,0.07103,27.354748944108128,1.9430078175
1644984000000.0,2022-02-16 04:00:00,ETH/BTC,0.0714275,0.0714275,0.0710425,0.0711475,551.7553759092026,39.2560156075
1644980400000.0,2022-02-16 03:00:00,ETH/BTC,0.0715875,0.0719175,0.0713675,0.0714275,339.37055962339434,24.2403906475
1644976800000.0,2022-02-16 02:00:00,ETH/BTC,0.071365,0.071605,0.0713125,0.0715875,107.59497778941854,7.7024554725
1644973200000.0,2022-02-16 01:00:00,ETH/BTC,0.0715175,0.07155,0.071275,0.071365,213.36225895046593,15.22659761
1644969600000.0,2022-02-16 00:00:00,ETH/BTC,0.0714875,0.071625,0.07143,0.0715175,551.3973436571468,39.434559525
1644966000000.0,2022-02-15 23:00:00,ETH/BTC,0.07075,0.07171,0.07075,0.0714875,895.7761800664451,64.0367996725
1644962400000.0,2022-02-15 22:00:00,ETH/BTC,0.0704275,0.07102,0.07042,0.07075,248.4780824734983,17.579824335
1644958800000.0,2022-02-15 21:00:00,ETH/BTC,0.070515,0.0705575,0.0703375,0.0704275,113.52619321287848,7.9953659725
1644955200000.0,2022-02-15 20:00:00,ETH/BTC,0.0706625,0.0707775,0.070465,0.070515,137.14433283698506,9.67073263
1644951600000.0,2022-02-15 19:00:00,ETH/BTC,0.07065,0.0707675,0.070585,0.0706625,406.92308671501854,28.754202615
1644948000000.0,2022-02-15 18:00:00,ETH/BTC,0.07051,0.070695,0.0704625,0.07065,207.1816823071479,14.637385855
1644944400000.0,2022-02-15 17:00:00,ETH/BTC,0.0705725,0.0706875,0.0703375,0.07051,352.8030557367749,24.87614346
1644940800000.0,2022-02-15 16:00:00,ETH/BTC,0.07065,0.0709175,0.0705325,0.0705725,422.8465194657976,29.841335995
1644937200000.0,2022-02-15 15:00:00,ETH/BTC,0.0704925,0.07067,0.070345,0.0706525,335.1015978557022,23.6757656425
1644933600000.0,2022-02-15 14:00:00,ETH/BTC,0.070275,0.0707475,0.070255,0.0704925,470.33078870092567,33.1547931225
1644930000000.0,2022-02-15 13:00:00,ETH/BTC,0.0704,0.0705025,0.0702125,0.070275,531.9758829242263,37.3846051725
1644926400000.0,2022-02-15 12:00:00,ETH/BTC,0.069975,0.0704,0.069885,0.0704,411.61893359374994,28.977972925
1644922800000.0,2022-02-15 11:00:00,ETH/BTC,0.070175,0.07021,0.0699475,0.069975,287.5228876027153,20.11941406
1644919200000.0,2022-02-15 10:00:00,ETH/BTC,0.0703375,0.0703775,0.0700975,0.070175,347.77925682223014,24.4054093475
1644915600000.0,2022-02-15 09:00:00,ETH/BTC,0.070005,0.0703525,0.06996,0.0703375,497.61442647947393,35.0009547225
1644912000000.0,2022-02-15 08:00:00,ETH/BTC,0.0698,0.070105,0.06973,0.0699825,663.3987912692459,46.42630591
1644908400000.0,2022-02-15 07:00:00,ETH/BTC,0.069625,0.0699125,0.069525,0.0698,596.6129466690544,41.6435836775
1644904800000.0,2022-02-15 06:00:00,ETH/BTC,0.0691675,0.0696375,0.0691675,0.069625,471.5023182405745,32.8283489075
1644901200000.0,2022-02-15 05:00:00,ETH/BTC,0.0693525,0.06939,0.0691575,0.0691675,119.76912234792351,8.28413077
1644897600000.0,2022-02-15 04:00:00,ETH/BTC,0.06944,0.0694725,0.0692375,0.069355,105.4453401340927,7.313161565
1644894000000.0,2022-02-15 03:00:00,ETH/BTC,0.069535,0.069555,0.06934,0.06944,82.35392644729262,5.7186566525
1644890400000.0,2022-02-15 02:00:00,ETH/BTC,0.0695225,0.06964,0.06947,0.069535,617.2744958653915,42.92218207
1644886800000.0,2022-02-15 01:00:00,ETH/BTC,0.06859,0.0695375,0.068525,0.0695225,1109.4164968175771,77.1294084
1644883200000.0,2022-02-15 00:00:00,ETH/BTC,0.0688925,0.068915,0.0685625,0.06859,295.3037389561161,20.254883455
1644879600000.0,2022-02-14 23:00:00,ETH/BTC,0.0689075,0.0689475,0.06879,0.0688925,130.77752280727222,9.00959049
1644876000000.0,2022-02-14 22:00:00,ETH/BTC,0.06901,0.06912,0.0685625,0.0689075,239.06477865254146,16.473356235
1644872400000.0,2022-02-14 21:00:00,ETH/BTC,0.06865,0.0690975,0.0685925,0.06901,166.64185715838283,11.4999545625
1644868800000.0,2022-02-14 20:00:00,ETH/BTC,0.06838,0.068685,0.0682075,0.06865,129.5046885287691,8.8904968675
1644865200000.0,2022-02-14 19:00:00,ETH/BTC,0.068855,0.068855,0.06823,0.06838,197.64944512284293,13.5152690575
1644861600000.0,2022-02-14 18:00:00,ETH/BTC,0.069155,0.06925,0.06875,0.068855,237.07722532858904,16.32395235
1644858000000.0,2022-02-14 17:00:00,ETH/BTC,0.06916,0.0692925,0.0690825,0.069155,110.80280106282989,7.6625677075
1644854400000.0,2022-02-14 16:00:00,ETH/BTC,0.0689625,0.0692625,0.0688525,0.0691575,306.74318562701086,21.21359186
1644850800000.0,2022-02-14 15:00:00,ETH/BTC,0.069135,0.0691425,0.06883,0.0689625,373.79957719775246,25.7781533425
1644847200000.0,2022-02-14 14:00:00,ETH/BTC,0.0691175,0.06939,0.0690325,0.069135,763.5948821508642,52.7911321775
1644843600000.0,2022-02-14 13:00:00,ETH/BTC,0.068825,0.0691175,0.0687,0.0691175,600.7624310413427,41.5231973275
1644840000000.0,2022-02-14 12:00:00,ETH/BTC,0.06824,0.06887,0.0679625,0.068825,419.4822994914639,28.8708692625
1644836400000.0,2022-02-14 11:00:00,ETH/BTC,0.0680275,0.06824,0.06796,0.06824,175.80891551875735,11.997200395
1644832800000.0,2022-02-14 10:00:00,ETH/BTC,0.0679275,0.068065,0.067815,0.0680275,130.55162276285324,8.8811005175
1644829200000.0,2022-02-14 09:00:00,ETH/BTC,0.0679975,0.0680075,0.06783,0.0679275,57.99489047145854,3.9394479225
1644825600000.0,2022-02-14 08:00:00,ETH/BTC,0.0681075,0.068235,0.06795,0.068,301.2881493014706,20.4875941525
1644822000000.0,2022-02-14 07:00:00,ETH/BTC,0.068065,0.0681075,0.06795,0.0681075,64.21437690415885,4.373480675
1644818400000.0,2022-02-14 06:00:00,ETH/BTC,0.0681625,0.068265,0.068005,0.068065,191.4174866304268,13.0288312275
1644814800000.0,2022-02-14 05:00:00,ETH/BTC,0.06832,0.0683825,0.0681475,0.0681625,116.2940886484504,7.9268958175
1644811200000.0,2022-02-14 04:00:00,ETH/BTC,0.068375,0.0683875,0.06822,0.06832,106.87543029127633,7.3017293975
1644807600000.0,2022-02-14 03:00:00,ETH/BTC,0.0682125,0.068425,0.0681275,0.068375,68.62269440585008,4.69207673
1644804000000.0,2022-02-14 02:00:00,ETH/BTC,0.06816,0.0684625,0.068155,0.0682125,169.43886842587503,11.5578488125
1644800400000.0,2022-02-14 01:00:00,ETH/BTC,0.0681575,0.068325,0.067995,0.06816,366.3751913879108,24.972133045
1644796800000.0,2022-02-14 00:00:00,ETH/BTC,0.06827,0.0685825,0.0680625,0.0681575,86.74983182335033,5.9126516625
1644793200000.0,2022-02-13 23:00:00,ETH/BTC,0.06851,0.0685125,0.0680125,0.06827,152.71592170792442,10.425915975
1644789600000.0,2022-02-13 22:00:00,ETH/BTC,0.0680975,0.068575,0.0680975,0.06851,102.11904163625748,6.9961755425
1644786000000.0,2022-02-13 21:00:00,ETH/BTC,0.0683775,0.06844,0.06809,0.0680975,183.58493300047724,12.501674975
1644782400000.0,2022-02-13 20:00:00,ETH/BTC,0.067965,0.06842,0.067905,0.0683775,126.41523030236556,8.64395741
1644778800000.0,2022-02-13 19:00:00,ETH/BTC,0.067895,0.06805,0.0677475,0.067965,162.32136971235195,11.0321718925
1644775200000.0,2022-02-13 18:00:00,ETH/BTC,0.06832,0.0684875,0.06774,0.067895,304.5445012151116,20.67704891
1644771600000.0,2022-02-13 17:00:00,ETH/BTC,0.068295,0.068435,0.0680825,0.06832,252.6042833723653,17.25792464
1644768000000.0,2022-02-13 16:00:00,ETH/BTC,0.06858,0.068605,0.068155,0.068295,493.0100152646607,33.6701189925
1644764400000.0,2022-02-13 15:00:00,ETH/BTC,0.06896,0.0690425,0.0685775,0.06858,359.32852901720617,24.64275052
1644760800000.0,2022-02-13 14:00:00,ETH/BTC,0.0692025,0.0692525,0.06892,0.06896,250.64433450551044,17.2844333075
1644757200000.0,2022-02-13 13:00:00,ETH/BTC,0.069115,0.0692825,0.0690625,0.0692025,399.90614099924136,27.6745047225
1644753600000.0,2022-02-13 12:00:00,ETH/BTC,0.0690075,0.069175,0.068925,0.069115,328.7703175504594,22.7229604975
1644750000000.0,2022-02-13 11:00:00,ETH/BTC,0.06887,0.0691475,0.0688325,0.0690075,196.8934641524472,13.5871257275
1644746400000.0,2022-02-13 10:00:00,ETH/BTC,0.06894,0.06894,0.0687725,0.06887,141.5031367794395,9.74532103
1644742800000.0,2022-02-13 09:00:00,ETH/BTC,0.0689825,0.0690425,0.06892,0.06894,95.10996090803597,6.556880705
1644739200000.0,2022-02-13 08:00:00,ETH/BTC,0.06891,0.0690125,0.0687775,0.0689825,151.76767013372955,10.469313305
1644735600000.0,2022-02-13 07:00:00,ETH/BTC,0.0689125,0.0689425,0.06882,0.06891,210.14734356406908,14.481253445
1644732000000.0,2022-02-13 06:00:00,ETH/BTC,0.0689525,0.06901,0.0687575,0.0689125,68.92277398875386,4.7496406625
1644728400000.0,2022-02-13 05:00:00,ETH/BTC,0.06911,0.069135,0.0688125,0.0689525,188.6521608716145,13.0080381225
1644724800000.0,2022-02-13 04:00:00,ETH/BTC,0.0690925,0.0692075,0.0689925,0.06911,164.34656417305743,11.35799105
1644721200000.0,2022-02-13 03:00:00,ETH/BTC,0.06928,0.069315,0.06905,0.0690925,65.2651423815899,4.50933185
1644717600000.0,2022-02-13 02:00:00,ETH/BTC,0.0690925,0.069305,0.0690775,0.06928,55.16450591801386,3.82179697
1644714000000.0,2022-02-13 01:00:00,ETH/BTC,0.0692225,0.0692525,0.069045,0.0690925,31.722566740239532,2.1917914425
1644710400000.0,2022-02-13 00:00:00,ETH/BTC,0.069135,0.0693275,0.068905,0.0692225,74.29129383509695,5.1426290875
1644706800000.0,2022-02-12 23:00:00,ETH/BTC,0.069145,0.0691775,0.068865,0.069135,75.9200776017936,5.248734565
1644703200000.0,2022-02-12 22:00:00,ETH/BTC,0.0687,0.0692625,0.0686825,0.069145,148.80834597584786,10.2893530825
1644699600000.0,2022-02-12 21:00:00,ETH/BTC,0.0696475,0.069655,0.068605,0.0687,132.12878540756915,9.0772475575
1644696000000.0,2022-02-12 20:00:00,ETH/BTC,0.0692125,0.06989,0.0692125,0.069655,246.52590309381958,17.17176178
1644692400000.0,2022-02-12 19:00:00,ETH/BTC,0.06939,0.06941,0.06915,0.0692125,95.4469444103305,6.60612164
1644688800000.0,2022-02-12 18:00:00,ETH/BTC,0.068835,0.0694375,0.0687775,0.06939,665.8678603905463,46.2045708325
1644685200000.0,2022-02-12 17:00:00,ETH/BTC,0.068635,0.0688375,0.0685425,0.068835,63.074057419917196,4.3417027425
1644681600000.0,2022-02-12 16:00:00,ETH/BTC,0.0683625,0.0688675,0.06817,0.068635,252.9578849348,17.3617644325
1644678000000.0,2022-02-12 15:00:00,ETH/BTC,0.0686825,0.06874,0.068235,0.0683625,127.13583872737246,8.691323775
1644674400000.0,2022-02-12 14:00:00,ETH/BTC,0.06873,0.0689825,0.0682,0.0686825,325.2175374003567,22.3367535125
1644670800000.0,2022-02-12 13:00:00,ETH/BTC,0.0688525,0.0689675,0.06872,0.06873,182.57376855085116,12.5482951125
1644667200000.0,2022-02-12 12:00:00,ETH/BTC,0.069135,0.0692125,0.06882,0.068855,89.02776857163606,6.130007005
1644663600000.0,2022-02-12 11:00:00,ETH/BTC,0.0687975,0.06923,0.068605,0.069135,116.29713003543792,8.040202085
1644660000000.0,2022-02-12 10:00:00,ETH/BTC,0.0692775,0.0693075,0.0686475,0.0687975,89.73751408118028,6.173716625
1644656400000.0,2022-02-12 09:00:00,ETH/BTC,0.0693925,0.069445,0.06919,0.0692775,52.3680799321569,3.6279296575
1644652800000.0,2022-02-12 08:00:00,ETH/BTC,0.06932,0.069545,0.06929,0.0693925,110.37731970313796,7.6593581575
1644649200000.0,2022-02-12 07:00:00,ETH/BTC,0.069175,0.0693825,0.069115,0.06932,56.35308110934795,3.9063955825
1644645600000.0,2022-02-12 06:00:00,ETH/BTC,0.069215,0.0692875,0.0689125,0.069175,110.9760385977593,7.67676747
1644642000000.0,2022-02-12 05:00:00,ETH/BTC,0.0694125,0.069445,0.0691525,0.069215,262.1977492956729,18.1480172175
1644638400000.0,2022-02-12 04:00:00,ETH/BTC,0.069355,0.069505,0.0693375,0.0694125,182.14457979470555,12.643110645
1644634800000.0,2022-02-12 03:00:00,ETH/BTC,0.0696275,0.0696275,0.06931,0.069355,323.0496978227958,22.4051117925
1644631200000.0,2022-02-12 02:00:00,ETH/BTC,0.069555,0.0696725,0.0695025,0.0696275,10.531448816918603,0.7332784525
1644627600000.0,2022-02-12 01:00:00,ETH/BTC,0.0692625,0.06958,0.06916,0.069555,257.26263877507006,17.89390284
1644624000000.0,2022-02-12 00:00:00,ETH/BTC,0.06908,0.0692775,0.06892,0.0692625,272.6097428983938,18.8816323175
1644620400000.0,2022-02-11 23:00:00,ETH/BTC,0.068665,0.0691375,0.0685275,0.06908,76.50100025332948,5.2846890975
1644616800000.0,2022-02-11 22:00:00,ETH/BTC,0.0687925,0.0688875,0.0683625,0.068665,279.6192009393432,19.2000524325
1644613200000.0,2022-02-11 21:00:00,ETH/BTC,0.0688925,0.068965,0.0687325,0.0687925,168.6212594759603,11.5998779925
1644609600000.0,2022-02-11 20:00:00,ETH/BTC,0.0700575,0.0700575,0.0687725,0.0688925,379.5609803316762,26.1489048375
1644606000000.0,2022-02-11 19:00:00,ETH/BTC,0.0704425,0.0706925,0.0699875,0.070025,321.0427859335951,22.481021085
1644602400000.0,2022-02-11 18:00:00,ETH/BTC,0.0708225,0.0709625,0.07043,0.0704425,313.8780644497285,22.110355555
1644598800000.0,2022-02-11 17:00:00,ETH/BTC,0.0709775,0.0710625,0.0707925,0.0708225,203.5274572699354,14.4143233425
1644595200000.0,2022-02-11 16:00:00,ETH/BTC,0.07104,0.071335,0.070805,0.0709775,109.1160595259061,7.744785115
1644591600000.0,2022-02-11 15:00:00,ETH/BTC,0.0710875,0.0712125,0.0709275,0.07104,134.8418565948761,9.5791654925
1644588000000.0,2022-02-11 14:00:00,ETH/BTC,0.0713325,0.07165,0.07105,0.0710875,243.09264216634432,17.2808482
1644584400000.0,2022-02-11 13:00:00,ETH/BTC,0.071215,0.071345,0.0711475,0.0713325,69.03138338064699,4.924181155
1644580800000.0,2022-02-11 12:00:00,ETH/BTC,0.07122,0.0715275,0.071185,0.071215,624.4660647335534,44.4713508
1644577200000.0,2022-02-11 11:00:00,ETH/BTC,0.0715,0.0715025,0.0711725,0.07122,474.15812507020496,33.7695416675
1644573600000.0,2022-02-11 10:00:00,ETH/BTC,0.0713325,0.0715475,0.0711,0.0715,593.7133413986015,42.45050391
1644570000000.0,2022-02-11 09:00:00,ETH/BTC,0.07139,0.0714875,0.0712125,0.0713325,516.6466666316196,36.8536983475
1644566400000.0,2022-02-11 08:00:00,ETH/BTC,0.071475,0.0715725,0.0713,0.07139,685.6515599173555,48.9486648625
1644562800000.0,2022-02-11 07:00:00,ETH/BTC,0.07109,0.071545,0.07109,0.071475,644.875633018538,46.09248587
1644559200000.0,2022-02-11 06:00:00,ETH/BTC,0.0711625,0.07124,0.0709975,0.07109,253.3429295611197,18.0101488625
1644555600000.0,2022-02-11 05:00:00,ETH/BTC,0.0711925,0.0712325,0.07095,0.0711625,194.36417976462323,13.8314409425
1644552000000.0,2022-02-11 04:00:00,ETH/BTC,0.07107,0.071225,0.0709625,0.0711925,195.0800273554096,13.8882348475
1644548400000.0,2022-02-11 03:00:00,ETH/BTC,0.0709175,0.071125,0.0708,0.07107,275.72703795553684,19.5959205875
1644544800000.0,2022-02-11 02:00:00,ETH/BTC,0.07099,0.071075,0.07071,0.0709175,204.18505153875984,14.4802933925
1644541200000.0,2022-02-11 01:00:00,ETH/BTC,0.0706025,0.0710775,0.0705475,0.07099,173.56139012536977,12.321123085
1644537600000.0,2022-02-11 00:00:00,ETH/BTC,0.0706225,0.070675,0.06996,0.0706025,216.20981197549662,15.26495325
1644534000000.0,2022-02-10 23:00:00,ETH/BTC,0.070885,0.070945,0.070425,0.0706225,173.34057053347018,12.2417444425
1644530400000.0,2022-02-10 22:00:00,ETH/BTC,0.0711875,0.0712025,0.070885,0.070885,103.33971559568315,7.32523574
1644526800000.0,2022-02-10 21:00:00,ETH/BTC,0.0705325,0.0711875,0.07049,0.0711875,204.73513102721685,14.57458214
1644523200000.0,2022-02-10 20:00:00,ETH/BTC,0.0703175,0.070715,0.0701675,0.0705375,153.28617200070883,10.8124233575
1644519600000.0,2022-02-10 19:00:00,ETH/BTC,0.070435,0.0704475,0.070205,0.0703175,482.37829768549784,33.9196359475
1644516000000.0,2022-02-10 18:00:00,ETH/BTC,0.0708475,0.070965,0.070395,0.070435,612.5367625470292,43.14402687
1644512400000.0,2022-02-10 17:00:00,ETH/BTC,0.07107,0.07115,0.07059,0.0708475,522.1824476869333,36.9953209625
1644508800000.0,2022-02-10 16:00:00,ETH/BTC,0.0714175,0.0714175,0.07057,0.07107,569.3469272196426,40.4634861175
1644505200000.0,2022-02-10 15:00:00,ETH/BTC,0.07155,0.07201,0.071235,0.0714175,1452.2222786081845,103.7140845825
1644501600000.0,2022-02-10 14:00:00,ETH/BTC,0.0716275,0.071815,0.07134,0.0715525,955.0043147339367,68.33294623
1644498000000.0,2022-02-10 13:00:00,ETH/BTC,0.0724125,0.07246,0.071255,0.07164,1168.4506957705194,83.707807845
1644494400000.0,2022-02-10 12:00:00,ETH/BTC,0.0724475,0.072535,0.0723575,0.0724125,82.62319865354738,5.9829523725
1644490800000.0,2022-02-10 11:00:00,ETH/BTC,0.0727425,0.0727425,0.072345,0.0724375,549.1527461604832,39.77925205
1644487200000.0,2022-02-10 10:00:00,ETH/BTC,0.072405,0.07308,0.0724,0.0727425,598.18948912259,43.5137989125
1644483600000.0,2022-02-10 09:00:00,ETH/BTC,0.07234,0.072445,0.072135,0.072405,168.1986324839445,12.178421985
1644480000000.0,2022-02-10 08:00:00,ETH/BTC,0.07235,0.0724125,0.072275,0.07234,57.752888719933644,4.17784397
1644476400000.0,2022-02-10 07:00:00,ETH/BTC,0.072465,0.072535,0.0723475,0.07235,53.85147646855564,3.8961543225
1644472800000.0,2022-02-10 06:00:00,ETH/BTC,0.072345,0.0725525,0.07232,0.072465,286.37609870282205,20.7522439925
1644469200000.0,2022-02-10 05:00:00,ETH/BTC,0.07238,0.07238,0.07221,0.072345,245.10681588223093,17.732252595
1644465600000.0,2022-02-10 04:00:00,ETH/BTC,0.0726175,0.0727225,0.07238,0.07238,109.6993949986184,7.94004221
1644462000000.0,2022-02-10 03:00:00,ETH/BTC,0.072725,0.0728625,0.072605,0.0726175,418.4066727028609,30.383646555
1644458400000.0,2022-02-10 02:00:00,ETH/BTC,0.07286,0.072865,0.072545,0.072725,274.19675455482985,19.940958975
1644454800000.0,2022-02-10 01:00:00,ETH/BTC,0.073,0.07302,0.0728425,0.07286,198.90471081526218,14.49219723
1644451200000.0,2022-02-10 00:00:00,ETH/BTC,0.0730875,0.0733,0.07291,0.073,189.6834193150685,13.84688961
1644447600000.0,2022-02-09 23:00:00,ETH/BTC,0.0729625,0.0731175,0.0727925,0.0730875,87.50739534804173,6.3956967575
1644444000000.0,2022-02-09 22:00:00,ETH/BTC,0.07279,0.0730825,0.0727625,0.0729625,269.0232653417852,19.6286099975
1644440400000.0,2022-02-09 21:00:00,ETH/BTC,0.0728,0.0729525,0.0727725,0.07279,217.79847472180245,15.853550975
1644436800000.0,2022-02-09 20:00:00,ETH/BTC,0.073015,0.07326,0.0727825,0.0728,232.63960182005493,16.9361630125
1644433200000.0,2022-02-09 19:00:00,ETH/BTC,0.0726875,0.073065,0.0725575,0.073015,466.2451655139355,34.04289076
1644429600000.0,2022-02-09 18:00:00,ETH/BTC,0.07261,0.0726875,0.07248,0.0726875,437.4927767153912,31.8002562075
1644426000000.0,2022-02-09 17:00:00,ETH/BTC,0.0726875,0.072705,0.07252,0.07261,238.8364621264289,17.341915515
1644422400000.0,2022-02-09 16:00:00,ETH/BTC,0.07247,0.07281,0.07243,0.0726875,373.1830916595013,27.125745975
1644418800000.0,2022-02-09 15:00:00,ETH/BTC,0.072345,0.0724725,0.07212,0.07247,429.0409931695874,31.092600775
1644415200000.0,2022-02-09 14:00:00,ETH/BTC,0.0724075,0.0726825,0.0722025,0.072345,354.05056614140574,25.6137882075
1644411600000.0,2022-02-09 13:00:00,ETH/BTC,0.0721125,0.0725025,0.07208,0.0724075,397.4115630286918,28.77557775
1644408000000.0,2022-02-09 12:00:00,ETH/BTC,0.072125,0.0721675,0.0718225,0.0721125,502.4618735309412,36.233781855
1644404400000.0,2022-02-09 11:00:00,ETH/BTC,0.071925,0.07213,0.0719,0.072105,497.7723469592955,35.8918750775
1644400800000.0,2022-02-09 10:00:00,ETH/BTC,0.0714475,0.07198,0.07144,0.071925,786.7423497045534,56.5864435025
1644397200000.0,2022-02-09 09:00:00,ETH/BTC,0.071295,0.07152,0.07127,0.0714475,621.4476798348438,44.400883105
1644393600000.0,2022-02-09 08:00:00,ETH/BTC,0.0708825,0.071295,0.0708325,0.071295,100.99952924468757,7.2007614375
1644390000000.0,2022-02-09 07:00:00,ETH/BTC,0.0709475,0.071035,0.0708575,0.0708825,47.878494445032274,3.3937473825
1644386400000.0,2022-02-09 06:00:00,ETH/BTC,0.07088,0.0709575,0.0707575,0.0709475,42.89198893548046,3.043079385
1644382800000.0,2022-02-09 05:00:00,ETH/BTC,0.0708775,0.0709975,0.07077,0.07088,36.18981983634312,2.56513443
1644379200000.0,2022-02-09 04:00:00,ETH/BTC,0.07098,0.071055,0.0708675,0.0708775,127.88546954252055,9.0642023675
1644375600000.0,2022-02-09 03:00:00,ETH/BTC,0.070945,0.0710025,0.0708475,0.07098,56.047932480980556,3.9782822475
1644372000000.0,2022-02-09 02:00:00,ETH/BTC,0.0707025,0.0710175,0.07058,0.070945,73.26862217210517,5.1980424
1644368400000.0,2022-02-09 01:00:00,ETH/BTC,0.070705,0.0708675,0.0706175,0.0707025,155.97573837558787,11.0278746425
1644364800000.0,2022-02-09 00:00:00,ETH/BTC,0.0707575,0.07077,0.0705825,0.070705,22.315544622021072,1.5778205825
1644361200000.0,2022-02-08 23:00:00,ETH/BTC,0.070655,0.07093,0.070655,0.0707575,86.06097233508815,6.08945925
1644357600000.0,2022-02-08 22:00:00,ETH/BTC,0.070475,0.070665,0.0704125,0.070655,72.64050675819122,5.132415005
1644354000000.0,2022-02-08 21:00:00,ETH/BTC,0.07042,0.0706725,0.070415,0.070475,135.46296700957785,9.5467526
1644350400000.0,2022-02-08 20:00:00,ETH/BTC,0.070945,0.0709975,0.0703325,0.07042,660.7750826824766,46.5317813225
1644346800000.0,2022-02-08 19:00:00,ETH/BTC,0.071185,0.0711925,0.07082,0.070945,89.3212967439566,6.3368993975
1644343200000.0,2022-02-08 18:00:00,ETH/BTC,0.071045,0.0711875,0.07091,0.071185,177.86020095525743,12.660978405
1644339600000.0,2022-02-08 17:00:00,ETH/BTC,0.0707975,0.0711425,0.0706375,0.071045,431.0146732000845,30.6214374575
1644336000000.0,2022-02-08 16:00:00,ETH/BTC,0.07083,0.0709125,0.0704775,0.0707975,610.2204726155585,43.20208391
1644332400000.0,2022-02-08 15:00:00,ETH/BTC,0.07044,0.0708975,0.07044,0.0708275,180.8556814090572,12.809555775
1644328800000.0,2022-02-08 14:00:00,ETH/BTC,0.07089,0.070965,0.070405,0.07044,255.53969424332766,18.0002160625
1644325200000.0,2022-02-08 13:00:00,ETH/BTC,0.07055,0.071,0.07055,0.07089,233.93315940189026,16.58352167
1644321600000.0,2022-02-08 12:00:00,ETH/BTC,0.0705925,0.07081,0.07045,0.07055,97.93990818568392,6.9096605225
1644318000000.0,2022-02-08 11:00:00,ETH/BTC,0.0709475,0.0709675,0.0705925,0.0705925,142.79904352445374,10.08054148
1644314400000.0,2022-02-08 10:00:00,ETH/BTC,0.0705575,0.07101,0.0705175,0.0709475,151.16039807604213,10.7244523425
1644310800000.0,2022-02-08 09:00:00,ETH/BTC,0.0705275,0.07071,0.0703475,0.0705575,1253.7064676327818,88.45839409
1644307200000.0,2022-02-08 08:00:00,ETH/BTC,0.0707475,0.070825,0.0704575,0.0705275,679.9172837545638,47.95286623
1644303600000.0,2022-02-08 07:00:00,ETH/BTC,0.0710575,0.0710575,0.070615,0.0707475,130.28860913813207,9.217593375
1644300000000.0,2022-02-08 06:00:00,ETH/BTC,0.070975,0.0714375,0.0709625,0.0710575,284.7514290539352,20.23372467
1644296400000.0,2022-02-08 05:00:00,ETH/BTC,0.0712775,0.071575,0.070965,0.070975,377.2328398731948,26.77410081
1644292800000.0,2022-02-08 04:00:00,ETH/BTC,0.071225,0.0713525,0.07118,0.0712775,348.69209659429697,24.853900915
1644289200000.0,2022-02-08 03:00:00,ETH/BTC,0.0714175,0.071455,0.071215,0.071225,186.59319859599862,13.29010057
1644285600000.0,2022-02-08 02:00:00,ETH/BTC,0.0715525,0.0716,0.07139,0.0714175,205.05337200266044,14.644399195
1644282000000.0,2022-02-08 01:00:00,ETH/BTC,0.0713625,0.0716125,0.07133,0.0715525,288.2482478949023,20.6248827575
1644278400000.0,2022-02-08 00:00:00,ETH/BTC,0.0716325,0.07177,0.0713325,0.0713625,224.35253799264322,16.0103579925
1644274800000.0,2022-02-07 23:00:00,ETH/BTC,0.071505,0.071745,0.0714225,0.0716325,79.42717586291138,5.689567175
1644271200000.0,2022-02-07 22:00:00,ETH/BTC,0.0714825,0.07153,0.0713625,0.071505,307.6422281308999,21.9979575225
1644267600000.0,2022-02-07 21:00:00,ETH/BTC,0.0714775,0.0716375,0.0713125,0.0714825,272.26165162802084,19.4619435125
1644264000000.0,2022-02-07 20:00:00,ETH/BTC,0.071555,0.0719075,0.0714675,0.0714775,312.4520242383967,22.3332895625
1644260400000.0,2022-02-07 19:00:00,ETH/BTC,0.07177,0.0719275,0.0715075,0.071555,745.5875439871428,53.35051671
1644256800000.0,2022-02-07 18:00:00,ETH/BTC,0.0711675,0.07177,0.07108,0.0717625,698.8655884689078,50.1523417925
1644253200000.0,2022-02-07 17:00:00,ETH/BTC,0.0714925,0.07159,0.0710925,0.0711675,784.467821091088,55.8286136575
1644249600000.0,2022-02-07 16:00:00,ETH/BTC,0.0712225,0.0717475,0.0712025,0.0714925,977.9631403643739,69.9170298125
1644246000000.0,2022-02-07 15:00:00,ETH/BTC,0.07193,0.071935,0.0712,0.0712225,448.3894060865598,31.935414475
1644242400000.0,2022-02-07 14:00:00,ETH/BTC,0.07217,0.072505,0.0718975,0.07193,368.09292357152793,26.4769239925
1644238800000.0,2022-02-07 13:00:00,ETH/BTC,0.072015,0.072275,0.0719975,0.07217,208.88460021477067,15.0752015975
1644235200000.0,2022-02-07 12:00:00,ETH/BTC,0.0717775,0.0721975,0.07173,0.0720375,468.1778634738851,33.72636284
1644231600000.0,2022-02-07 11:00:00,ETH/BTC,0.0721575,0.072185,0.07169,0.0717825,153.68966680597637,11.0322285075
1644228000000.0,2022-02-07 10:00:00,ETH/BTC,0.0723325,0.0723475,0.0721575,0.0721575,309.4348839344489,22.3280476375
1644224400000.0,2022-02-07 09:00:00,ETH/BTC,0.0721175,0.072375,0.0720675,0.0723325,146.26499633636334,10.5797128475
1644220800000.0,2022-02-07 08:00:00,ETH/BTC,0.07209,0.0721775,0.072,0.0721175,236.71815592609286,17.07152161
1644217200000.0,2022-02-07 07:00:00,ETH/BTC,0.0722725,0.0724,0.0720775,0.07209,249.93765113053126,18.01800527
1644213600000.0,2022-02-07 06:00:00,ETH/BTC,0.072285,0.0725625,0.0721775,0.0722725,258.2445043066173,18.6639759375
1644210000000.0,2022-02-07 05:00:00,ETH/BTC,0.0720575,0.0724375,0.0720275,0.072285,734.0143029674206,53.05822389
1644206400000.0,2022-02-07 04:00:00,ETH/BTC,0.0716725,0.07212,0.0715625,0.0720575,232.31016087846513,16.7396894175
1644202800000.0,2022-02-07 03:00:00,ETH/BTC,0.07167,0.0717525,0.07151,0.0716725,606.6343125675817,43.4789977675
1644199200000.0,2022-02-07 02:00:00,ETH/BTC,0.0717275,0.0717475,0.0715075,0.07167,420.8613508790289,30.1631330175
1644195600000.0,2022-02-07 01:00:00,ETH/BTC,0.0719625,0.071965,0.0716725,0.0717275,418.7457852636715,30.0355883125
1644192000000.0,2022-02-07 00:00:00,ETH/BTC,0.0721025,0.07214,0.0718375,0.0719625,344.08148289039434,24.7609637125
1644188400000.0,2022-02-06 23:00:00,ETH/BTC,0.071845,0.0721925,0.07156,0.0721025,456.4082677785097,32.9081771275
1644184800000.0,2022-02-06 22:00:00,ETH/BTC,0.0718925,0.0719925,0.0718025,0.071845,328.8600308302596,23.626948915
1644181200000.0,2022-02-06 21:00:00,ETH/BTC,0.0718025,0.0719925,0.07178,0.0718925,246.90047936154673,17.7502927125
1644177600000.0,2022-02-06 20:00:00,ETH/BTC,0.07195,0.0719525,0.071695,0.0718025,809.0900849900769,58.0946908275
1644174000000.0,2022-02-06 19:00:00,ETH/BTC,0.071925,0.072045,0.0718625,0.07195,1041.4697239749826,74.93374664
1644170400000.0,2022-02-06 18:00:00,ETH/BTC,0.07207,0.0721175,0.071895,0.071925,66.34980149461245,4.7722094725
1644166800000.0,2022-02-06 17:00:00,ETH/BTC,0.0720825,0.0721875,0.07201,0.07207,49.68716508255863,3.5809539875
1644163200000.0,2022-02-06 16:00:00,ETH/BTC,0.0720425,0.07214,0.07186,0.0720825,198.53570901397705,14.310950245
1644159600000.0,2022-02-06 15:00:00,ETH/BTC,0.072095,0.07218,0.071745,0.0720425,217.84984422389562,15.6944474025
1644156000000.0,2022-02-06 14:00:00,ETH/BTC,0.072295,0.072425,0.072035,0.072095,202.75310517372907,14.6174851175
1644152400000.0,2022-02-06 13:00:00,ETH/BTC,0.0723175,0.0724075,0.07223,0.072295,112.16677145722387,8.1090967425
1644148800000.0,2022-02-06 12:00:00,ETH/BTC,0.0724175,0.0724675,0.072275,0.0723175,203.33976209078023,14.705023245
1644145200000.0,2022-02-06 11:00:00,ETH/BTC,0.0723425,0.0724175,0.072335,0.0724175,130.05426464597645,9.41820471
1644141600000.0,2022-02-06 10:00:00,ETH/BTC,0.0724775,0.072505,0.07231,0.0723425,104.0893431247192,7.530083305
1644138000000.0,2022-02-06 09:00:00,ETH/BTC,0.0723075,0.0725,0.0723075,0.0724775,208.35051353868442,15.100724345
1644134400000.0,2022-02-06 08:00:00,ETH/BTC,0.072365,0.072365,0.0722025,0.0723075,66.36661694844933,4.798804155
1644130800000.0,2022-02-06 07:00:00,ETH/BTC,0.0724525,0.0725425,0.0723225,0.072365,14.92713224625164,1.080201925
1644127200000.0,2022-02-06 06:00:00,ETH/BTC,0.0726375,0.07264,0.0724025,0.0724525,22.282369897519064,1.614413405
1644123600000.0,2022-02-06 05:00:00,ETH/BTC,0.0726325,0.07266,0.072565,0.0726375,12.182428773016694,0.88490117
1644120000000.0,2022-02-06 04:00:00,ETH/BTC,0.0726225,0.07267,0.0723675,0.0726325,65.03089495060752,4.7233564775
1644116400000.0,2022-02-06 03:00:00,ETH/BTC,0.0728125,0.072835,0.0726225,0.0726225,22.543044132328134,1.6371322225
1644112800000.0,2022-02-06 02:00:00,ETH/BTC,0.0728625,0.0728625,0.07269,0.0728125,16.030543244635194,1.16722393
1644109200000.0,2022-02-06 01:00:00,ETH/BTC,0.07296,0.073,0.072805,0.0728625,23.38605500085778,1.7039664325
1644105600000.0,2022-02-06 00:00:00,ETH/BTC,0.0728125,0.0729875,0.0727975,0.07296,21.18111674205044,1.5453742775
1644102000000.0,2022-02-05 23:00:00,ETH/BTC,0.072615,0.0728675,0.0725625,0.0728125,117.1809266609442,8.5322362225
1644098400000.0,2022-02-05 22:00:00,ETH/BTC,0.07255,0.072715,0.0725425,0.072615,23.606954279418854,1.714218985
1644094800000.0,2022-02-05 21:00:00,ETH/BTC,0.0724425,0.0726925,0.0724,0.07255,49.09137643004824,3.56157936
1644091200000.0,2022-02-05 20:00:00,ETH/BTC,0.0724675,0.0725775,0.072325,0.0724425,41.257946543810604,2.9888287925
1644087600000.0,2022-02-05 19:00:00,ETH/BTC,0.072395,0.0726025,0.0723575,0.0724675,39.459761513782034,2.8595502675
1644084000000.0,2022-02-05 18:00:00,ETH/BTC,0.07249,0.0725775,0.07234,0.072395,65.10601167207679,4.713349715
1644080400000.0,2022-02-05 17:00:00,ETH/BTC,0.07273,0.0727525,0.0723375,0.07249,302.8832022003035,21.9560033275
1644076800000.0,2022-02-05 16:00:00,ETH/BTC,0.0730625,0.0730625,0.07266,0.07273,93.2398485838031,6.7813341875
1644073200000.0,2022-02-05 15:00:00,ETH/BTC,0.0728925,0.073185,0.072725,0.0730625,442.91088810949526,32.3601767625
1644069600000.0,2022-02-05 14:00:00,ETH/BTC,0.0728275,0.073,0.07265,0.0728925,191.02878622629214,13.9245658
1644066000000.0,2022-02-05 13:00:00,ETH/BTC,0.0726475,0.072905,0.07261,0.0728275,260.87158827366034,18.998625595
1644062400000.0,2022-02-05 12:00:00,ETH/BTC,0.0726875,0.072815,0.072545,0.0726475,192.80189906741455,14.0065759625
1644058800000.0,2022-02-05 11:00:00,ETH/BTC,0.0727675,0.0727875,0.07253,0.0726875,69.00149609630266,5.0155462475
1644055200000.0,2022-02-05 10:00:00,ETH/BTC,0.072895,0.072915,0.0726175,0.0727675,232.6302739203628,16.9279234575
1644051600000.0,2022-02-05 09:00:00,ETH/BTC,0.0725825,0.073035,0.0725625,0.072895,439.9706338912134,32.0716593575
1644048000000.0,2022-02-05 08:00:00,ETH/BTC,0.0725375,0.0726625,0.0723375,0.0725825,62.6023849757173,4.5438376075
1644044400000.0,2022-02-05 07:00:00,ETH/BTC,0.0724975,0.0725825,0.0724025,0.0725375,98.31123529209029,7.13125123
1644040800000.0,2022-02-05 06:00:00,ETH/BTC,0.07285,0.0729825,0.0724825,0.0724975,119.27870581744197,8.647407975
1644037200000.0,2022-02-05 05:00:00,ETH/BTC,0.0726825,0.072915,0.0726825,0.07285,67.7851289293068,4.9381466425
1644033600000.0,2022-02-05 04:00:00,ETH/BTC,0.07231,0.072925,0.07221,0.0726825,318.1876002476525,23.126670255
1644030000000.0,2022-02-05 03:00:00,ETH/BTC,0.07237,0.0724675,0.0720925,0.07231,262.7088952772784,18.9964802175
1644026400000.0,2022-02-05 02:00:00,ETH/BTC,0.0720025,0.0725925,0.071995,0.07237,326.99525645985904,23.66464671
1644022800000.0,2022-02-05 01:00:00,ETH/BTC,0.0718825,0.0720225,0.0717475,0.0720025,189.64456643866532,13.654882895
1644019200000.0,2022-02-05 00:00:00,ETH/BTC,0.072045,0.0720625,0.0715375,0.0718825,405.49961301429414,29.1483259325
1644015600000.0,2022-02-04 23:00:00,ETH/BTC,0.0727325,0.0727825,0.0716425,0.072045,417.71130616281494,30.0940110525
1644012000000.0,2022-02-04 22:00:00,ETH/BTC,0.072745,0.0729675,0.0724,0.0727325,259.7908974667446,18.89524145
1644008400000.0,2022-02-04 21:00:00,ETH/BTC,0.0728125,0.07286,0.0726475,0.072745,73.78853879991752,5.367747255
1644004800000.0,2022-02-04 20:00:00,ETH/BTC,0.072625,0.0729175,0.0726025,0.0728125,121.95300140772531,8.879702915
1644001200000.0,2022-02-04 19:00:00,ETH/BTC,0.0728025,0.0728125,0.07249,0.072625,188.1057795180723,13.6611822375
1643997600000.0,2022-02-04 18:00:00,ETH/BTC,0.0729325,0.0731825,0.0728,0.0728025,98.92562343326121,7.2020327
1643994000000.0,2022-02-04 17:00:00,ETH/BTC,0.07279,0.0730925,0.072755,0.0729325,184.67419867685877,13.468750995
1643990400000.0,2022-02-04 16:00:00,ETH/BTC,0.0727325,0.07325,0.07261,0.07279,583.526218848743,42.47487347
1643986800000.0,2022-02-04 15:00:00,ETH/BTC,0.07447,0.07462,0.07273,0.0727325,395.96999425978754,28.7998876075
1643983200000.0,2022-02-04 14:00:00,ETH/BTC,0.0741125,0.0746225,0.07385,0.07447,217.61557630589502,16.2058319675
1643979600000.0,2022-02-04 13:00:00,ETH/BTC,0.074775,0.0748475,0.0740475,0.0741125,186.46144152470907,13.819123585
1643976000000.0,2022-02-04 12:00:00,ETH/BTC,0.0748175,0.0749,0.0747025,0.074775,807.3963320628553,60.37306073
1643972400000.0,2022-02-04 11:00:00,ETH/BTC,0.0747825,0.07493,0.0747025,0.0748175,123.10262953186088,9.210230985
1643968800000.0,2022-02-04 10:00:00,ETH/BTC,0.074885,0.07507,0.074715,0.0747825,572.3259761642096,42.7999673125
1643965200000.0,2022-02-04 09:00:00,ETH/BTC,0.074675,0.0749025,0.074455,0.074885,530.5245720771851,39.72833258
1643961600000.0,2022-02-04 08:00:00,ETH/BTC,0.0740525,0.0749375,0.0740525,0.074675,984.3319622028791,73.5049892775
1643958000000.0,2022-02-04 07:00:00,ETH/BTC,0.0736175,0.074055,0.073345,0.0740525,309.42664521791977,22.913816645
1643954400000.0,2022-02-04 06:00:00,ETH/BTC,0.07378,0.0739875,0.0735625,0.0736175,823.3436586749074,60.6125017925
1643950800000.0,2022-02-04 05:00:00,ETH/BTC,0.0719575,0.073895,0.0719525,0.07378,1403.6821105990782,103.56366612
1643947200000.0,2022-02-04 04:00:00,ETH/BTC,0.07192,0.07201,0.0718175,0.0719525,45.23919457280845,3.2550731475
1643943600000.0,2022-02-04 03:00:00,ETH/BTC,0.07198,0.072075,0.071905,0.07192,69.56150622219133,5.0028635275
1643940000000.0,2022-02-04 02:00:00,ETH/BTC,0.07207,0.0721875,0.0719775,0.07198,79.7871400388997,5.74307834
1643936400000.0,2022-02-04 01:00:00,ETH/BTC,0.0722925,0.072295,0.07207,0.07207,58.19481979325656,4.1941006625
1643932800000.0,2022-02-04 00:00:00,ETH/BTC,0.07224,0.0723675,0.072135,0.0722925,798.700901614967,57.74008493
1643929200000.0,2022-02-03 23:00:00,ETH/BTC,0.0720425,0.07234,0.071895,0.07224,546.6708691168327,39.491503585
1643925600000.0,2022-02-03 22:00:00,ETH/BTC,0.07196,0.0722,0.0717825,0.0720425,217.48696897664576,15.6683049625
1643922000000.0,2022-02-03 21:00:00,ETH/BTC,0.07102,0.0721,0.071015,0.07196,926.8399698443579,66.69540423
1643918400000.0,2022-02-03 20:00:00,ETH/BTC,0.07111,0.07129,0.0709775,0.07102,376.6274250563221,26.7480797275
1643914800000.0,2022-02-03 19:00:00,ETH/BTC,0.0713375,0.0714475,0.07106,0.07111,72.6215256293067,5.1641166875
1643911200000.0,2022-02-03 18:00:00,ETH/BTC,0.0713075,0.0715,0.071075,0.0713375,1039.0956960224287,74.126489215
1643907600000.0,2022-02-03 17:00:00,ETH/BTC,0.07125,0.07132,0.071095,0.0713075,181.64873624794026,12.95291726
1643904000000.0,2022-02-03 16:00:00,ETH/BTC,0.071535,0.0716875,0.07125,0.07125,109.47194273684211,7.79987592
1643900400000.0,2022-02-03 15:00:00,ETH/BTC,0.0714675,0.07184,0.071325,0.071535,187.10801548193191,13.3847718875
1643896800000.0,2022-02-03 14:00:00,ETH/BTC,0.0712875,0.0715175,0.07111,0.0714675,116.27693885332494,8.3100221275
1643893200000.0,2022-02-03 13:00:00,ETH/BTC,0.0712725,0.0715075,0.071115,0.0712875,163.9904952831843,11.6904724325
1643889600000.0,2022-02-03 12:00:00,ETH/BTC,0.071265,0.0713675,0.0708875,0.0712725,896.1076755410572,63.867834305
1643886000000.0,2022-02-03 11:00:00,ETH/BTC,0.071355,0.07155,0.07121,0.071265,531.8455744404687,37.9019748625
1643882400000.0,2022-02-03 10:00:00,ETH/BTC,0.071505,0.0715625,0.07116,0.071355,146.98129959358138,10.4878506325
1643878800000.0,2022-02-03 09:00:00,ETH/BTC,0.072085,0.072085,0.0714925,0.071505,211.50981774001818,15.1240095175
1643875200000.0,2022-02-03 08:00:00,ETH/BTC,0.0721475,0.0723175,0.0718975,0.072085,160.61452753693555,11.5778982175
1643871600000.0,2022-02-03 07:00:00,ETH/BTC,0.07179,0.0721575,0.071775,0.0721475,70.61396881388822,5.094621315
1643868000000.0,2022-02-03 06:00:00,ETH/BTC,0.0717425,0.0718525,0.0715925,0.07179,100.28602556066303,7.199533775
1643864400000.0,2022-02-03 05:00:00,ETH/BTC,0.07212,0.07213,0.07172,0.0717425,227.58695239920547,16.3276569325
1643860800000.0,2022-02-03 04:00:00,ETH/BTC,0.072155,0.0723675,0.0720025,0.07212,260.89942436217416,18.816066485
1643857200000.0,2022-02-03 03:00:00,ETH/BTC,0.0727075,0.072715,0.072135,0.072155,128.20512438500452,9.25064075
1643853600000.0,2022-02-03 02:00:00,ETH/BTC,0.072815,0.0729225,0.0726175,0.0727075,112.59525145273872,8.186519245
1643850000000.0,2022-02-03 01:00:00,ETH/BTC,0.0730575,0.07322,0.0726275,0.072815,168.73123439538557,12.2861648325
1643846400000.0,2022-02-03 00:00:00,ETH/BTC,0.07263,0.0735275,0.072475,0.0730575,675.987449816925,49.385953115
1643842800000.0,2022-02-02 23:00:00,ETH/BTC,0.07238,0.0731375,0.072275,0.07263,556.2831091146909,40.402842215
1643839200000.0,2022-02-02 22:00:00,ETH/BTC,0.0719075,0.072725,0.0717525,0.07238,222.63080830339874,16.114017905
1643835600000.0,2022-02-02 21:00:00,ETH/BTC,0.072605,0.0726575,0.07129,0.0719075,1760.3443133539618,126.5819587125
1643832000000.0,2022-02-02 20:00:00,ETH/BTC,0.072075,0.0726325,0.07183,0.072605,366.3447007437504,26.5984569975
1643828400000.0,2022-02-02 19:00:00,ETH/BTC,0.0716725,0.07225,0.0716525,0.072075,231.46924731182796,16.683146
1643824800000.0,2022-02-02 18:00:00,ETH/BTC,0.071655,0.07178,0.0715075,0.0716725,107.52999166346926,7.7069433275
1643821200000.0,2022-02-02 17:00:00,ETH/BTC,0.0715175,0.07179,0.07142,0.071655,136.48971230200266,9.780170335
1643817600000.0,2022-02-02 16:00:00,ETH/BTC,0.0711975,0.0715425,0.0710225,0.0715175,136.52846184500297,9.76417427
1643814000000.0,2022-02-02 15:00:00,ETH/BTC,0.0713,0.07149,0.07088,0.0711975,339.6799688893571,24.184364585
1643810400000.0,2022-02-02 14:00:00,ETH/BTC,0.07232,0.072325,0.0713,0.0713,629.3846098527349,44.8751226825
1643806800000.0,2022-02-02 13:00:00,ETH/BTC,0.0723325,0.07243,0.0722,0.07232,141.49794662610623,10.2331315
1643803200000.0,2022-02-02 12:00:00,ETH/BTC,0.0718675,0.0725875,0.0718675,0.0723325,378.57041025818273,27.3829442
1643799600000.0,2022-02-02 11:00:00,ETH/BTC,0.0716825,0.0718675,0.0716,0.0718675,52.491918321911854,3.77246294
1643796000000.0,2022-02-02 10:00:00,ETH/BTC,0.072035,0.072035,0.07168,0.0716825,55.45066313256374,3.97484216
1643792400000.0,2022-02-02 09:00:00,ETH/BTC,0.071875,0.0720375,0.07179,0.072035,73.20844544318733,5.2735703675
1643788800000.0,2022-02-02 08:00:00,ETH/BTC,0.0718275,0.07189,0.0716925,0.071875,54.24202100869565,3.89864526
1643785200000.0,2022-02-02 07:00:00,ETH/BTC,0.0719225,0.07201,0.0717575,0.0718275,210.70900024363925,15.134700715
1643781600000.0,2022-02-02 06:00:00,ETH/BTC,0.07194,0.0721975,0.071505,0.0719225,452.90933692516245,32.574371785
1643778000000.0,2022-02-02 05:00:00,ETH/BTC,0.0718325,0.07194,0.0717725,0.07194,146.21418279121488,10.51864831
1643774400000.0,2022-02-02 04:00:00,ETH/BTC,0.0721425,0.0721525,0.07169,0.0718325,179.35597003445517,12.8835877175
1643770800000.0,2022-02-02 03:00:00,ETH/BTC,0.071845,0.072195,0.0718075,0.0721425,351.844358179991,25.38293161
1643767200000.0,2022-02-02 02:00:00,ETH/BTC,0.0716925,0.07188,0.0714175,0.071845,185.22627896861297,13.3075820125
1643763600000.0,2022-02-02 01:00:00,ETH/BTC,0.0718975,0.0719375,0.0714975,0.0716925,515.2879786937266,36.9422834125
1643760000000.0,2022-02-02 00:00:00,ETH/BTC,0.07204,0.07219,0.071795,0.0718975,501.111934072812,36.02869528
1643756400000.0,2022-02-01 23:00:00,ETH/BTC,0.07204,0.07218,0.0719025,0.07204,38.46770478206552,2.7712134525
1643752800000.0,2022-02-01 22:00:00,ETH/BTC,0.0720925,0.0722,0.071895,0.072035,76.90177892691052,5.539619645
1643749200000.0,2022-02-01 21:00:00,ETH/BTC,0.07191,0.0720925,0.07172,0.0720925,97.655678156535,7.0402419775
1643745600000.0,2022-02-01 20:00:00,ETH/BTC,0.071695,0.0719925,0.0716925,0.07191,47.66638791544987,3.427689955
1643742000000.0,2022-02-01 19:00:00,ETH/BTC,0.0718425,0.07204,0.071695,0.071695,276.80590142269335,19.8455991025
1643738400000.0,2022-02-01 18:00:00,ETH/BTC,0.07157,0.07195,0.0715075,0.0718425,113.68359115426104,8.1673133975
1643734800000.0,2022-02-01 17:00:00,ETH/BTC,0.0716775,0.0717675,0.0714875,0.07157,91.4268218527316,6.54341764
1643731200000.0,2022-02-01 16:00:00,ETH/BTC,0.071675,0.071775,0.07143,0.0716,30.23266124301676,2.164658545
1643727600000.0,2022-02-01 15:00:00,ETH/BTC,0.07198,0.07198,0.0714625,0.071675,90.04215566794558,6.4537715075
1643724000000.0,2022-02-01 14:00:00,ETH/BTC,0.07182,0.07212,0.0717,0.07196,61.200122741801,4.4039608325
1643720400000.0,2022-02-01 13:00:00,ETH/BTC,0.07194,0.072105,0.07175,0.07182,109.11510975355056,7.8366471825
1643716800000.0,2022-02-01 12:00:00,ETH/BTC,0.07187,0.07215,0.0717325,0.07194,111.47542636224631,8.0195421725
1643713200000.0,2022-02-01 11:00:00,ETH/BTC,0.0715275,0.072,0.0714725,0.07187,218.35515653262837,15.6931851
1643709600000.0,2022-02-01 10:00:00,ETH/BTC,0.0715075,0.0717,0.0714575,0.0715275,69.76572751738841,4.990168075
1643706000000.0,2022-02-01 09:00:00,ETH/BTC,0.07164,0.0718,0.071265,0.0715075,165.54924500926475,11.8380126375
1643702400000.0,2022-02-01 08:00:00,ETH/BTC,0.0712125,0.07164,0.0711175,0.07164,111.17137206867673,7.964317095
1643698800000.0,2022-02-01 07:00:00,ETH/BTC,0.071385,0.071575,0.07119,0.0712125,99.71245645076355,7.100773305
1643695200000.0,2022-02-01 06:00:00,ETH/BTC,0.0710625,0.071435,0.071,0.071385,281.2428422637809,20.076520295
1643691600000.0,2022-02-01 05:00:00,ETH/BTC,0.07115,0.0713475,0.070945,0.0710625,76.30091725593668,5.4221339325
1643688000000.0,2022-02-01 04:00:00,ETH/BTC,0.0712775,0.071575,0.0710475,0.07115,185.54979385101896,13.2018678325
1643684400000.0,2022-02-01 03:00:00,ETH/BTC,0.07055,0.071435,0.07055,0.0712775,105.75780547858723,7.53815198
1643680800000.0,2022-02-01 02:00:00,ETH/BTC,0.07021,0.070595,0.070185,0.07055,60.979092026931255,4.3020749425
1643677200000.0,2022-02-01 01:00:00,ETH/BTC,0.07011,0.0704975,0.0701075,0.07021,105.88574181028345,7.4342379325
1643673600000.0,2022-02-01 00:00:00,ETH/BTC,0.0698325,0.0701925,0.069815,0.07013,254.23078365178952,17.8292048575
1643670000000.0,2022-01-31 23:00:00,ETH/BTC,0.0697775,0.069935,0.0697425,0.0698325,177.14931292736188,12.370779395
1643666400000.0,2022-01-31 22:00:00,ETH/BTC,0.06977,0.07006,0.069645,0.0697775,37.225171975206905,2.5974794375
1643662800000.0,2022-01-31 21:00:00,ETH/BTC,0.06981,0.06987,0.069645,0.06977,55.122641536477,3.8459067
1643659200000.0,2022-01-31 20:00:00,ETH/BTC,0.069615,0.0699875,0.0695575,0.06981,264.52215416845723,18.4662915825
1643655600000.0,2022-01-31 19:00:00,ETH/BTC,0.0696475,0.07013,0.06928,0.0696175,201.9958815312242,14.0624482825
1643652000000.0,2022-01-31 18:00:00,ETH/BTC,0.069825,0.0699625,0.069615,0.0696475,780.3230399870778,54.3475489275
1643648400000.0,2022-01-31 17:00:00,ETH/BTC,0.0700025,0.0701825,0.0697475,0.069825,556.0118969924812,38.8235307075
1643644800000.0,2022-01-31 16:00:00,ETH/BTC,0.069465,0.07017,0.06941,0.0700025,477.4054450912468,33.41957467
1643641200000.0,2022-01-31 15:00:00,ETH/BTC,0.0689575,0.0696225,0.06875,0.069465,367.14151263226086,25.503485175
1643637600000.0,2022-01-31 14:00:00,ETH/BTC,0.06867,0.0690075,0.068575,0.0689525,147.3198703455277,10.15807336
1643634000000.0,2022-01-31 13:00:00,ETH/BTC,0.0685375,0.068895,0.068375,0.06867,63.843599060725204,4.3841399475
1643630400000.0,2022-01-31 12:00:00,ETH/BTC,0.0686475,0.068795,0.068285,0.0685375,132.8174314061645,9.102974705
1643626800000.0,2022-01-31 11:00:00,ETH/BTC,0.06843,0.06884,0.06815,0.0686475,124.19949517462399,8.525984845
1643623200000.0,2022-01-31 10:00:00,ETH/BTC,0.06834,0.0684825,0.0682225,0.06843,107.85498290223585,7.38051648
1643619600000.0,2022-01-31 09:00:00,ETH/BTC,0.06815,0.0683975,0.0680325,0.06834,81.332108611355,5.5582363025
1643616000000.0,2022-01-31 08:00:00,ETH/BTC,0.06811,0.06816,0.06795,0.06815,345.1543528246515,23.522269145
1643612400000.0,2022-01-31 07:00:00,ETH/BTC,0.067895,0.0681275,0.067845,0.06811,78.31339491264131,5.3339253275
1643608800000.0,2022-01-31 06:00:00,ETH/BTC,0.06775,0.0679275,0.067655,0.067895,830.3703274909788,56.377993385
1643605200000.0,2022-01-31 05:00:00,ETH/BTC,0.0677125,0.067795,0.06759,0.06775,280.64811815498155,19.013910005
1643601600000.0,2022-01-31 04:00:00,ETH/BTC,0.0678225,0.0678225,0.067335,0.0677125,42.65904183127192,2.88855037
1643598000000.0,2022-01-31 03:00:00,ETH/BTC,0.0678875,0.0680025,0.067695,0.0678225,418.64944612776003,28.39385206
1643594400000.0,2022-01-31 02:00:00,ETH/BTC,0.068585,0.068585,0.067825,0.0678875,364.4311111397533,24.7403170575
1643590800000.0,2022-01-31 01:00:00,ETH/BTC,0.0689625,0.0691125,0.068485,0.068585,1041.9483240139973,71.4620258025
1643587200000.0,2022-01-31 00:00:00,ETH/BTC,0.0686625,0.0689925,0.06845,0.0689625,421.85586996556106,29.0922354325
1643583600000.0,2022-01-30 23:00:00,ETH/BTC,0.0681875,0.0688925,0.06817,0.0686625,92.18138037502275,6.32940403
1643580000000.0,2022-01-30 22:00:00,ETH/BTC,0.06782,0.068235,0.0676175,0.0681875,401.57451589367554,27.3823623025
1643576400000.0,2022-01-30 21:00:00,ETH/BTC,0.06836,0.0683775,0.067775,0.06782,497.10778081686817,33.713849695
1643572800000.0,2022-01-30 20:00:00,ETH/BTC,0.0682325,0.068445,0.0680325,0.06836,537.1356798566413,36.718595075
1643569200000.0,2022-01-30 19:00:00,ETH/BTC,0.068685,0.06873,0.0681675,0.0682325,75.00359227640787,5.11768261
1643565600000.0,2022-01-30 18:00:00,ETH/BTC,0.0689175,0.069025,0.06864,0.068685,60.92154422362962,4.184396265
1643562000000.0,2022-01-30 17:00:00,ETH/BTC,0.0686475,0.0689875,0.068515,0.0689175,56.414574346138494,3.8879514275
1643558400000.0,2022-01-30 16:00:00,ETH/BTC,0.068875,0.0689375,0.0685525,0.0686425,33.96162184506684,2.3312106275
1643554800000.0,2022-01-30 15:00:00,ETH/BTC,0.068745,0.0689425,0.0686425,0.068875,52.903437205081666,3.6437242375
1643551200000.0,2022-01-30 14:00:00,ETH/BTC,0.0687625,0.068855,0.0684875,0.068745,407.84249821805224,28.03713254
1643547600000.0,2022-01-30 13:00:00,ETH/BTC,0.068965,0.0690575,0.06875,0.0687625,104.14633848391202,7.1613626
1643544000000.0,2022-01-30 12:00:00,ETH/BTC,0.068895,0.06914,0.06885,0.068965,45.913199775248316,3.1664038225
1643540400000.0,2022-01-30 11:00:00,ETH/BTC,0.068805,0.068995,0.0686525,0.068895,43.03717969373685,2.965046495
1643536800000.0,2022-01-30 10:00:00,ETH/BTC,0.0688775,0.06888,0.0686225,0.068805,159.51331258629457,10.9753134725
1643533200000.0,2022-01-30 09:00:00,ETH/BTC,0.0686,0.06888,0.068585,0.0688775,68.93157210264602,4.7478343575
1643529600000.0,2022-01-30 08:00:00,ETH/BTC,0.0684925,0.06864,0.0683075,0.0686,332.33457448979595,22.79815181
1643526000000.0,2022-01-30 07:00:00,ETH/BTC,0.068665,0.06885,0.06844,0.0684925,540.7470608825785,37.0371180675
1643522400000.0,2022-01-30 06:00:00,ETH/BTC,0.0683025,0.0686675,0.0682425,0.068665,106.80074310056068,7.333473025
1643518800000.0,2022-01-30 05:00:00,ETH/BTC,0.067965,0.0683125,0.067905,0.0683025,453.31827206178394,30.9627712775
1643515200000.0,2022-01-30 04:00:00,ETH/BTC,0.067795,0.0679725,0.0676975,0.067965,204.83845236518798,13.921845415
1643511600000.0,2022-01-30 03:00:00,ETH/BTC,0.067945,0.068035,0.06776,0.067795,34.2530984585884,2.32218881
1643508000000.0,2022-01-30 02:00:00,ETH/BTC,0.068025,0.068025,0.0677975,0.067945,449.0923401280447,30.51357905
1643504400000.0,2022-01-30 01:00:00,ETH/BTC,0.0679,0.068085,0.0678525,0.068025,103.83605501653803,7.0634476425
1643500800000.0,2022-01-30 00:00:00,ETH/BTC,0.06814,0.0683475,0.067845,0.0679,66.23424120029455,4.4973049775
1643497200000.0,2022-01-29 23:00:00,ETH/BTC,0.0681975,0.06822,0.067985,0.06814,137.6966651012621,9.38265076
1643493600000.0,2022-01-29 22:00:00,ETH/BTC,0.06815,0.068265,0.06805,0.0681975,115.75605711353056,7.894273705
1643490000000.0,2022-01-29 21:00:00,ETH/BTC,0.067935,0.068275,0.0678825,0.06815,102.28491305942774,6.970716825
1643486400000.0,2022-01-29 20:00:00,ETH/BTC,0.0684325,0.0684925,0.06788,0.067935,237.36556502539196,16.12542966
1643482800000.0,2022-01-29 19:00:00,ETH/BTC,0.068575,0.0686625,0.068355,0.0684325,116.57614163591862,7.9775968125
1643479200000.0,2022-01-29 18:00:00,ETH/BTC,0.0681275,0.068985,0.0681275,0.068575,676.2032956616843,46.370641
1643475600000.0,2022-01-29 17:00:00,ETH/BTC,0.0681975,0.0684175,0.06808,0.0681275,224.6448445194672,15.304491645
1643472000000.0,2022-01-29 16:00:00,ETH/BTC,0.0676875,0.0682025,0.0676875,0.0681975,66.99847633710914,4.56912859
1643468400000.0,2022-01-29 15:00:00,ETH/BTC,0.0675775,0.06777,0.0674,0.0676875,184.3931608125577,12.4811120725
1643464800000.0,2022-01-29 14:00:00,ETH/BTC,0.0682575,0.0682975,0.06751,0.0675775,124.90126443712774,8.4405151975
1643461200000.0,2022-01-29 13:00:00,ETH/BTC,0.0680425,0.0682925,0.06794,0.0682575,213.9355742226129,14.6027074575
1643457600000.0,2022-01-29 12:00:00,ETH/BTC,0.0676875,0.0683,0.067535,0.0680425,233.70201300657675,15.90166922
1643454000000.0,2022-01-29 11:00:00,ETH/BTC,0.0675825,0.0676925,0.067465,0.0676875,53.37030962142198,3.6125028325
1643450400000.0,2022-01-29 10:00:00,ETH/BTC,0.0676075,0.067655,0.06746,0.0675825,34.76295165168498,2.34936718
1643446800000.0,2022-01-29 09:00:00,ETH/BTC,0.0676525,0.067675,0.0674075,0.0676075,243.705746329919,16.476336245
1643443200000.0,2022-01-29 08:00:00,ETH/BTC,0.0678725,0.0680125,0.06756,0.0676525,213.59487036694875,14.4502269675
1643439600000.0,2022-01-29 07:00:00,ETH/BTC,0.067395,0.0678925,0.06738,0.0678725,280.2651656414601,19.022297455
1643436000000.0,2022-01-29 06:00:00,ETH/BTC,0.06729,0.0674575,0.0672225,0.067395,509.5620901402182,34.341937065
1643432400000.0,2022-01-29 05:00:00,ETH/BTC,0.0671375,0.0673225,0.0669925,0.06729,203.78062925397535,13.7123985425
1643428800000.0,2022-01-29 04:00:00,ETH/BTC,0.06735,0.0674625,0.0671275,0.0671375,158.80529890150808,10.661790755
1643425200000.0,2022-01-29 03:00:00,ETH/BTC,0.06737,0.067475,0.0671775,0.06735,81.1057334075724,5.462471145
1643421600000.0,2022-01-29 02:00:00,ETH/BTC,0.06748,0.0675875,0.0672825,0.06737,79.89497992429865,5.3825247975
1643418000000.0,2022-01-29 01:00:00,ETH/BTC,0.067755,0.06783,0.0674225,0.06748,494.08007887522234,33.3405237225
1643414400000.0,2022-01-29 00:00:00,ETH/BTC,0.0675225,0.06808,0.06745,0.067755,323.5478187587632,21.92198246
1643410800000.0,2022-01-28 23:00:00,ETH/BTC,0.06683,0.0676125,0.06681,0.0675225,205.52674123440335,13.877679385
1643407200000.0,2022-01-28 22:00:00,ETH/BTC,0.0670775,0.067265,0.06683,0.06683,225.0111464910968,15.03749492
1643403600000.0,2022-01-28 21:00:00,ETH/BTC,0.0664975,0.067305,0.0664975,0.0670775,102.08176877492454,6.847389845
1643400000000.0,2022-01-28 20:00:00,ETH/BTC,0.0661025,0.066705,0.0661025,0.0664975,131.06168464979885,8.715274375
1643396400000.0,2022-01-28 19:00:00,ETH/BTC,0.0666925,0.0667125,0.0659775,0.0661025,107.07678809424758,7.078043385
1643392800000.0,2022-01-28 18:00:00,ETH/BTC,0.0666325,0.0669775,0.066605,0.0666925,126.92015556471867,8.464622475
1643389200000.0,2022-01-28 17:00:00,ETH/BTC,0.0667025,0.066995,0.06656,0.0666325,141.21132480396201,9.4092636
1643385600000.0,2022-01-28 16:00:00,ETH/BTC,0.065655,0.06675,0.065575,0.0667025,270.36882882950414,18.034276805
1643382000000.0,2022-01-28 15:00:00,ETH/BTC,0.06517,0.06572,0.0651575,0.065655,76.05010745563932,4.993069805
1643378400000.0,2022-01-28 14:00:00,ETH/BTC,0.06583,0.065875,0.0650225,0.06517,127.8884451051097,8.3344899675
1643374800000.0,2022-01-28 13:00:00,ETH/BTC,0.0654625,0.0660475,0.06542,0.06583,591.5230629272368,38.9399632325
1643371200000.0,2022-01-28 12:00:00,ETH/BTC,0.065745,0.06576,0.06525,0.0654625,243.33835161351917,15.9295368425
1643367600000.0,2022-01-28 11:00:00,ETH/BTC,0.0656,0.065745,0.0652425,0.065745,202.04596212639746,13.28351178
1643364000000.0,2022-01-28 10:00:00,ETH/BTC,0.0654775,0.0657775,0.06536,0.0656,176.64952309451218,11.588208715
1643360400000.0,2022-01-28 09:00:00,ETH/BTC,0.065565,0.0657475,0.06529,0.0654775,178.41245672177467,11.682001635
1643356800000.0,2022-01-28 08:00:00,ETH/BTC,0.06496,0.0656225,0.0649325,0.065565,534.0671888202547,35.016115235
1643353200000.0,2022-01-28 07:00:00,ETH/BTC,0.0656075,0.0657525,0.06496,0.06496,228.21803167333744,14.8250433375
1643349600000.0,2022-01-28 06:00:00,ETH/BTC,0.0658075,0.066075,0.06559,0.0656075,251.98470761726938,16.532086705
1643346000000.0,2022-01-28 05:00:00,ETH/BTC,0.065575,0.06582,0.0655525,0.0658075,44.79216935759601,2.947660685
1643342400000.0,2022-01-28 04:00:00,ETH/BTC,0.065525,0.065715,0.06546,0.065575,12.060646816622189,0.790876915
1643338800000.0,2022-01-28 03:00:00,ETH/BTC,0.065055,0.0655975,0.065025,0.065525,132.19813670354827,8.6622829075
1643335200000.0,2022-01-28 02:00:00,ETH/BTC,0.0649725,0.065055,0.0644275,0.065055,134.79978253016677,8.7693998525
1643331600000.0,2022-01-28 01:00:00,ETH/BTC,0.06544,0.06562,0.0648775,0.0649725,64.90542302512601,4.2170675975
1643328000000.0,2022-01-28 00:00:00,ETH/BTC,0.0652,0.06544,0.065005,0.06544,68.61513481815403,4.4901744225
1643324400000.0,2022-01-27 23:00:00,ETH/BTC,0.06491,0.065465,0.06491,0.0652,55.10746119631903,3.59300647
1643320800000.0,2022-01-27 22:00:00,ETH/BTC,0.0651825,0.0651825,0.0647,0.06491,4621.33983846865,299.971168915
1643317200000.0,2022-01-27 21:00:00,ETH/BTC,0.0658,0.0658,0.06499,0.0651825,1279.3957733670848,83.3942149975
1643313600000.0,2022-01-27 20:00:00,ETH/BTC,0.0661425,0.06629,0.0657475,0.0658,100.26711614741642,6.5975762425
1643310000000.0,2022-01-27 19:00:00,ETH/BTC,0.0672325,0.0673575,0.0661425,0.0661425,298.4568787466455,19.7406841025
1643306400000.0,2022-01-27 18:00:00,ETH/BTC,0.0674925,0.06757,0.0669625,0.0672325,413.5011365782917,27.800715165
1643302800000.0,2022-01-27 17:00:00,ETH/BTC,0.0677975,0.0679525,0.0674125,0.0674925,226.2841789458088,15.2724849475
1643299200000.0,2022-01-27 16:00:00,ETH/BTC,0.067685,0.06789,0.0673475,0.0677975,71.47454282975036,4.8457953175
1643295600000.0,2022-01-27 15:00:00,ETH/BTC,0.067565,0.06805,0.0673975,0.067685,118.39962909064047,8.013878895
1643292000000.0,2022-01-27 14:00:00,ETH/BTC,0.067515,0.06781,0.06734,0.067565,165.15140664545254,11.15845479
1643288400000.0,2022-01-27 13:00:00,ETH/BTC,0.0670125,0.067665,0.0669675,0.067515,105.53684433088942,7.125320045
1643284800000.0,2022-01-27 12:00:00,ETH/BTC,0.0669525,0.0671575,0.06684,0.0670125,89.29888636448423,5.9841416225
1643281200000.0,2022-01-27 11:00:00,ETH/BTC,0.066735,0.0669675,0.06662,0.0669525,169.8360008214779,11.370944845
1643277600000.0,2022-01-27 10:00:00,ETH/BTC,0.0668625,0.06688,0.0664725,0.066735,138.98228324717164,9.2749826725
1643274000000.0,2022-01-27 09:00:00,ETH/BTC,0.06692,0.066955,0.06675,0.0668625,86.28481802206018,5.769218645
1643270400000.0,2022-01-27 08:00:00,ETH/BTC,0.0664225,0.0669825,0.0663725,0.06692,93.25028795576809,6.24030927
1643266800000.0,2022-01-27 07:00:00,ETH/BTC,0.0664475,0.066735,0.06637,0.0664225,57.96860909330423,3.8504199375
1643263200000.0,2022-01-27 06:00:00,ETH/BTC,0.0664175,0.0664575,0.066155,0.066445,136.83688272255247,9.0921266725
1643259600000.0,2022-01-27 05:00:00,ETH/BTC,0.06661,0.0668225,0.0663,0.0664175,142.91030285692776,9.49174504
1643256000000.0,2022-01-27 04:00:00,ETH/BTC,0.06616,0.0666875,0.0660825,0.06661,257.8777023720162,17.177233755
1643252400000.0,2022-01-27 03:00:00,ETH/BTC,0.06632,0.06653,0.06593,0.06616,273.63341599909313,18.1035868025
1643248800000.0,2022-01-27 02:00:00,ETH/BTC,0.066665,0.0666975,0.0659775,0.06632,320.4203728136308,21.250279125
1643245200000.0,2022-01-27 01:00:00,ETH/BTC,0.06712,0.06712,0.066375,0.066665,451.53721540538515,30.101728465
1643241600000.0,2022-01-27 00:00:00,ETH/BTC,0.0669,0.06741,0.0666525,0.06712,144.8899940405244,9.7250164
1643238000000.0,2022-01-26 23:00:00,ETH/BTC,0.0667675,0.0672375,0.0666275,0.0669,231.79660803437966,15.5071930775
1643234400000.0,2022-01-26 22:00:00,ETH/BTC,0.06653,0.0669,0.066265,0.0667675,388.05907241547163,25.9097341175
1643230800000.0,2022-01-26 21:00:00,ETH/BTC,0.0680175,0.068115,0.066415,0.06653,212.42300225462196,14.13250234
1643227200000.0,2022-01-26 20:00:00,ETH/BTC,0.068465,0.068465,0.0671625,0.0680175,336.99783555702584,22.92175028
1643223600000.0,2022-01-26 19:00:00,ETH/BTC,0.0686625,0.06998,0.06822,0.068465,2832.511172496896,193.927877425
1643220000000.0,2022-01-26 18:00:00,ETH/BTC,0.0682425,0.0687275,0.0679875,0.0686625,379.3511186965228,26.0471961875
1643216400000.0,2022-01-26 17:00:00,ETH/BTC,0.0683175,0.0688175,0.068165,0.0682425,177.64612279737702,12.123015535
1643212800000.0,2022-01-26 16:00:00,ETH/BTC,0.0685825,0.06867,0.0682875,0.0683175,640.6836181798221,43.769903085
1643209200000.0,2022-01-26 15:00:00,ETH/BTC,0.0692475,0.0693625,0.068405,0.0685825,1177.2277201910108,80.73722012
1643205600000.0,2022-01-26 14:00:00,ETH/BTC,0.0686825,0.0692925,0.06859,0.0692475,941.8463528286219,65.2205053175
1643202000000.0,2022-01-26 13:00:00,ETH/BTC,0.0670975,0.0690125,0.0670975,0.0686825,4592.581596876934,315.4299855275
1643198400000.0,2022-01-26 12:00:00,ETH/BTC,0.066895,0.067225,0.0667875,0.0670975,2294.656578225716,153.9657197575
1643194800000.0,2022-01-26 11:00:00,ETH/BTC,0.0665625,0.06697,0.06646,0.066895,111.94051827490844,7.48826097
1643191200000.0,2022-01-26 10:00:00,ETH/BTC,0.0661075,0.06671,0.06589,0.0665625,162.96028120187793,10.8470437175
1643187600000.0,2022-01-26 09:00:00,ETH/BTC,0.0661875,0.0662725,0.065865,0.0661075,253.76316125250537,16.7756481825
1643184000000.0,2022-01-26 08:00:00,ETH/BTC,0.0659125,0.06625,0.0659075,0.0661875,291.7440281397545,19.3098078625
1643180400000.0,2022-01-26 07:00:00,ETH/BTC,0.0657275,0.0660875,0.065695,0.0659125,53.468244339085906,3.524225655
1643176800000.0,2022-01-26 06:00:00,ETH/BTC,0.06584,0.06588,0.06556,0.0657275,302.6247556578297,19.8907686275
1643173200000.0,2022-01-26 05:00:00,ETH/BTC,0.0661175,0.0661175,0.065715,0.06584,60.738106698055894,3.998996945
1643169600000.0,2022-01-26 04:00:00,ETH/BTC,0.066225,0.0663175,0.06594,0.0661175,155.86586803796274,10.30546153
1643166000000.0,2022-01-26 03:00:00,ETH/BTC,0.0664025,0.06649,0.0660575,0.066225,78.96299101547753,5.22932408
1643162400000.0,2022-01-26 02:00:00,ETH/BTC,0.0663725,0.06678,0.066325,0.0664025,50.2263868453748,3.3351576525
1643158800000.0,2022-01-26 01:00:00,ETH/BTC,0.0661425,0.0665175,0.06614,0.0663725,21.107158499378507,1.4009348775
1643155200000.0,2022-01-26 00:00:00,ETH/BTC,0.06653,0.0666325,0.06605,0.0661425,370.24636651925766,24.4890202975
1643151600000.0,2022-01-25 23:00:00,ETH/BTC,0.06629,0.0667175,0.06618,0.06653,73.36681241545166,4.88109403
1643148000000.0,2022-01-25 22:00:00,ETH/BTC,0.066,0.0663,0.0659425,0.06629,219.841423517876,14.573287965
1643144400000.0,2022-01-25 21:00:00,ETH/BTC,0.066145,0.066195,0.065915,0.066,145.18208503787878,9.5820176125
1643140800000.0,2022-01-25 20:00:00,ETH/BTC,0.0665475,0.0668075,0.066005,0.066145,163.04702691057525,10.784745595
1643137200000.0,2022-01-25 19:00:00,ETH/BTC,0.06688,0.0670725,0.06653,0.0665475,135.89989695330402,9.0437983925
1643133600000.0,2022-01-25 18:00:00,ETH/BTC,0.06656,0.066935,0.0663625,0.06688,326.7765718077153,21.8548171225
1643130000000.0,2022-01-25 17:00:00,ETH/BTC,0.0660525,0.0665775,0.0658675,0.06656,375.50351558743995,24.9935139975
1643126400000.0,2022-01-25 16:00:00,ETH/BTC,0.0661875,0.06843,0.06605,0.0660525,1281.8695670110897,84.670689575
1643122800000.0,2022-01-25 15:00:00,ETH/BTC,0.06591,0.06639,0.0656,0.0661875,833.8107713314448,55.1878504275
1643119200000.0,2022-01-25 14:00:00,ETH/BTC,0.06655,0.0668275,0.06585,0.06591,361.9855101274465,23.8584649725
1643115600000.0,2022-01-25 13:00:00,ETH/BTC,0.066745,0.066795,0.06632,0.06655,117.01097926371149,7.78708067
1643112000000.0,2022-01-25 12:00:00,ETH/BTC,0.0665925,0.0669775,0.0664375,0.066745,130.8276381002322,8.732090705
1643108400000.0,2022-01-25 11:00:00,ETH/BTC,0.066685,0.0668425,0.06645,0.0665925,110.25936723354732,7.3424469125
1643104800000.0,2022-01-25 10:00:00,ETH/BTC,0.0666175,0.0668875,0.06655,0.066685,134.571565981855,8.9739048775
1643101200000.0,2022-01-25 09:00:00,ETH/BTC,0.06612,0.0666775,0.066025,0.0666175,57.73249712913274,3.8459946275
1643097600000.0,2022-01-25 08:00:00,ETH/BTC,0.066155,0.066355,0.0658625,0.06612,73.33794627192984,4.8491050075
1643094000000.0,2022-01-25 07:00:00,ETH/BTC,0.0659625,0.06617,0.06582,0.066155,71.92440881263698,4.758159265
1643090400000.0,2022-01-25 06:00:00,ETH/BTC,0.06641,0.06643,0.0657625,0.0659975,144.21091980756847,9.51756018
1643086800000.0,2022-01-25 05:00:00,ETH/BTC,0.0661725,0.0664175,0.0661275,0.06641,28.142871329619034,1.868968085
1643083200000.0,2022-01-25 04:00:00,ETH/BTC,0.0663375,0.06638,0.066085,0.0661725,20.04665208356946,1.326537085
1643079600000.0,2022-01-25 03:00:00,ETH/BTC,0.0663875,0.0665625,0.0662425,0.0663375,45.45806960618052,3.0155746925
1643076000000.0,2022-01-25 02:00:00,ETH/BTC,0.0661875,0.0664925,0.06601,0.0663875,96.47421088307287,6.404681675
1643072400000.0,2022-01-25 01:00:00,ETH/BTC,0.06625,0.066445,0.06601,0.0661875,322.9333505949009,21.3741511425
1643068800000.0,2022-01-25 00:00:00,ETH/BTC,0.0665525,0.06687,0.066205,0.06625,401.08740030188676,26.57204027
1643065200000.0,2022-01-24 23:00:00,ETH/BTC,0.0662975,0.06671,0.0662975,0.0665525,186.23636674054316,12.3944957975
1643061600000.0,2022-01-24 22:00:00,ETH/BTC,0.0663625,0.0667725,0.06625,0.0662975,77.40175681586787,5.1315429725
1643058000000.0,2022-01-24 21:00:00,ETH/BTC,0.066235,0.0667775,0.0661225,0.0663625,344.1050956112262,22.8356744075
1643054400000.0,2022-01-24 20:00:00,ETH/BTC,0.06598,0.0666125,0.06586,0.066235,590.2128507964068,39.0927481725
1643050800000.0,2022-01-24 19:00:00,ETH/BTC,0.06596,0.0661525,0.0656,0.06598,1018.8908121779328,67.2264157875
1643047200000.0,2022-01-24 18:00:00,ETH/BTC,0.066435,0.066565,0.06587,0.06596,1425.17743685567,94.004703735
1643043600000.0,2022-01-24 17:00:00,ETH/BTC,0.06565,0.06664,0.06467,0.066435,2108.7480752615343,140.09467838
1643040000000.0,2022-01-24 16:00:00,ETH/BTC,0.0664225,0.0667725,0.065555,0.06565,546.2722301980198,35.8627719125
1643036400000.0,2022-01-24 15:00:00,ETH/BTC,0.0656025,0.066565,0.065165,0.0664225,876.2666847830179,58.20382387
1643032800000.0,2022-01-24 14:00:00,ETH/BTC,0.0655225,0.06617,0.06507,0.0656025,876.897190922602,57.5266479675
1643029200000.0,2022-01-24 13:00:00,ETH/BTC,0.0661275,0.0662825,0.06548,0.0655225,938.6353187454691,61.5017326725
1643025600000.0,2022-01-24 12:00:00,ETH/BTC,0.066385,0.06657,0.0653,0.06613,915.0190867987299,60.51021221
1643022000000.0,2022-01-24 11:00:00,ETH/BTC,0.0666025,0.067305,0.0662375,0.066385,576.6673880394667,38.282064555
1643018400000.0,2022-01-24 10:00:00,ETH/BTC,0.0676775,0.06775,0.0664575,0.0666025,1027.0887013250256,68.40667523
1643014800000.0,2022-01-24 09:00:00,ETH/BTC,0.06822,0.06826,0.067345,0.0676775,324.74566022681097,21.97797442
1643011200000.0,2022-01-24 08:00:00,ETH/BTC,0.068415,0.068685,0.0678875,0.06822,760.9368234755203,51.9111100975
1643007600000.0,2022-01-24 07:00:00,ETH/BTC,0.0690525,0.0690625,0.0683025,0.068415,561.0461700650442,38.383973725
1643004000000.0,2022-01-24 06:00:00,ETH/BTC,0.0693525,0.06949,0.06905,0.0690525,68.92194945874516,4.759232915
1643000400000.0,2022-01-24 05:00:00,ETH/BTC,0.0694475,0.06956,0.06917,0.0693525,93.31035344796511,6.4713062875
1642996800000.0,2022-01-24 04:00:00,ETH/BTC,0.06961,0.0696875,0.0692125,0.0694475,87.15482619964722,6.0526847925
1642993200000.0,2022-01-24 03:00:00,ETH/BTC,0.0692125,0.0697025,0.069055,0.06961,818.6075603361585,56.983272275
1642989600000.0,2022-01-24 02:00:00,ETH/BTC,0.0689025,0.06948,0.0688225,0.0692125,525.1448881343688,36.34659057
1642986000000.0,2022-01-24 01:00:00,ETH/BTC,0.06947,0.069525,0.06882,0.0689025,276.12607445303144,19.025776845
1642982400000.0,2022-01-24 00:00:00,ETH/BTC,0.0700525,0.0700975,0.0692375,0.06947,201.25724291060888,13.981340665
1642978800000.0,2022-01-23 23:00:00,ETH/BTC,0.0688675,0.0700725,0.0688575,0.0700525,1181.7402787195317,82.783860875
1642975200000.0,2022-01-23 22:00:00,ETH/BTC,0.0685125,0.06898,0.068495,0.0688675,519.6904298834719,35.78978068
1642971600000.0,2022-01-23 21:00:00,ETH/BTC,0.0686575,0.0686575,0.0684275,0.0685125,108.69499073161832,7.4469655525
1642968000000.0,2022-01-23 20:00:00,ETH/BTC,0.0685625,0.0687775,0.068285,0.0686575,278.47013578268945,19.1190633475
1642964400000.0,2022-01-23 19:00:00,ETH/BTC,0.0690875,0.0691775,0.0684975,0.0685625,154.407422023701,10.5865588725
1642960800000.0,2022-01-23 18:00:00,ETH/BTC,0.06899,0.06916,0.06884,0.0690875,681.0746021711598,47.0537415775
1642957200000.0,2022-01-23 17:00:00,ETH/BTC,0.0688525,0.06911,0.0688375,0.06899,115.26840545731267,7.9523672925
1642953600000.0,2022-01-23 16:00:00,ETH/BTC,0.06895,0.06926,0.0687125,0.0688525,342.453734940634,23.578795785
1642950000000.0,2022-01-23 15:00:00,ETH/BTC,0.0689075,0.0690875,0.0688575,0.06895,115.33547313270486,7.9523808725
1642946400000.0,2022-01-23 14:00:00,ETH/BTC,0.06962,0.0698025,0.0686125,0.0689075,819.8645085440627,56.4948136225
1642942800000.0,2022-01-23 13:00:00,ETH/BTC,0.0696825,0.06989,0.0695225,0.06962,108.43322306808388,7.54912099
1642939200000.0,2022-01-23 12:00:00,ETH/BTC,0.0700225,0.0701175,0.069585,0.0696825,292.29151759767524,20.367603675
1642935600000.0,2022-01-23 11:00:00,ETH/BTC,0.0705975,0.0706575,0.069945,0.0700225,112.49416023421043,7.877122335
1642932000000.0,2022-01-23 10:00:00,ETH/BTC,0.070645,0.0707,0.070475,0.0705975,210.37669906866392,14.8520690125
1642928400000.0,2022-01-23 09:00:00,ETH/BTC,0.0702875,0.070835,0.07012,0.070645,445.72113624460326,31.48796967
1642924800000.0,2022-01-23 08:00:00,ETH/BTC,0.06993,0.0702875,0.0696875,0.0702875,217.37368066868217,15.27865258
1642921200000.0,2022-01-23 07:00:00,ETH/BTC,0.0698,0.070155,0.0697875,0.06993,372.6432749535249,26.0589442175
1642917600000.0,2022-01-23 06:00:00,ETH/BTC,0.0695825,0.0698475,0.0695175,0.0698,304.2344722421203,21.2355661625
1642914000000.0,2022-01-23 05:00:00,ETH/BTC,0.0690625,0.0697625,0.0689625,0.0695825,195.03577099126935,13.571076535
1642910400000.0,2022-01-23 04:00:00,ETH/BTC,0.0689375,0.0693025,0.0688825,0.0690625,167.33185639819004,11.5563563325
1642906800000.0,2022-01-23 03:00:00,ETH/BTC,0.0686475,0.0689725,0.0684575,0.0689375,85.75360692656392,5.9116392775
1642903200000.0,2022-01-23 02:00:00,ETH/BTC,0.06922,0.069275,0.06857,0.0686475,76.50594744892385,5.2519420275
1642899600000.0,2022-01-23 01:00:00,ETH/BTC,0.06914,0.0694325,0.0689175,0.06922,226.73989258884714,15.694935365
1642896000000.0,2022-01-23 00:00:00,ETH/BTC,0.06877,0.0691925,0.0685525,0.06914,120.54119229100377,8.334218035
1642892400000.0,2022-01-22 23:00:00,ETH/BTC,0.0682125,0.068805,0.068045,0.06877,306.46744627017597,21.07576628
1642888800000.0,2022-01-22 22:00:00,ETH/BTC,0.06914,0.06922,0.0681075,0.0682125,153.73976433938063,10.486973675
1642885200000.0,2022-01-22 21:00:00,ETH/BTC,0.0688625,0.0693275,0.06868,0.06914,239.61460138848716,16.56695354
1642881600000.0,2022-01-22 20:00:00,ETH/BTC,0.06771,0.0692525,0.0673425,0.0688625,788.6290070067164,54.306964995
1642878000000.0,2022-01-22 19:00:00,ETH/BTC,0.0677425,0.068175,0.0675,0.06771,453.0433749446167,30.6755669175
1642874400000.0,2022-01-22 18:00:00,ETH/BTC,0.0687625,0.06896,0.0675975,0.0677425,709.986462560431,48.09625794
1642870800000.0,2022-01-22 17:00:00,ETH/BTC,0.069505,0.069635,0.0686725,0.0687625,465.505751027086,32.009339205
1642867200000.0,2022-01-22 16:00:00,ETH/BTC,0.06851,0.06962,0.06812,0.069505,2286.6148345442775,158.931164075
1642863600000.0,2022-01-22 15:00:00,ETH/BTC,0.069065,0.069135,0.0681525,0.06851,514.8647769303751,35.2733858675
1642860000000.0,2022-01-22 14:00:00,ETH/BTC,0.0693425,0.06951,0.0689075,0.069065,229.61171179323827,15.858132875
1642856400000.0,2022-01-22 13:00:00,ETH/BTC,0.0696225,0.06982,0.069085,0.0693425,373.0712059343116,25.8696900975
1642852800000.0,2022-01-22 12:00:00,ETH/BTC,0.0686725,0.069675,0.068525,0.0696225,484.1929210743653,33.7107216475
1642849200000.0,2022-01-22 11:00:00,ETH/BTC,0.0690425,0.06949,0.0684675,0.0686725,868.3396817867415,59.6310567975
1642845600000.0,2022-01-22 10:00:00,ETH/BTC,0.068625,0.0691,0.0675675,0.0690425,2247.3096128109496,155.1598739425
1642842000000.0,2022-01-22 09:00:00,ETH/BTC,0.0693675,0.06975,0.0684325,0.068625,1149.4707543169397,78.882430515
1642838400000.0,2022-01-22 08:00:00,ETH/BTC,0.0696025,0.0700225,0.0693225,0.0693675,532.5174720510325,36.9394057425
1642834800000.0,2022-01-22 07:00:00,ETH/BTC,0.0701725,0.0704525,0.0690975,0.0696025,693.1214053733702,48.2429826175
1642831200000.0,2022-01-22 06:00:00,ETH/BTC,0.0698525,0.0705025,0.0694925,0.0701725,1180.9648971819447,82.8712592475
1642827600000.0,2022-01-22 05:00:00,ETH/BTC,0.07044,0.0705325,0.069715,0.0698525,362.3074430764826,25.3080806675
1642824000000.0,2022-01-22 04:00:00,ETH/BTC,0.0706225,0.07081,0.07038,0.0704225,283.56433849266926,19.9693096275
1642820400000.0,2022-01-22 03:00:00,ETH/BTC,0.0711075,0.0713525,0.0703725,0.0706225,439.876464724415,31.06517563
1642816800000.0,2022-01-22 02:00:00,ETH/BTC,0.0714775,0.0715325,0.0710875,0.0711075,216.46006212424848,15.3919338675
1642813200000.0,2022-01-22 01:00:00,ETH/BTC,0.0710525,0.071655,0.07092,0.0714775,365.15772781644574,26.10056149
1642809600000.0,2022-01-22 00:00:00,ETH/BTC,0.0704325,0.07153,0.0703425,0.0710525,639.6989487350902,45.452209555
1642806000000.0,2022-01-21 23:00:00,ETH/BTC,0.0704625,0.070775,0.0685075,0.0704325,2038.6958685266036,143.59044676
1642802400000.0,2022-01-21 22:00:00,ETH/BTC,0.0711475,0.071345,0.0698,0.0704625,1286.9482475784991,90.681590895
1642798800000.0,2022-01-21 21:00:00,ETH/BTC,0.071595,0.0718125,0.0700625,0.0711475,2361.612780596648,168.0228453075
1642795200000.0,2022-01-21 20:00:00,ETH/BTC,0.072185,0.0724475,0.0715,0.071595,672.352477617152,48.137075635
1642791600000.0,2022-01-21 19:00:00,ETH/BTC,0.0722925,0.072655,0.0721825,0.072185,87.59284172612038,6.32288928
1642788000000.0,2022-01-21 18:00:00,ETH/BTC,0.0724325,0.0728325,0.0722925,0.0722925,369.9591826261369,26.74527421
1642784400000.0,2022-01-21 17:00:00,ETH/BTC,0.0725775,0.0726775,0.0722475,0.0724325,380.9446392158216,27.59277258
1642780800000.0,2022-01-21 16:00:00,ETH/BTC,0.0728525,0.0733325,0.0724525,0.0725775,197.16154207571216,14.30949182
1642777200000.0,2022-01-21 15:00:00,ETH/BTC,0.07244,0.073355,0.0722725,0.0728525,298.60433468309253,21.7540722925
1642773600000.0,2022-01-21 14:00:00,ETH/BTC,0.0726725,0.0729825,0.0721925,0.07244,291.98387959000553,21.1513122375
1642770000000.0,2022-01-21 13:00:00,ETH/BTC,0.07273,0.072875,0.0722975,0.0726725,815.5777002304861,59.27007042
1642766400000.0,2022-01-21 12:00:00,ETH/BTC,0.0732025,0.07331,0.072445,0.0727225,781.8036758568531,56.8547178175
1642762800000.0,2022-01-21 11:00:00,ETH/BTC,0.07371,0.07381,0.07313,0.0732025,271.9560652983163,19.90786387
1642759200000.0,2022-01-21 10:00:00,ETH/BTC,0.07363,0.0739075,0.0735775,0.07371,217.24336962420296,16.013008775
1642755600000.0,2022-01-21 09:00:00,ETH/BTC,0.073875,0.0738825,0.07363,0.07363,496.03409751460003,36.5229906
1642752000000.0,2022-01-21 08:00:00,ETH/BTC,0.073665,0.0739525,0.0736575,0.073875,300.61906788494076,22.20823364
1642748400000.0,2022-01-21 07:00:00,ETH/BTC,0.073575,0.0740575,0.07349,0.073665,935.9414039571033,68.9461235225
1642744800000.0,2022-01-21 06:00:00,ETH/BTC,0.07347,0.073965,0.0734025,0.073575,644.0994306829766,47.3896156125
1642741200000.0,2022-01-21 05:00:00,ETH/BTC,0.073715,0.07384,0.0734225,0.07347,464.2240925888118,34.1065440825
1642737600000.0,2022-01-21 04:00:00,ETH/BTC,0.0737675,0.0739125,0.073545,0.073715,286.45722895611476,21.1161946325
1642734000000.0,2022-01-21 03:00:00,ETH/BTC,0.0729975,0.07382,0.0723775,0.0737675,1656.367581218016,122.1860955475
1642730400000.0,2022-01-21 02:00:00,ETH/BTC,0.07294,0.0734925,0.0727525,0.0729975,1194.4576160484949,87.1924198275
1642726800000.0,2022-01-21 01:00:00,ETH/BTC,0.073785,0.073785,0.0728525,0.07294,578.5434529064985,42.198959455
1642723200000.0,2022-01-21 00:00:00,ETH/BTC,0.0737775,0.07389,0.0734475,0.073785,644.2079671342414,47.532884855
1642719600000.0,2022-01-20 23:00:00,ETH/BTC,0.0743325,0.0743775,0.0736425,0.0737775,464.25029565246865,34.2512261875
1642716000000.0,2022-01-20 22:00:00,ETH/BTC,0.0745675,0.074915,0.07401,0.0743325,425.7167131806411,31.6445875825
1642712400000.0,2022-01-20 21:00:00,ETH/BTC,0.0747925,0.07527,0.0745225,0.0745675,410.5897451637778,30.6166508225
1642708800000.0,2022-01-20 20:00:00,ETH/BTC,0.074935,0.0749675,0.0747525,0.0747925,130.50726125614202,9.7609643375
1642705200000.0,2022-01-20 19:00:00,ETH/BTC,0.0749125,0.075285,0.074845,0.074935,167.68132087809434,12.56519978
1642701600000.0,2022-01-20 18:00:00,ETH/BTC,0.075145,0.0752325,0.0749125,0.0749125,464.62497874186545,34.80621872
1642698000000.0,2022-01-20 17:00:00,ETH/BTC,0.075,0.07516,0.0749925,0.075145,225.55650738572092,16.9494437475
1642694400000.0,2022-01-20 16:00:00,ETH/BTC,0.0753075,0.075335,0.074975,0.075,478.8377904666667,35.912834285
1642690800000.0,2022-01-20 15:00:00,ETH/BTC,0.07492,0.0754,0.0747475,0.075325,237.61268015267174,17.8981751325
1642687200000.0,2022-01-20 14:00:00,ETH/BTC,0.07508,0.0753,0.074845,0.07492,374.6148376268019,28.066143635
1642683600000.0,2022-01-20 13:00:00,ETH/BTC,0.0746075,0.07508,0.07448,0.07508,277.0532220964305,20.801155915
1642680000000.0,2022-01-20 12:00:00,ETH/BTC,0.0748175,0.07488,0.074545,0.0746075,264.9677412123446,19.7685807525
1642676400000.0,2022-01-20 11:00:00,ETH/BTC,0.074565,0.0748175,0.074565,0.0748175,43.72619039663181,3.27148425
1642672800000.0,2022-01-20 10:00:00,ETH/BTC,0.07478,0.07478,0.074565,0.074565,89.57878954603366,6.6794424425
1642669200000.0,2022-01-20 09:00:00,ETH/BTC,0.0745875,0.0748025,0.074545,0.07478,9.9009836854774,0.74039556
1642665600000.0,2022-01-20 08:00:00,ETH/BTC,0.07464,0.074685,0.07455,0.0745875,44.77565252220546,3.3397039825
1642662000000.0,2022-01-20 07:00:00,ETH/BTC,0.07485,0.0749025,0.07463,0.07464,219.8618151795284,16.410485885
1642658400000.0,2022-01-20 06:00:00,ETH/BTC,0.07468,0.07488,0.074675,0.07485,20.34933694054776,1.52314787
1642654800000.0,2022-01-20 05:00:00,ETH/BTC,0.07457,0.07471,0.0744875,0.07468,136.62003936797,10.20278454
1642651200000.0,2022-01-20 04:00:00,ETH/BTC,0.074525,0.0746925,0.074525,0.07457,85.59474859192706,6.3828004025
1642647600000.0,2022-01-20 03:00:00,ETH/BTC,0.074365,0.0745475,0.074305,0.074525,13.292710298557532,0.990639235
1642644000000.0,2022-01-20 02:00:00,ETH/BTC,0.07452,0.0746725,0.074365,0.074365,37.172057621192764,2.764300065
1642640400000.0,2022-01-20 01:00:00,ETH/BTC,0.074425,0.07452,0.074235,0.07452,63.450751979334406,4.7283500375
1642636800000.0,2022-01-20 00:00:00,ETH/BTC,0.0740175,0.074565,0.0740175,0.074425,290.67071162243866,21.6331677125
1642633200000.0,2022-01-19 23:00:00,ETH/BTC,0.0745,0.07451,0.0739975,0.0740175,71.06887648191307,5.260340565
1642629600000.0,2022-01-19 22:00:00,ETH/BTC,0.0746425,0.07469,0.074425,0.0745,48.378381711409396,3.6041894375
1642626000000.0,2022-01-19 21:00:00,ETH/BTC,0.07466,0.0748575,0.0746425,0.0746425,72.34088850185886,5.39970477
1642622400000.0,2022-01-19 20:00:00,ETH/BTC,0.0747225,0.074895,0.074635,0.07466,197.63356697026518,14.75532211
1642618800000.0,2022-01-19 19:00:00,ETH/BTC,0.07468,0.0748925,0.0746375,0.0747225,108.78250607246814,8.12850081
1642615200000.0,2022-01-19 18:00:00,ETH/BTC,0.074755,0.0747925,0.07457,0.07468,178.92400887118373,13.3620449825
1642611600000.0,2022-01-19 17:00:00,ETH/BTC,0.0739725,0.0748625,0.0739675,0.074755,186.72001909571264,13.9582550275
1642608000000.0,2022-01-19 16:00:00,ETH/BTC,0.0743825,0.0744925,0.073905,0.0739725,358.652937578154,26.530454425
1642604400000.0,2022-01-19 15:00:00,ETH/BTC,0.0743025,0.0746175,0.0741425,0.0743825,235.60835952677039,17.5251388025
1642600800000.0,2022-01-19 14:00:00,ETH/BTC,0.07402,0.07433,0.0739375,0.0743025,349.27694825207766,25.9521504475
1642597200000.0,2022-01-19 13:00:00,ETH/BTC,0.0740925,0.0742675,0.07402,0.07402,106.51357744528505,7.8841350025
1642593600000.0,2022-01-19 12:00:00,ETH/BTC,0.074155,0.07431,0.0740225,0.0740925,186.64366207780813,13.8288955325
1642590000000.0,2022-01-19 11:00:00,ETH/BTC,0.0741525,0.0743175,0.0739375,0.074155,434.52576926707576,32.22225842
1642586400000.0,2022-01-19 10:00:00,ETH/BTC,0.0742275,0.0742275,0.0738425,0.0741525,253.29258608947777,18.78227849
1642582800000.0,2022-01-19 09:00:00,ETH/BTC,0.07406,0.07429,0.074035,0.0742275,294.5716627934391,21.8653181
1642579200000.0,2022-01-19 08:00:00,ETH/BTC,0.0741525,0.0742875,0.0740325,0.07406,303.1286139278963,22.4497051475
1642575600000.0,2022-01-19 07:00:00,ETH/BTC,0.074315,0.0743175,0.073895,0.0741525,266.46983675533534,19.75940457
1642572000000.0,2022-01-19 06:00:00,ETH/BTC,0.0743675,0.0744125,0.07413,0.074315,112.00766224853663,8.32384942
1642568400000.0,2022-01-19 05:00:00,ETH/BTC,0.07435,0.0744775,0.074315,0.0743675,139.35733966450397,10.3636569575
1642564800000.0,2022-01-19 04:00:00,ETH/BTC,0.07431,0.07455,0.07431,0.07435,152.88738456624074,11.3671770425
1642561200000.0,2022-01-19 03:00:00,ETH/BTC,0.0745875,0.074625,0.0740875,0.07431,572.9186130063249,42.5735821325
1642557600000.0,2022-01-19 02:00:00,ETH/BTC,0.0747475,0.0747575,0.074445,0.0745875,82.03373722138429,6.118691375
1642554000000.0,2022-01-19 01:00:00,ETH/BTC,0.074625,0.0747575,0.07458,0.0747475,95.57391133482726,7.1439109375
1642550400000.0,2022-01-19 00:00:00,ETH/BTC,0.0746225,0.07475,0.07452,0.074625,80.63686589614741,6.0175261175
1642546800000.0,2022-01-18 23:00:00,ETH/BTC,0.0748525,0.0748525,0.0745075,0.0746225,64.93561774263794,4.845658135
1642543200000.0,2022-01-18 22:00:00,ETH/BTC,0.0746425,0.0750775,0.0746425,0.0748525,190.44333469156004,14.25515971
1642539600000.0,2022-01-18 21:00:00,ETH/BTC,0.0747625,0.075,0.0744525,0.0746425,280.2662630538902,20.91977454
1642536000000.0,2022-01-18 20:00:00,ETH/BTC,0.075015,0.075015,0.0746875,0.0747625,64.98603504430697,4.858518445
1642532400000.0,2022-01-18 19:00:00,ETH/BTC,0.0746825,0.075025,0.0745975,0.075015,306.43107911750985,22.9869274
1642528800000.0,2022-01-18 18:00:00,ETH/BTC,0.0748225,0.0749,0.0745,0.0746825,621.3482834332005,46.4038431775
1642525200000.0,2022-01-18 17:00:00,ETH/BTC,0.07508,0.07513,0.0747725,0.0748225,68.42416375421831,5.1196669925
1642521600000.0,2022-01-18 16:00:00,ETH/BTC,0.074935,0.075175,0.074875,0.07508,337.1875228090038,25.3160392125
1642518000000.0,2022-01-18 15:00:00,ETH/BTC,0.075265,0.07543,0.0749325,0.074935,181.7544035497431,13.61976623
1642514400000.0,2022-01-18 14:00:00,ETH/BTC,0.0753775,0.07542,0.07508,0.075265,153.34724088221617,11.541680085
1642510800000.0,2022-01-18 13:00:00,ETH/BTC,0.0756625,0.07568,0.0751175,0.0753775,370.1332926602766,27.8997222675
1642507200000.0,2022-01-18 12:00:00,ETH/BTC,0.0757725,0.07588,0.075545,0.0756625,142.65406403436313,10.79356312
1642503600000.0,2022-01-18 11:00:00,ETH/BTC,0.07574,0.0758475,0.07561,0.0757725,113.29685509254676,8.5847859525
1642500000000.0,2022-01-18 10:00:00,ETH/BTC,0.0755525,0.0759175,0.075465,0.07574,181.5453746699234,13.7502466775
1642496400000.0,2022-01-18 09:00:00,ETH/BTC,0.075685,0.07571,0.07527,0.0755525,208.26571691869893,15.7349955775
1642492800000.0,2022-01-18 08:00:00,ETH/BTC,0.075795,0.07594,0.07548,0.075685,278.88491732179426,21.1074049675
1642489200000.0,2022-01-18 07:00:00,ETH/BTC,0.0757875,0.075865,0.075765,0.075795,38.503315093343886,2.9183587675
1642485600000.0,2022-01-18 06:00:00,ETH/BTC,0.07539,0.0757875,0.07539,0.0757875,149.8121415470889,11.3538876775
1642482000000.0,2022-01-18 05:00:00,ETH/BTC,0.075515,0.07555,0.075315,0.07539,178.1608605584295,13.4315472775
1642478400000.0,2022-01-18 04:00:00,ETH/BTC,0.075685,0.07574,0.0754375,0.075515,256.5367034364034,19.37236916
1642474800000.0,2022-01-18 03:00:00,ETH/BTC,0.07611,0.0761175,0.0755525,0.075705,118.16175166765736,8.94543541
1642471200000.0,2022-01-18 02:00:00,ETH/BTC,0.07626,0.07627,0.0760475,0.07611,254.72687938510055,19.38726279
1642467600000.0,2022-01-18 01:00:00,ETH/BTC,0.0762175,0.076465,0.0762025,0.07626,336.5412695384212,25.664637215
1642464000000.0,2022-01-18 00:00:00,ETH/BTC,0.0760525,0.07637,0.0760225,0.0762175,185.24947377570768,14.1192517675
1642460400000.0,2022-01-17 23:00:00,ETH/BTC,0.0758775,0.0762575,0.0758775,0.0760525,232.06167335064595,17.6488704125
1642456800000.0,2022-01-17 22:00:00,ETH/BTC,0.0758625,0.0759725,0.0754975,0.0758775,256.44710457645544,19.4585651775
1642453200000.0,2022-01-17 21:00:00,ETH/BTC,0.0762375,0.07625,0.075735,0.0758625,466.98209645740656,35.4264292925
1642449600000.0,2022-01-17 20:00:00,ETH/BTC,0.0762,0.07633,0.0761625,0.0762375,20.210402492211838,1.54079056
1642446000000.0,2022-01-17 19:00:00,ETH/BTC,0.0762725,0.076385,0.0762,0.0762,11.925638713910761,0.90873367
1642442400000.0,2022-01-17 18:00:00,ETH/BTC,0.07617,0.0762725,0.07585,0.0762725,114.44195368579764,8.7287739125
1642438800000.0,2022-01-17 17:00:00,ETH/BTC,0.0764625,0.076495,0.07603,0.07617,502.1208661218327,38.2465463725
1642435200000.0,2022-01-17 16:00:00,ETH/BTC,0.0762125,0.07652,0.076025,0.0764625,112.65299293771456,8.6137294725
1642431600000.0,2022-01-17 15:00:00,ETH/BTC,0.076315,0.0763225,0.0758325,0.0762125,579.2328361489257,44.144782525
1642428000000.0,2022-01-17 14:00:00,ETH/BTC,0.0766325,0.0767,0.0762875,0.076315,128.0608293258206,9.77296219
1642424400000.0,2022-01-17 13:00:00,ETH/BTC,0.0766175,0.07676,0.0765825,0.0766325,126.27980217270739,9.67713694
1642420800000.0,2022-01-17 12:00:00,ETH/BTC,0.0763075,0.07671,0.076205,0.0766175,50.37004222272979,3.85922671
1642417200000.0,2022-01-17 11:00:00,ETH/BTC,0.076505,0.07656,0.0763,0.0763075,70.73456986534744,5.39757819
1642413600000.0,2022-01-17 10:00:00,ETH/BTC,0.07641,0.07652,0.07622,0.076505,130.40446836808053,9.9765938525
1642410000000.0,2022-01-17 09:00:00,ETH/BTC,0.07642,0.0765425,0.0763025,0.07641,57.8381585852637,4.4194136975
1642406400000.0,2022-01-17 08:00:00,ETH/BTC,0.0766925,0.0767,0.0762975,0.07642,128.47002208191572,9.8176790875
1642402800000.0,2022-01-17 07:00:00,ETH/BTC,0.0765425,0.076905,0.0764825,0.0766925,138.59585901489717,10.6292629175
1642399200000.0,2022-01-17 06:00:00,ETH/BTC,0.076565,0.0766525,0.07647,0.0765425,165.4046482999641,12.6604852925
1642395600000.0,2022-01-17 05:00:00,ETH/BTC,0.0763625,0.0766525,0.0763425,0.076565,323.6172033566251,24.777751175
1642392000000.0,2022-01-17 04:00:00,ETH/BTC,0.07641,0.076585,0.076295,0.0763625,699.2165482075626,53.3939236625
1642388400000.0,2022-01-17 03:00:00,ETH/BTC,0.07747,0.0774825,0.0764,0.07641,498.7477937769925,38.1093189225
1642384800000.0,2022-01-17 02:00:00,ETH/BTC,0.077405,0.07747,0.0773125,0.07747,77.34613986059121,5.992005455
1642381200000.0,2022-01-17 01:00:00,ETH/BTC,0.07753,0.077565,0.0773775,0.077405,103.17181267359989,7.98601416
1642377600000.0,2022-01-17 00:00:00,ETH/BTC,0.0776925,0.07778,0.077465,0.07753,95.8230038372243,7.4291574875
1642374000000.0,2022-01-16 23:00:00,ETH/BTC,0.0775225,0.0777825,0.0775025,0.0776925,104.44442661775591,8.114548615
1642370400000.0,2022-01-16 22:00:00,ETH/BTC,0.07752,0.07759,0.0774025,0.0775225,188.35657563933052,14.601872635
1642366800000.0,2022-01-16 21:00:00,ETH/BTC,0.077455,0.0776175,0.077445,0.07752,133.41169427244583,10.34207454
1642363200000.0,2022-01-16 20:00:00,ETH/BTC,0.0775275,0.07753,0.077305,0.077455,19.452568297721257,1.5066986775
1642359600000.0,2022-01-16 19:00:00,ETH/BTC,0.0777525,0.0778575,0.0773825,0.0775275,218.59577549901647,16.947183985
1642356000000.0,2022-01-16 18:00:00,ETH/BTC,0.0777,0.0778325,0.0776625,0.0777525,245.58080521526637,19.0945215575
1642352400000.0,2022-01-16 17:00:00,ETH/BTC,0.07769,0.07779,0.07763,0.0777,160.4823745173745,12.4694805
1642348800000.0,2022-01-16 16:00:00,ETH/BTC,0.0775925,0.0780825,0.077475,0.07769,411.7351508881452,31.9877038725
1642345200000.0,2022-01-16 15:00:00,ETH/BTC,0.0773925,0.0776625,0.077385,0.0775925,239.82994255243744,18.6090048175
1642341600000.0,2022-01-16 14:00:00,ETH/BTC,0.0774325,0.0776725,0.0772475,0.0773925,214.38331075362598,16.5916603775
1642338000000.0,2022-01-16 13:00:00,ETH/BTC,0.077495,0.07753,0.076855,0.0774325,317.11906463694186,24.5553219725
1642334400000.0,2022-01-16 12:00:00,ETH/BTC,0.077095,0.0775325,0.077095,0.077495,119.89279801922706,9.2910923825
1642330800000.0,2022-01-16 11:00:00,ETH/BTC,0.077045,0.0771425,0.076785,0.077095,121.24645291523444,9.3474952875
1642327200000.0,2022-01-16 10:00:00,ETH/BTC,0.0770525,0.0772,0.07699,0.077045,233.66170666493608,18.00246619
1642323600000.0,2022-01-16 09:00:00,ETH/BTC,0.0768775,0.07708,0.0768625,0.0770525,202.82216933259792,15.6279552025
1642320000000.0,2022-01-16 08:00:00,ETH/BTC,0.07713,0.077135,0.0768725,0.0768775,180.55396533446066,13.88053747
1642316400000.0,2022-01-16 07:00:00,ETH/BTC,0.0772175,0.0772675,0.0770875,0.07713,179.07686538960198,13.8121986275
1642312800000.0,2022-01-16 06:00:00,ETH/BTC,0.0769525,0.0772225,0.0769525,0.0772175,93.06648233884806,7.1863611
1642309200000.0,2022-01-16 05:00:00,ETH/BTC,0.07712,0.07714,0.07692,0.0769525,74.66278749878173,5.745488155
1642305600000.0,2022-01-16 04:00:00,ETH/BTC,0.077095,0.07718,0.077065,0.07712,74.27985794865145,5.728462645
1642302000000.0,2022-01-16 03:00:00,ETH/BTC,0.07696,0.07715,0.0769325,0.077095,174.16278970750372,13.4270802725
1642298400000.0,2022-01-16 02:00:00,ETH/BTC,0.0772525,0.0772525,0.0769025,0.07696,78.91926900337837,6.0736269425
1642294800000.0,2022-01-16 01:00:00,ETH/BTC,0.077375,0.07738,0.0772475,0.0772525,94.56754257143783,7.3055790825
1642291200000.0,2022-01-16 00:00:00,ETH/BTC,0.07722,0.0773925,0.0771125,0.077375,118.06170497576738,9.1350244225
1642287600000.0,2022-01-15 23:00:00,ETH/BTC,0.0771975,0.07726,0.077075,0.07722,119.84862325174825,9.2547106875
1642284000000.0,2022-01-15 22:00:00,ETH/BTC,0.0769875,0.0772225,0.07698,0.0771975,211.76368557919622,16.3476271175
1642280400000.0,2022-01-15 21:00:00,ETH/BTC,0.0770925,0.07729,0.0769825,0.0769875,259.113704887157,19.948516355
1642276800000.0,2022-01-15 20:00:00,ETH/BTC,0.07696,0.0771125,0.07686,0.0770925,239.23693455913352,18.4433733775
1642273200000.0,2022-01-15 19:00:00,ETH/BTC,0.0771625,0.07717,0.0769425,0.07696,186.9125408004158,14.38478914
1642269600000.0,2022-01-15 18:00:00,ETH/BTC,0.077235,0.0773,0.0771525,0.07716,147.50564570373248,11.3815356225
1642266000000.0,2022-01-15 17:00:00,ETH/BTC,0.0775175,0.07752,0.0771925,0.077235,241.4109429015343,18.645374175
1642262400000.0,2022-01-15 16:00:00,ETH/BTC,0.07748,0.0776725,0.07748,0.0775175,193.06597552165638,14.9659917575
1642258800000.0,2022-01-15 15:00:00,ETH/BTC,0.0773225,0.0777275,0.077315,0.07748,296.03302939468256,22.9366391175
1642255200000.0,2022-01-15 14:00:00,ETH/BTC,0.07697,0.077525,0.0769325,0.0773225,389.24482401629535,30.097382905
1642251600000.0,2022-01-15 13:00:00,ETH/BTC,0.07687,0.077075,0.07678,0.07697,147.31386439521893,11.3387481425
1642248000000.0,2022-01-15 12:00:00,ETH/BTC,0.07714,0.0771575,0.0766125,0.07687,337.67074645505403,25.95675028
1642244400000.0,2022-01-15 11:00:00,ETH/BTC,0.0771125,0.07718,0.077075,0.07714,145.55464953331605,11.228085665
1642240800000.0,2022-01-15 10:00:00,ETH/BTC,0.0773325,0.0773675,0.0770475,0.0771125,205.79938126114442,15.8697047875
1642237200000.0,2022-01-15 09:00:00,ETH/BTC,0.077065,0.0773325,0.077065,0.0773325,96.3560574144118,7.45145481
1642233600000.0,2022-01-15 08:00:00,ETH/BTC,0.07694,0.0771575,0.076935,0.077065,77.55016161681698,5.976403205
1642230000000.0,2022-01-15 07:00:00,ETH/BTC,0.0770325,0.07707,0.0768825,0.07694,70.13493819859632,5.396182145
1642226400000.0,2022-01-15 06:00:00,ETH/BTC,0.076965,0.0771325,0.076965,0.0770325,97.0266179534612,7.4742029475
1642222800000.0,2022-01-15 05:00:00,ETH/BTC,0.0769925,0.07712,0.076965,0.076965,147.68460670434612,11.366545755
1642219200000.0,2022-01-15 04:00:00,ETH/BTC,0.07703,0.07721,0.076955,0.0769925,184.9796734422184,14.2420475075
1642215600000.0,2022-01-15 03:00:00,ETH/BTC,0.07694,0.07706,0.076925,0.07703,24.59530501103466,1.894576345
1642212000000.0,2022-01-15 02:00:00,ETH/BTC,0.076865,0.0770575,0.07684,0.07694,33.002104497010656,2.53918192
1642208400000.0,2022-01-15 01:00:00,ETH/BTC,0.0768925,0.0769075,0.0768175,0.076865,158.85337800039028,12.2102649
1642204800000.0,2022-01-15 00:00:00,ETH/BTC,0.076805,0.0770975,0.076805,0.0768925,318.11151737815777,24.46038985
1642201200000.0,2022-01-14 23:00:00,ETH/BTC,0.0766325,0.0769425,0.076525,0.076805,715.3272976694226,54.9407130975
1642197600000.0,2022-01-14 22:00:00,ETH/BTC,0.0769425,0.076965,0.0766325,0.0766325,269.4000359181809,20.6447982525
1642194000000.0,2022-01-14 21:00:00,ETH/BTC,0.0766325,0.0769575,0.0765,0.0769425,157.55186649121097,12.1224344875
1642190400000.0,2022-01-14 20:00:00,ETH/BTC,0.0767775,0.07684,0.07661,0.0766325,366.0681172152807,28.0527149925
1642186800000.0,2022-01-14 19:00:00,ETH/BTC,0.07648,0.0767775,0.07646,0.0767775,191.71845788154081,14.7196639
1642183200000.0,2022-01-14 18:00:00,ETH/BTC,0.076425,0.0765925,0.0764075,0.07648,431.8658549620815,33.0291005875
1642179600000.0,2022-01-14 17:00:00,ETH/BTC,0.0762825,0.0765,0.0762825,0.076425,122.52462508995747,9.3639444725
1642176000000.0,2022-01-14 16:00:00,ETH/BTC,0.076075,0.0763075,0.0760025,0.0762825,445.49468079179366,33.9834479875
1642172400000.0,2022-01-14 15:00:00,ETH/BTC,0.0762625,0.0762625,0.07601,0.076075,419.2774707525468,31.8965335875
1642168800000.0,2022-01-14 14:00:00,ETH/BTC,0.07612,0.0763725,0.0759975,0.0762625,466.74655584330435,35.595259215
1642165200000.0,2022-01-14 13:00:00,ETH/BTC,0.0763625,0.07639,0.076075,0.07612,296.34761462165005,22.557980425
1642161600000.0,2022-01-14 12:00:00,ETH/BTC,0.07622,0.0766075,0.0761925,0.0763625,426.83260373219844,32.5940047025
1642158000000.0,2022-01-14 11:00:00,ETH/BTC,0.0766375,0.07666,0.0762075,0.07622,279.19481664917345,21.280228925
1642154400000.0,2022-01-14 10:00:00,ETH/BTC,0.0766775,0.0768725,0.0765675,0.0766375,524.9873037351166,40.23371449
1642150800000.0,2022-01-14 09:00:00,ETH/BTC,0.076605,0.07673,0.07654,0.07667,159.1022230663884,12.1983674425
1642147200000.0,2022-01-14 08:00:00,ETH/BTC,0.076635,0.076675,0.07646,0.076605,251.97996410155994,19.30292515
1642143600000.0,2022-01-14 07:00:00,ETH/BTC,0.0769,0.0769025,0.0766,0.076635,297.9793366281725,22.8356464625
1642140000000.0,2022-01-14 06:00:00,ETH/BTC,0.07706,0.0771575,0.076895,0.0769,529.277496326398,40.7014394675
1642136400000.0,2022-01-14 05:00:00,ETH/BTC,0.07667,0.07706,0.0766225,0.07706,510.3315937581105,39.326152615
1642132800000.0,2022-01-14 04:00:00,ETH/BTC,0.0766125,0.076735,0.0765925,0.07667,222.20283565931916,17.03629141
1642129200000.0,2022-01-14 03:00:00,ETH/BTC,0.0766325,0.0766375,0.0764,0.0766125,66.83781550008159,5.12061214
1642125600000.0,2022-01-14 02:00:00,ETH/BTC,0.076525,0.0766825,0.0764875,0.0766325,246.67867001598538,18.90360318
1642122000000.0,2022-01-14 01:00:00,ETH/BTC,0.07644,0.0765475,0.076365,0.076525,263.3049728193401,20.149413045
1642118400000.0,2022-01-14 00:00:00,ETH/BTC,0.0761325,0.0765075,0.0759875,0.07644,448.2466010269493,34.2639701825
1642114800000.0,2022-01-13 23:00:00,ETH/BTC,0.0762175,0.07643,0.0761,0.0761325,245.73973273569106,18.7087802025
1642111200000.0,2022-01-13 22:00:00,ETH/BTC,0.07637,0.07659,0.076205,0.0762175,432.7980936792732,32.986788705
1642107600000.0,2022-01-13 21:00:00,ETH/BTC,0.07652,0.0765625,0.076345,0.07637,409.5826624328925,31.27982793
1642104000000.0,2022-01-13 20:00:00,ETH/BTC,0.0766075,0.076685,0.0764175,0.07652,238.71345677600624,18.2663537125
1642100400000.0,2022-01-13 19:00:00,ETH/BTC,0.0765875,0.0767725,0.0763575,0.0766075,226.49142224977976,17.35094163
1642096800000.0,2022-01-13 18:00:00,ETH/BTC,0.07664,0.0767975,0.07658,0.0765875,167.27003584135792,12.81079387
1642093200000.0,2022-01-13 17:00:00,ETH/BTC,0.076315,0.07664,0.076255,0.07664,269.0157000913361,20.617363255
1642089600000.0,2022-01-13 16:00:00,ETH/BTC,0.076415,0.0765175,0.07616,0.076315,210.149294175457,16.037543385
1642086000000.0,2022-01-13 15:00:00,ETH/BTC,0.076685,0.0767075,0.0762025,0.076415,287.4049008375319,21.9620454975
1642082400000.0,2022-01-13 14:00:00,ETH/BTC,0.0767925,0.076895,0.07651,0.076685,352.6292841494425,27.041376655
1642078800000.0,2022-01-13 13:00:00,ETH/BTC,0.076885,0.076945,0.076685,0.0767925,327.36666591789566,25.1393046925
1642075200000.0,2022-01-13 12:00:00,ETH/BTC,0.0764775,0.0768875,0.0764675,0.076885,260.8733353384926,20.0572463875
1642071600000.0,2022-01-13 11:00:00,ETH/BTC,0.0766625,0.07667,0.0764025,0.0764775,691.7229771174528,52.9012439825
1642068000000.0,2022-01-13 10:00:00,ETH/BTC,0.076605,0.0768225,0.07656,0.0766625,362.45289095059513,27.7865447525
1642064400000.0,2022-01-13 09:00:00,ETH/BTC,0.07648,0.07679,0.0764775,0.076605,146.79733245218978,11.2454096525
1642060800000.0,2022-01-13 08:00:00,ETH/BTC,0.076445,0.07653,0.0763525,0.07648,83.39702693514644,6.37820462
1642057200000.0,2022-01-13 07:00:00,ETH/BTC,0.076435,0.07656,0.076425,0.076445,94.7097906991955,7.24008995
1642053600000.0,2022-01-13 06:00:00,ETH/BTC,0.07641,0.0764725,0.0763125,0.076435,96.36907797474979,7.365970475
1642050000000.0,2022-01-13 05:00:00,ETH/BTC,0.0765,0.07656,0.0762775,0.07641,166.17707639706845,12.6975904075
1642046400000.0,2022-01-13 04:00:00,ETH/BTC,0.0767175,0.07681,0.076495,0.0765,71.92251915032679,5.502072715
1642042800000.0,2022-01-13 03:00:00,ETH/BTC,0.076515,0.0767175,0.0763375,0.0767175,87.82185456382183,6.7374731275
1642039200000.0,2022-01-13 02:00:00,ETH/BTC,0.0765725,0.0766425,0.076455,0.076515,190.61449241978696,14.5848678875
1642035600000.0,2022-01-13 01:00:00,ETH/BTC,0.07672,0.0767775,0.0765,0.0765725,468.0150239315681,35.83708042
1642032000000.0,2022-01-13 00:00:00,ETH/BTC,0.0767975,0.0769525,0.0766675,0.07672,878.6078534932223,67.40679452
1642028400000.0,2022-01-12 23:00:00,ETH/BTC,0.076685,0.0768075,0.0765525,0.0767975,193.85199241511765,14.8873483875
1642024800000.0,2022-01-12 22:00:00,ETH/BTC,0.076925,0.07701,0.07668,0.076685,218.23159721588317,16.7350900325
1642021200000.0,2022-01-12 21:00:00,ETH/BTC,0.0771825,0.0771825,0.076735,0.076925,251.43486272343196,19.341626815
1642017600000.0,2022-01-12 20:00:00,ETH/BTC,0.0773125,0.0773875,0.07701,0.0771825,160.42427117546075,12.38194631
1642014000000.0,2022-01-12 19:00:00,ETH/BTC,0.0773575,0.07739,0.0772025,0.0773125,183.19407133387227,14.16319164
1642010400000.0,2022-01-12 18:00:00,ETH/BTC,0.0771325,0.0774,0.077025,0.0773575,231.64783928513722,17.9196977275
1642006800000.0,2022-01-12 17:00:00,ETH/BTC,0.077275,0.07738,0.0771325,0.0771325,127.57000285223477,9.839793245
1642003200000.0,2022-01-12 16:00:00,ETH/BTC,0.0771875,0.077325,0.0769625,0.077275,404.489084535749,31.2568940075
1641999600000.0,2022-01-12 15:00:00,ETH/BTC,0.0769925,0.0772025,0.076985,0.0771875,1487.7832112388662,114.8382666175
1641996000000.0,2022-01-12 14:00:00,ETH/BTC,0.0767275,0.077175,0.0765225,0.0769925,325.8657700425366,25.0892203
1641992400000.0,2022-01-12 13:00:00,ETH/BTC,0.076615,0.076785,0.076315,0.0767275,443.8084344921964,34.0523116575
1641988800000.0,2022-01-12 12:00:00,ETH/BTC,0.0762175,0.07685,0.076215,0.076615,1255.0700243424917,96.157189915
1641985200000.0,2022-01-12 11:00:00,ETH/BTC,0.075935,0.0762375,0.07571,0.0762175,789.495967953554,60.1734089375
1641981600000.0,2022-01-12 10:00:00,ETH/BTC,0.07622,0.07622,0.0758675,0.075935,560.2622383617568,42.54351307
1641978000000.0,2022-01-12 09:00:00,ETH/BTC,0.0758625,0.076325,0.0758575,0.07622,476.6593490225663,36.3309755825
1641974400000.0,2022-01-12 08:00:00,ETH/BTC,0.0755925,0.0759275,0.075585,0.0758625,196.46542725325426,14.904358475
1641970800000.0,2022-01-12 07:00:00,ETH/BTC,0.0758175,0.0759925,0.0754375,0.0755925,290.75148057016236,21.978631295
1641967200000.0,2022-01-12 06:00:00,ETH/BTC,0.075625,0.076095,0.07562,0.0758175,251.28624219342504,19.0518946675
1641963600000.0,2022-01-12 05:00:00,ETH/BTC,0.07568,0.0757125,0.07558,0.075625,184.33986565289257,13.94070234
1641960000000.0,2022-01-12 04:00:00,ETH/BTC,0.07591,0.07593,0.075665,0.07568,650.3987310716174,49.2221759675
1641956400000.0,2022-01-12 03:00:00,ETH/BTC,0.0758525,0.0759675,0.0758475,0.07591,70.87912837570808,5.380434635
1641952800000.0,2022-01-12 02:00:00,ETH/BTC,0.0758,0.0759025,0.0757775,0.0758525,122.55823156784548,9.29634826
1641949200000.0,2022-01-12 01:00:00,ETH/BTC,0.0757475,0.075915,0.0757425,0.0758,159.24298947889181,12.0706186025
1641945600000.0,2022-01-12 00:00:00,ETH/BTC,0.0758125,0.07592,0.0756825,0.07575,339.5420340594059,25.72030908
1641942000000.0,2022-01-11 23:00:00,ETH/BTC,0.0756925,0.0758875,0.0755525,0.0758125,68.46969770816158,5.1908589575
1641938400000.0,2022-01-11 22:00:00,ETH/BTC,0.075715,0.07581,0.07561,0.0756925,136.470411863791,10.32978665
1641934800000.0,2022-01-11 21:00:00,ETH/BTC,0.0757125,0.0757475,0.0755975,0.075715,194.57208505580135,14.73202542
1641931200000.0,2022-01-11 20:00:00,ETH/BTC,0.0753275,0.075735,0.0752925,0.0757125,685.5226825821363,51.902636105
1641927600000.0,2022-01-11 19:00:00,ETH/BTC,0.075635,0.0757025,0.0753225,0.0753275,282.13129212439014,21.2522449075
1641924000000.0,2022-01-11 18:00:00,ETH/BTC,0.0759725,0.0761575,0.075515,0.075635,498.9927926224632,37.74131987
1641920400000.0,2022-01-11 17:00:00,ETH/BTC,0.075385,0.07601,0.0752275,0.0759725,1437.6475724439765,109.2216801975
1641916800000.0,2022-01-11 16:00:00,ETH/BTC,0.075085,0.0756225,0.0750775,0.075385,1686.0265060688466,127.10110816
1641913200000.0,2022-01-11 15:00:00,ETH/BTC,0.07485,0.075145,0.07482,0.075085,527.6411211626823,39.6179335825
1641909600000.0,2022-01-11 14:00:00,ETH/BTC,0.0746725,0.07498,0.0745425,0.07485,1429.5401048764195,107.00107685
1641906000000.0,2022-01-11 13:00:00,ETH/BTC,0.074665,0.0747975,0.0746625,0.0746725,392.04937553985735,29.275306995
1641902400000.0,2022-01-11 12:00:00,ETH/BTC,0.0743975,0.074775,0.0743975,0.074665,153.55332696042325,11.4650591575
1641898800000.0,2022-01-11 11:00:00,ETH/BTC,0.074315,0.0744475,0.074315,0.0743975,153.0547573507174,11.38689131
1641895200000.0,2022-01-11 10:00:00,ETH/BTC,0.07439,0.0744925,0.0742775,0.074315,403.75973329745,30.00540458
1641891600000.0,2022-01-11 09:00:00,ETH/BTC,0.0739975,0.07439,0.073965,0.07439,680.157287706681,50.5969006325
1641888000000.0,2022-01-11 08:00:00,ETH/BTC,0.0741425,0.0743275,0.07384,0.0739975,564.3497157336398,41.76046809
1641884400000.0,2022-01-11 07:00:00,ETH/BTC,0.07381,0.0741925,0.073745,0.0741425,76.3445759517146,5.6603777225
1641880800000.0,2022-01-11 06:00:00,ETH/BTC,0.073885,0.07395,0.07377,0.07381,13.82046741633925,1.0200887
1641877200000.0,2022-01-11 05:00:00,ETH/BTC,0.0737,0.07395,0.07369,0.073885,86.95657430466264,6.4247864925
1641873600000.0,2022-01-11 04:00:00,ETH/BTC,0.073805,0.07382,0.07362,0.0737,58.934758819538665,4.343491725
1641870000000.0,2022-01-11 03:00:00,ETH/BTC,0.0738825,0.07394,0.073795,0.073805,57.015405629699885,4.2080220125
1641866400000.0,2022-01-11 02:00:00,ETH/BTC,0.073735,0.074055,0.073705,0.0738825,201.47789970561365,14.885690925
1641862800000.0,2022-01-11 01:00:00,ETH/BTC,0.073435,0.073735,0.073325,0.073735,83.49946907845664,6.1568333525
1641859200000.0,2022-01-11 00:00:00,ETH/BTC,0.07372,0.0737575,0.073435,0.073435,39.892251208551784,2.9294874675
1641855600000.0,2022-01-10 23:00:00,ETH/BTC,0.0735875,0.0738175,0.07349,0.07372,262.8790068163321,19.3794403825
1641852000000.0,2022-01-10 22:00:00,ETH/BTC,0.0737025,0.0737925,0.07355,0.0735875,178.40790905384745,13.1285920075
1641848400000.0,2022-01-10 21:00:00,ETH/BTC,0.0739125,0.073945,0.07352,0.0737025,180.1856534378074,13.2801331225
1641844800000.0,2022-01-10 20:00:00,ETH/BTC,0.0733875,0.0739825,0.0732525,0.0739125,819.3619229156096,60.5610881275
1641841200000.0,2022-01-10 19:00:00,ETH/BTC,0.0731525,0.0733875,0.073095,0.0733875,333.45122643501963,24.47115188
1641837600000.0,2022-01-10 18:00:00,ETH/BTC,0.0731325,0.07334,0.073005,0.0731525,602.138636068487,44.047946575
1641834000000.0,2022-01-10 17:00:00,ETH/BTC,0.0734075,0.0735825,0.0729,0.073135,1216.349333732139,88.9577085225
1641830400000.0,2022-01-10 16:00:00,ETH/BTC,0.0733575,0.073935,0.07328,0.0734075,761.4768255627831,55.8981100725
1641826800000.0,2022-01-10 15:00:00,ETH/BTC,0.0740425,0.0740425,0.0733575,0.0733575,538.7304129434618,39.5199162675
1641823200000.0,2022-01-10 14:00:00,ETH/BTC,0.0741075,0.0742475,0.0736,0.0740425,967.8700037816119,71.663514755
1641819600000.0,2022-01-10 13:00:00,ETH/BTC,0.07406,0.07431,0.0738575,0.0741075,294.8514027932395,21.8507003325
1641816000000.0,2022-01-10 12:00:00,ETH/BTC,0.074705,0.0747475,0.0740425,0.07406,361.74014974345124,26.79047549
1641812400000.0,2022-01-10 11:00:00,ETH/BTC,0.07513,0.07513,0.074425,0.074705,236.01978686165586,17.6318581775
1641808800000.0,2022-01-10 10:00:00,ETH/BTC,0.0752675,0.0754525,0.075125,0.07513,88.4281498735525,6.6436069
1641805200000.0,2022-01-10 09:00:00,ETH/BTC,0.0752125,0.07539,0.0751975,0.0752675,160.10810210250108,12.050936575
1641801600000.0,2022-01-10 08:00:00,ETH/BTC,0.07522,0.0753525,0.07512,0.0752125,199.30773883995346,14.9904333075
1641798000000.0,2022-01-10 07:00:00,ETH/BTC,0.0754075,0.07543,0.0752025,0.07522,196.33403313613402,14.7682459725
1641794400000.0,2022-01-10 06:00:00,ETH/BTC,0.075525,0.075525,0.0752875,0.0754075,321.23067924278087,24.223202445
1641790800000.0,2022-01-10 05:00:00,ETH/BTC,0.075255,0.075555,0.07523,0.075525,240.1728376034426,18.13905356
1641787200000.0,2022-01-10 04:00:00,ETH/BTC,0.0751625,0.07542,0.0751275,0.075255,211.7922780546143,15.938427885
1641783600000.0,2022-01-10 03:00:00,ETH/BTC,0.0752175,0.0752675,0.0751025,0.0751625,128.67738190587062,9.6717137175
1641780000000.0,2022-01-10 02:00:00,ETH/BTC,0.07536,0.075425,0.07517,0.0752175,53.7625882607106,4.0438874825
1641776400000.0,2022-01-10 01:00:00,ETH/BTC,0.0753175,0.0754075,0.07512,0.07536,65.18566749601911,4.9123919025
1641772800000.0,2022-01-10 00:00:00,ETH/BTC,0.0752625,0.075445,0.075215,0.0753175,249.4239354731636,18.78598726
1641769200000.0,2022-01-09 23:00:00,ETH/BTC,0.07532,0.0755,0.075225,0.0752625,75.38590254110613,5.67373149
1641765600000.0,2022-01-09 22:00:00,ETH/BTC,0.0753875,0.0753925,0.075145,0.07532,165.5780200477961,12.47133647
1641762000000.0,2022-01-09 21:00:00,ETH/BTC,0.0752875,0.0755425,0.07526,0.0753875,356.6649803680982,26.8880812075
1641758400000.0,2022-01-09 20:00:00,ETH/BTC,0.0750325,0.0754125,0.074985,0.0752875,110.45864027893076,8.31615488
1641754800000.0,2022-01-09 19:00:00,ETH/BTC,0.075495,0.07551,0.07503,0.0750325,999.5357788624929,74.9976683275
1641751200000.0,2022-01-09 18:00:00,ETH/BTC,0.0752075,0.0755,0.075205,0.075495,195.6492587257434,14.7705407875
1641747600000.0,2022-01-09 17:00:00,ETH/BTC,0.074985,0.0754525,0.074985,0.0752075,1073.3834797726292,80.726488055
1641744000000.0,2022-01-09 16:00:00,ETH/BTC,0.07443,0.0750225,0.074395,0.074985,146.93635860505435,11.01802285
1641740400000.0,2022-01-09 15:00:00,ETH/BTC,0.0745525,0.074635,0.07431,0.07443,285.4774369541852,21.2480856325
1641736800000.0,2022-01-09 14:00:00,ETH/BTC,0.07439,0.07464,0.0742875,0.0745525,239.2587306260689,17.837336515
1641733200000.0,2022-01-09 13:00:00,ETH/BTC,0.07447,0.074685,0.074325,0.07439,257.7257380360263,19.1722176525
1641729600000.0,2022-01-09 12:00:00,ETH/BTC,0.074725,0.0747775,0.07446,0.07447,197.74832143816303,14.7263174975
1641726000000.0,2022-01-09 11:00:00,ETH/BTC,0.0745775,0.074725,0.074535,0.074725,262.11992127801943,19.5869111175
1641722400000.0,2022-01-09 10:00:00,ETH/BTC,0.0745925,0.07465,0.0744025,0.0745775,191.44913633468536,14.277797965
1641718800000.0,2022-01-09 09:00:00,ETH/BTC,0.074595,0.0747325,0.07449,0.07459,299.6236888993163,22.348930955
1641715200000.0,2022-01-09 08:00:00,ETH/BTC,0.0748375,0.0749125,0.0745775,0.074595,294.3194092432469,21.9547563325
1641711600000.0,2022-01-09 07:00:00,ETH/BTC,0.07493,0.0749425,0.0747375,0.0748375,404.1925635877735,30.2487609775
1641708000000.0,2022-01-09 06:00:00,ETH/BTC,0.074775,0.07495,0.0747675,0.07493,289.93846927131995,21.7250895025
1641704400000.0,2022-01-09 05:00:00,ETH/BTC,0.07465,0.0749,0.07462,0.074775,470.67679224339696,35.19485714
1641700800000.0,2022-01-09 04:00:00,ETH/BTC,0.074605,0.0747025,0.0744775,0.07465,416.4390001339585,31.08717136
1641697200000.0,2022-01-09 03:00:00,ETH/BTC,0.07451,0.0748375,0.074485,0.074605,331.02984528516856,24.6964816075
1641693600000.0,2022-01-09 02:00:00,ETH/BTC,0.0745325,0.0746625,0.0744025,0.07451,357.0746010267078,26.6056285225
1641690000000.0,2022-01-09 01:00:00,ETH/BTC,0.074675,0.074835,0.07431,0.0745325,367.8948852514004,27.420125535
1641686400000.0,2022-01-09 00:00:00,ETH/BTC,0.0739125,0.0746925,0.07377,0.074675,227.454581218614,16.9851708525
1641682800000.0,2022-01-08 23:00:00,ETH/BTC,0.0743825,0.0743825,0.0739,0.0739125,126.94240635887027,9.38263061
1641679200000.0,2022-01-08 22:00:00,ETH/BTC,0.073675,0.074385,0.0736725,0.0743825,343.16466467247,25.52544567
1641675600000.0,2022-01-08 21:00:00,ETH/BTC,0.0739925,0.0742225,0.0734725,0.073675,561.987061146929,41.40439673
1641672000000.0,2022-01-08 20:00:00,ETH/BTC,0.0741925,0.0744175,0.073755,0.0739925,244.2056673649356,18.0693878425
1641668400000.0,2022-01-08 19:00:00,ETH/BTC,0.073955,0.0743475,0.0737475,0.0741925,339.9621855982748,25.222644455
1641664800000.0,2022-01-08 18:00:00,ETH/BTC,0.07445,0.074695,0.0737325,0.073955,757.9778008248257,56.05624826
1641661200000.0,2022-01-08 17:00:00,ETH/BTC,0.0756725,0.075865,0.0744175,0.07445,1814.8292486232372,135.11403756
1641657600000.0,2022-01-08 16:00:00,ETH/BTC,0.07595,0.0761925,0.07559,0.0756725,189.99701371039677,14.37754902
1641654000000.0,2022-01-08 15:00:00,ETH/BTC,0.0760825,0.076165,0.0757725,0.07595,167.036229361422,12.68640162
1641650400000.0,2022-01-08 14:00:00,ETH/BTC,0.07636,0.076385,0.0759225,0.0760825,619.4527153747578,47.1295112175
1641646800000.0,2022-01-08 13:00:00,ETH/BTC,0.07643,0.07649,0.0761175,0.07636,280.5181343308015,21.4203647375
1641643200000.0,2022-01-08 12:00:00,ETH/BTC,0.07678,0.0768775,0.076415,0.07643,75.77112609577392,5.7911871675
1641639600000.0,2022-01-08 11:00:00,ETH/BTC,0.07684,0.0769925,0.0767525,0.07678,40.532027774159936,3.1120490925
1641636000000.0,2022-01-08 10:00:00,ETH/BTC,0.07687,0.07705,0.0766875,0.07684,60.585683498178035,4.65540392
1641632400000.0,2022-01-08 09:00:00,ETH/BTC,0.07661,0.0768875,0.07661,0.07687,32.6320495641993,2.50842565
1641628800000.0,2022-01-08 08:00:00,ETH/BTC,0.07673,0.076765,0.0766,0.07661,45.308094896227644,3.47105315
1641625200000.0,2022-01-08 07:00:00,ETH/BTC,0.076805,0.0769425,0.07664,0.07673,63.940613547504235,4.9061632775
1641621600000.0,2022-01-08 06:00:00,ETH/BTC,0.0766,0.0768375,0.0764525,0.076805,74.80876433825922,5.745687145
1641618000000.0,2022-01-08 05:00:00,ETH/BTC,0.076835,0.076835,0.0765725,0.0766,101.02296253263708,7.73835893
1641614400000.0,2022-01-08 04:00:00,ETH/BTC,0.07661,0.077,0.07661,0.076835,128.96547253855664,9.9090620825
1641610800000.0,2022-01-08 03:00:00,ETH/BTC,0.07663,0.07669,0.076365,0.07661,95.57594909280773,7.32207346
1641607200000.0,2022-01-08 02:00:00,ETH/BTC,0.076825,0.07687,0.0764525,0.07663,99.11244457131671,7.5949866275
1641603600000.0,2022-01-08 01:00:00,ETH/BTC,0.0770525,0.0770575,0.07675,0.076825,257.7543124959323,19.8019750575
1641600000000.0,2022-01-08 00:00:00,ETH/BTC,0.07694,0.0770875,0.0766875,0.077055,139.46479070144701,10.7464594475
1641596400000.0,2022-01-07 23:00:00,ETH/BTC,0.0765725,0.0769475,0.07655,0.07694,39.18798469586691,3.0151235425
1641592800000.0,2022-01-07 22:00:00,ETH/BTC,0.0767725,0.0768075,0.0764225,0.0765725,61.504214959678734,4.7095315
1641589200000.0,2022-01-07 21:00:00,ETH/BTC,0.0767,0.0768425,0.0765425,0.0767725,93.2926455436517,7.16230963
1641585600000.0,2022-01-07 20:00:00,ETH/BTC,0.076535,0.0767675,0.076485,0.0767,108.86293438722294,8.3497870675
1641582000000.0,2022-01-07 19:00:00,ETH/BTC,0.0760625,0.0765575,0.0757375,0.076535,135.68852596851113,10.384921335
1641578400000.0,2022-01-07 18:00:00,ETH/BTC,0.0762825,0.076415,0.076055,0.0760625,91.98472693508627,6.9965882925
1641574800000.0,2022-01-07 17:00:00,ETH/BTC,0.0762625,0.076335,0.07597,0.0762825,88.68177956936387,6.76486785
1641571200000.0,2022-01-07 16:00:00,ETH/BTC,0.0758025,0.0765475,0.075485,0.0762625,529.3161980658908,40.366976555
1641567600000.0,2022-01-07 15:00:00,ETH/BTC,0.0765575,0.0765875,0.0753625,0.075795,431.65576881720426,32.7173489975
1641564000000.0,2022-01-07 14:00:00,ETH/BTC,0.07632,0.076825,0.0762675,0.0765575,333.1504578911276,25.50516618
1641560400000.0,2022-01-07 13:00:00,ETH/BTC,0.07644,0.0765425,0.075545,0.07632,737.2566576912998,56.267428115
1641556800000.0,2022-01-07 12:00:00,ETH/BTC,0.076325,0.07683,0.076325,0.07644,121.02583935112507,9.25121516
1641553200000.0,2022-01-07 11:00:00,ETH/BTC,0.0762875,0.0764725,0.0761725,0.076325,622.654675958074,47.5241181425
1641549600000.0,2022-01-07 10:00:00,ETH/BTC,0.0766225,0.0768075,0.0762875,0.0762875,82.83974612485663,6.3196371325
1641546000000.0,2022-01-07 09:00:00,ETH/BTC,0.07679,0.0770475,0.07655,0.0766225,161.99312515905905,12.4123182325
1641542400000.0,2022-01-07 08:00:00,ETH/BTC,0.07678,0.07698,0.076415,0.07679,358.27107263315537,27.5116356675
1641538800000.0,2022-01-07 07:00:00,ETH/BTC,0.0763375,0.076795,0.07553,0.07678,421.68405072935656,32.376901415
1641535200000.0,2022-01-07 06:00:00,ETH/BTC,0.07733,0.07733,0.076115,0.0763375,483.2621746847879,36.89102626
1641531600000.0,2022-01-07 05:00:00,ETH/BTC,0.077155,0.07754,0.0771525,0.07733,292.66021805896804,22.6314146625
1641528000000.0,2022-01-07 04:00:00,ETH/BTC,0.07745,0.07756,0.0764325,0.077155,6773.788054986716,522.6316173825
1641524400000.0,2022-01-07 03:00:00,ETH/BTC,0.0785125,0.0785375,0.0774275,0.07745,1072.4176612976114,83.0587478675
1641520800000.0,2022-01-07 02:00:00,ETH/BTC,0.0788475,0.0788475,0.078485,0.0785125,180.14747202674732,14.1438283975
1641517200000.0,2022-01-07 01:00:00,ETH/BTC,0.0786775,0.0788775,0.07842,0.0788475,449.9572936364501,35.47800771
1641513600000.0,2022-01-07 00:00:00,ETH/BTC,0.079055,0.0791625,0.0786775,0.0786775,297.69461386673447,23.4218679825
1641510000000.0,2022-01-06 23:00:00,ETH/BTC,0.0793975,0.0794325,0.07899,0.079055,572.3842303775853,45.2498353325
1641506400000.0,2022-01-06 22:00:00,ETH/BTC,0.0794875,0.079555,0.07937,0.0793975,126.30076120154918,10.0279646875
1641502800000.0,2022-01-06 21:00:00,ETH/BTC,0.07926,0.0794925,0.0791775,0.0794875,268.41933212769305,21.3359816625
1641499200000.0,2022-01-06 20:00:00,ETH/BTC,0.07937,0.0795625,0.07926,0.07926,365.82422369417105,28.99522797
1641495600000.0,2022-01-06 19:00:00,ETH/BTC,0.0797075,0.0797725,0.079245,0.07937,834.4362979400278,66.2292089675
1641492000000.0,2022-01-06 18:00:00,ETH/BTC,0.079565,0.07977,0.0792575,0.07969,883.993287206676,70.4454250575
1641488400000.0,2022-01-06 17:00:00,ETH/BTC,0.07932,0.07959,0.079295,0.079565,166.06609391692328,13.2130487625
1641484800000.0,2022-01-06 16:00:00,ETH/BTC,0.0791025,0.0793875,0.0789425,0.07932,150.6246441944024,11.9475467775
1641481200000.0,2022-01-06 15:00:00,ETH/BTC,0.079295,0.079295,0.0787175,0.0791025,165.43801987927057,13.0865609675
1641477600000.0,2022-01-06 14:00:00,ETH/BTC,0.078905,0.07938,0.07884,0.079295,164.07393189986757,13.01024243
1641474000000.0,2022-01-06 13:00:00,ETH/BTC,0.0780375,0.07892,0.0780375,0.078905,1288.9964620112794,101.708265835
1641470400000.0,2022-01-06 12:00:00,ETH/BTC,0.078115,0.0781925,0.0777925,0.0780375,397.5090823322121,31.0206150125
1641466800000.0,2022-01-06 11:00:00,ETH/BTC,0.07825,0.0784225,0.0780025,0.078115,227.37990856429624,17.7617815575
1641463200000.0,2022-01-06 10:00:00,ETH/BTC,0.0777075,0.078395,0.0776925,0.07825,329.96392143769964,25.8196768525
1641459600000.0,2022-01-06 09:00:00,ETH/BTC,0.079065,0.07912,0.077655,0.0777075,886.3314608950229,68.8746019975
1641456000000.0,2022-01-06 08:00:00,ETH/BTC,0.0798475,0.079855,0.0789125,0.079065,302.83376952507433,23.9435519875
1641452400000.0,2022-01-06 07:00:00,ETH/BTC,0.079785,0.080195,0.079705,0.0798475,336.5316649550706,26.8712121175
1641448800000.0,2022-01-06 06:00:00,ETH/BTC,0.080345,0.080345,0.079685,0.079785,139.5994078774206,11.1379387575
1641445200000.0,2022-01-06 05:00:00,ETH/BTC,0.0802125,0.080535,0.0801725,0.080345,1072.3030875910138,86.1541915725
1641441600000.0,2022-01-06 04:00:00,ETH/BTC,0.080505,0.080525,0.0798975,0.0802125,754.9071902758297,60.552993
1641438000000.0,2022-01-06 03:00:00,ETH/BTC,0.081095,0.081105,0.08049,0.080505,284.85916725669216,22.93258726
1641434400000.0,2022-01-06 02:00:00,ETH/BTC,0.0809275,0.08123,0.080815,0.081095,559.7002961649918,45.3888955175
1641430800000.0,2022-01-06 01:00:00,ETH/BTC,0.080985,0.0809875,0.0807,0.0809275,313.52120333014113,25.3724871825
1641427200000.0,2022-01-06 00:00:00,ETH/BTC,0.081445,0.081445,0.0809825,0.080985,303.335398191023,24.5656172225
1641423600000.0,2022-01-05 23:00:00,ETH/BTC,0.0813725,0.0817275,0.0810325,0.081445,166.46820581373933,13.5580030225
1641420000000.0,2022-01-05 22:00:00,ETH/BTC,0.081525,0.0816175,0.0801,0.0813725,1290.4289597529878,105.0054305275
1641416400000.0,2022-01-05 21:00:00,ETH/BTC,0.081735,0.082065,0.081475,0.081525,619.9362957988346,50.540306515
1641412800000.0,2022-01-05 20:00:00,ETH/BTC,0.0817675,0.08249,0.081465,0.081735,981.4010592157582,80.214815575
1641409200000.0,2022-01-05 19:00:00,ETH/BTC,0.081595,0.0819725,0.0809275,0.0817675,1007.4983628886781,82.3806223875
1641405600000.0,2022-01-05 18:00:00,ETH/BTC,0.081975,0.0820625,0.081485,0.081595,148.75260028188,12.13746842
1641402000000.0,2022-01-05 17:00:00,ETH/BTC,0.08191,0.0820825,0.08186,0.081975,95.82230713632204,7.8550336275
1641398400000.0,2022-01-05 16:00:00,ETH/BTC,0.0819675,0.0820625,0.0818075,0.08191,40.52435682456355,3.3193500675
1641394800000.0,2022-01-05 15:00:00,ETH/BTC,0.081825,0.0820775,0.0817125,0.0819675,204.78490127184554,16.785706395
1641391200000.0,2022-01-05 14:00:00,ETH/BTC,0.0821525,0.08224,0.0817875,0.081825,130.04324949587536,10.64078889
1641387600000.0,2022-01-05 13:00:00,ETH/BTC,0.08197,0.08219,0.0819375,0.0821525,104.86199443108852,8.6146749975
1641384000000.0,2022-01-05 12:00:00,ETH/BTC,0.0819225,0.082035,0.0818725,0.08197,177.77558978894717,14.572265095
1641380400000.0,2022-01-05 11:00:00,ETH/BTC,0.081745,0.0820175,0.0817025,0.0819225,89.90704174677288,7.3654096275
1641376800000.0,2022-01-05 10:00:00,ETH/BTC,0.0818825,0.0819075,0.0817375,0.081745,133.96457765000918,10.9509344
1641373200000.0,2022-01-05 09:00:00,ETH/BTC,0.081925,0.081965,0.0817675,0.0818825,316.87936115775653,25.94687429
1641369600000.0,2022-01-05 08:00:00,ETH/BTC,0.0822125,0.0822275,0.08192,0.081925,80.19126212999696,6.56966915
1641366000000.0,2022-01-05 07:00:00,ETH/BTC,0.0822125,0.0822825,0.0821625,0.0822125,121.3983110232629,9.980458645
1641362400000.0,2022-01-05 06:00:00,ETH/BTC,0.0821575,0.0823575,0.0821475,0.0822125,75.59210904667782,6.214616265
1641358800000.0,2022-01-05 05:00:00,ETH/BTC,0.08209,0.08221,0.08205,0.0821575,187.38320475915165,15.394935645
1641355200000.0,2022-01-05 04:00:00,ETH/BTC,0.082045,0.0821075,0.081975,0.08209,197.32860531124376,16.19870521
1641351600000.0,2022-01-05 03:00:00,ETH/BTC,0.0821075,0.0822625,0.082045,0.082045,49.269996373941126,4.0423568525
1641348000000.0,2022-01-05 02:00:00,ETH/BTC,0.082245,0.082245,0.08202,0.0821075,172.34887248424323,14.1511350475
1641344400000.0,2022-01-05 01:00:00,ETH/BTC,0.0823525,0.082355,0.08216,0.082245,81.4394517599854,6.69798771
1641340800000.0,2022-01-05 00:00:00,ETH/BTC,0.0825825,0.0825825,0.0823025,0.0823525,128.21161558544063,10.5585470725
1641337200000.0,2022-01-04 23:00:00,ETH/BTC,0.08268,0.0828225,0.0825825,0.0825825,81.43745917718644,6.7253089725
1641333600000.0,2022-01-04 22:00:00,ETH/BTC,0.08279,0.082925,0.08258,0.08268,185.39670745645864,15.3285997725
1641330000000.0,2022-01-04 21:00:00,ETH/BTC,0.0825125,0.0828625,0.0824925,0.08279,302.36959675081533,25.033178915
1641326400000.0,2022-01-04 20:00:00,ETH/BTC,0.0828,0.0829375,0.08244,0.0825125,1055.0378727162552,87.0538124725
1641322800000.0,2022-01-04 19:00:00,ETH/BTC,0.0824375,0.082855,0.0820925,0.0828,654.0348932065218,54.1540891575
1641319200000.0,2022-01-04 18:00:00,ETH/BTC,0.0824675,0.082685,0.0822525,0.0824375,890.3361580288098,73.3970870275
1641315600000.0,2022-01-04 17:00:00,ETH/BTC,0.08237,0.082495,0.08225,0.0824675,539.5778490617516,44.4976362675
1641312000000.0,2022-01-04 16:00:00,ETH/BTC,0.0820575,0.08244,0.081985,0.08237,703.4483905548137,57.94304393
1641308400000.0,2022-01-04 15:00:00,ETH/BTC,0.0819,0.0821,0.08173,0.0820575,450.0434312829418,36.9294388625
1641304800000.0,2022-01-04 14:00:00,ETH/BTC,0.08234,0.0824725,0.0818475,0.0819,377.09105409035413,30.88375733
1641301200000.0,2022-01-04 13:00:00,ETH/BTC,0.0821675,0.0824,0.08191,0.08234,350.00037551615253,28.81903092
1641297600000.0,2022-01-04 12:00:00,ETH/BTC,0.0821125,0.08227,0.0820575,0.0821675,142.98260124136672,11.7485228875
1641294000000.0,2022-01-04 11:00:00,ETH/BTC,0.08162,0.0821775,0.08162,0.0821125,634.5159937281169,52.101694535
1641290400000.0,2022-01-04 10:00:00,ETH/BTC,0.08127,0.08162,0.0812675,0.08162,286.5214431205587,23.3858801875
1641286800000.0,2022-01-04 09:00:00,ETH/BTC,0.0810975,0.0813175,0.0810775,0.08127,151.62493238587427,12.322558255
1641283200000.0,2022-01-04 08:00:00,ETH/BTC,0.0808475,0.08115,0.0808475,0.0810975,80.06378834119424,6.492973075
1641279600000.0,2022-01-04 07:00:00,ETH/BTC,0.0809325,0.08097,0.0807425,0.0808475,60.265651226073786,4.8723272375
1641276000000.0,2022-01-04 06:00:00,ETH/BTC,0.0810925,0.0811425,0.0809175,0.0809325,38.344611404565526,3.1033252625
1641272400000.0,2022-01-04 05:00:00,ETH/BTC,0.0809475,0.0811,0.0809375,0.0810925,40.32658226716404,3.2701833725
1641268800000.0,2022-01-04 04:00:00,ETH/BTC,0.0808375,0.08107,0.0808225,0.0809475,34.17952046079249,2.7667467325
1641265200000.0,2022-01-04 03:00:00,ETH/BTC,0.08082,0.0809175,0.080805,0.0808375,76.02348124323488,6.145548165
1641261600000.0,2022-01-04 02:00:00,ETH/BTC,0.0810225,0.0810375,0.0807575,0.08082,69.38693989730265,5.6078524825
1641258000000.0,2022-01-04 01:00:00,ETH/BTC,0.080935,0.0810425,0.08086,0.0810225,84.58893214847728,6.853606755
1641254400000.0,2022-01-04 00:00:00,ETH/BTC,0.08107,0.0811475,0.0809225,0.080935,53.44999042441465,4.325974975
1641250800000.0,2022-01-03 23:00:00,ETH/BTC,0.0811825,0.081185,0.08097,0.08107,33.99192540397188,2.7557253925
1641247200000.0,2022-01-03 22:00:00,ETH/BTC,0.0809775,0.0814325,0.080925,0.0811825,616.88239768423,50.08005525
1641243600000.0,2022-01-03 21:00:00,ETH/BTC,0.0805725,0.08099,0.080545,0.0809775,95.63086616652774,7.743948465
1641240000000.0,2022-01-03 20:00:00,ETH/BTC,0.08066,0.0808225,0.08024,0.0805725,363.58783303856774,29.2951806775
1641236400000.0,2022-01-03 19:00:00,ETH/BTC,0.0807475,0.0808175,0.0804725,0.08066,418.64453489957845,33.767868185
1641232800000.0,2022-01-03 18:00:00,ETH/BTC,0.08074,0.0807825,0.0805925,0.0807475,165.84674494566394,13.3917100375
1641229200000.0,2022-01-03 17:00:00,ETH/BTC,0.0806425,0.08083,0.08059,0.08074,128.07990714020312,10.3411717025
1641225600000.0,2022-01-03 16:00:00,ETH/BTC,0.081055,0.0811325,0.08064,0.0806425,171.82363372291283,13.8562873825
1641222000000.0,2022-01-03 15:00:00,ETH/BTC,0.0811525,0.0812225,0.08092,0.081055,80.39374909012399,6.5163153325
1641218400000.0,2022-01-03 14:00:00,ETH/BTC,0.080995,0.08147,0.080975,0.0811525,111.88832891777827,9.0800176125
1641214800000.0,2022-01-03 13:00:00,ETH/BTC,0.0809175,0.0810175,0.0808375,0.080995,79.02322735971356,6.4004863
1641211200000.0,2022-01-03 12:00:00,ETH/BTC,0.08096,0.08096,0.08069,0.0809175,102.71197772422528,8.3111964575
1641207600000.0,2022-01-03 11:00:00,ETH/BTC,0.0811425,0.0812375,0.08096,0.08096,157.43118475172926,12.7456287175
1641204000000.0,2022-01-03 10:00:00,ETH/BTC,0.081075,0.08116,0.08092,0.0811425,98.6912745786733,8.0080567475
1641200400000.0,2022-01-03 09:00:00,ETH/BTC,0.0810525,0.0811725,0.0810075,0.081075,74.42792870798644,6.03424432
1641196800000.0,2022-01-03 08:00:00,ETH/BTC,0.0809375,0.081325,0.080935,0.0810525,174.98163884519292,14.1826992825
1641193200000.0,2022-01-03 07:00:00,ETH/BTC,0.0810425,0.0811075,0.0808925,0.0809375,189.25778721235523,15.3180521525
1641189600000.0,2022-01-03 06:00:00,ETH/BTC,0.0809775,0.08111,0.0809475,0.0810425,367.0710084215072,29.7483522
1641186000000.0,2022-01-03 05:00:00,ETH/BTC,0.080985,0.0812375,0.08096,0.0809775,369.67639937019544,29.93547063
1641182400000.0,2022-01-03 04:00:00,ETH/BTC,0.08088,0.0809925,0.0808575,0.080985,560.4356017781071,45.38687721
1641178800000.0,2022-01-03 03:00:00,ETH/BTC,0.080815,0.0809675,0.0807325,0.08088,135.77673170128585,10.98162206
1641175200000.0,2022-01-03 02:00:00,ETH/BTC,0.0807525,0.080975,0.08068,0.080815,164.22755014539382,13.272049465
1641171600000.0,2022-01-03 01:00:00,ETH/BTC,0.0808875,0.08096,0.0807075,0.0807525,195.15138695396425,15.758962375
1641168000000.0,2022-01-03 00:00:00,ETH/BTC,0.080965,0.08097,0.08077,0.0808875,98.3042785040952,7.9515873275
1641164400000.0,2022-01-02 23:00:00,ETH/BTC,0.0810075,0.0810525,0.080725,0.080965,243.58291916260114,19.72169105
1641160800000.0,2022-01-02 22:00:00,ETH/BTC,0.0810825,0.0811775,0.08079,0.0810075,152.647742307811,12.365611985
1641157200000.0,2022-01-02 21:00:00,ETH/BTC,0.081025,0.0812325,0.08089,0.0810825,898.2568651373601,72.8329122675
1641153600000.0,2022-01-02 20:00:00,ETH/BTC,0.0809825,0.081025,0.080945,0.0810225,4011.287349810238,325.0045293
1641150000000.0,2022-01-02 19:00:00,ETH/BTC,0.0806575,0.0809925,0.0806225,0.0809825,500.7655203593369,40.5532437525
1641146400000.0,2022-01-02 18:00:00,ETH/BTC,0.0806625,0.0809075,0.080655,0.0806575,844.6316586802219,68.12587801
1641142800000.0,2022-01-02 17:00:00,ETH/BTC,0.0803,0.0806625,0.080165,0.0806625,715.9762238958624,57.75243216
1641139200000.0,2022-01-02 16:00:00,ETH/BTC,0.079825,0.0804375,0.079715,0.0803,1133.1475468244084,90.99174801
1641135600000.0,2022-01-02 15:00:00,ETH/BTC,0.0796425,0.0800075,0.0794625,0.079825,789.5132700595052,63.0228967825
1641132000000.0,2022-01-02 14:00:00,ETH/BTC,0.0794575,0.0796625,0.079435,0.0796425,102.31981241171485,8.14900566
1641128400000.0,2022-01-02 13:00:00,ETH/BTC,0.0793925,0.079515,0.07937,0.0794575,115.33941679514206,9.16458171
1641124800000.0,2022-01-02 12:00:00,ETH/BTC,0.0792775,0.079395,0.0792175,0.0793925,322.2166367415058,25.5815843325
1641121200000.0,2022-01-02 11:00:00,ETH/BTC,0.0793125,0.0793275,0.079245,0.0792775,58.091996625776545,4.6053882625
1641117600000.0,2022-01-02 10:00:00,ETH/BTC,0.0794075,0.079415,0.079255,0.0793125,184.36396242710796,14.62236677
1641114000000.0,2022-01-02 09:00:00,ETH/BTC,0.0792825,0.07942,0.0792,0.0794075,247.264263577118,19.63463701
1641110400000.0,2022-01-02 08:00:00,ETH/BTC,0.0794275,0.0794875,0.07927,0.0792825,120.29181553306215,9.537035865
1641106800000.0,2022-01-02 07:00:00,ETH/BTC,0.0793275,0.0794275,0.0792825,0.0794275,250.67200069245538,19.910250335
1641103200000.0,2022-01-02 06:00:00,ETH/BTC,0.07954,0.079625,0.07932,0.0793275,377.0416983076487,29.9097753225
1641099600000.0,2022-01-02 05:00:00,ETH/BTC,0.0794125,0.0795775,0.0794125,0.07954,282.7283474352527,22.488212755
1641096000000.0,2022-01-02 04:00:00,ETH/BTC,0.0794075,0.0794975,0.0792725,0.0794125,276.2193790020463,21.935271435
1641092400000.0,2022-01-02 03:00:00,ETH/BTC,0.079085,0.0794075,0.0790825,0.0794075,158.92501857507162,12.6198384125
1641088800000.0,2022-01-02 02:00:00,ETH/BTC,0.07909,0.07918,0.07904,0.079085,240.47809578301826,19.018210205
1641085200000.0,2022-01-02 01:00:00,ETH/BTC,0.0790025,0.0791675,0.0789725,0.07909,111.80400888228601,8.8425790625
1641081600000.0,2022-01-02 00:00:00,ETH/BTC,0.0789025,0.0791775,0.078895,0.0790025,263.3499132622385,20.8053015225
1641078000000.0,2022-01-01 23:00:00,ETH/BTC,0.07921,0.0792825,0.07887,0.0789025,832.1555486835018,65.65915318
1641074400000.0,2022-01-01 22:00:00,ETH/BTC,0.0792175,0.079305,0.0790875,0.07921,317.6078807284434,25.1577202325
1641070800000.0,2022-01-01 21:00:00,ETH/BTC,0.079355,0.0794775,0.0792125,0.0792175,261.7605735790703,20.7360182375
1641067200000.0,2022-01-01 20:00:00,ETH/BTC,0.0791825,0.0794375,0.0791025,0.079355,349.1011739650936,27.70292366
1641063600000.0,2022-01-01 19:00:00,ETH/BTC,0.0788725,0.079185,0.0788725,0.0791825,124.42070631136929,9.8519425775
1641060000000.0,2022-01-01 18:00:00,ETH/BTC,0.0787475,0.0789525,0.078565,0.0788725,130.1368084249897,10.2642154225
1641056400000.0,2022-01-01 17:00:00,ETH/BTC,0.078835,0.07897,0.0785325,0.0787475,212.11108920918127,16.7032179975
1641052800000.0,2022-01-01 16:00:00,ETH/BTC,0.0789175,0.078945,0.0787675,0.078835,234.49002914314707,18.4860214475
1641049200000.0,2022-01-01 15:00:00,ETH/BTC,0.078815,0.0790725,0.0787675,0.0789175,210.7406719992397,16.6311269825
1641045600000.0,2022-01-01 14:00:00,ETH/BTC,0.0789,0.0789325,0.0788075,0.078815,135.46385668971644,10.676583865
1641042000000.0,2022-01-01 13:00:00,ETH/BTC,0.0789375,0.07904,0.0788575,0.0789,39.66470855513308,3.129545505
1641038400000.0,2022-01-01 12:00:00,ETH/BTC,0.07899,0.0790125,0.078765,0.0789375,44.48080798099763,3.51120378
1641034800000.0,2022-01-01 11:00:00,ETH/BTC,0.07876,0.0790075,0.0787575,0.07899,53.13651307127485,4.1972531675
1641031200000.0,2022-01-01 10:00:00,ETH/BTC,0.0788675,0.078985,0.07862,0.07876,183.94620524377856,14.487603125
1641027600000.0,2022-01-01 09:00:00,ETH/BTC,0.0789875,0.07906,0.078865,0.0788675,60.649905379275374,4.7833064125
1641024000000.0,2022-01-01 08:00:00,ETH/BTC,0.07871,0.0790475,0.078675,0.0789875,134.94932251938596,10.6593096125
1641020400000.0,2022-01-01 07:00:00,ETH/BTC,0.0789925,0.07907,0.0786925,0.07871,552.5853116503621,43.49398988
1641016800000.0,2022-01-01 06:00:00,ETH/BTC,0.07915,0.07915,0.07893,0.0789925,166.93848090008547,13.1868879525
1641013200000.0,2022-01-01 05:00:00,ETH/BTC,0.0793725,0.07939,0.07905,0.07915,1358.65251692988,107.537346715
1641009600000.0,2022-01-01 04:00:00,ETH/BTC,0.0795575,0.0796475,0.07937,0.0793725,242.55653648933827,19.2523186925
1641006000000.0,2022-01-01 03:00:00,ETH/BTC,0.07967,0.079675,0.0795325,0.0795575,193.45001322942525,15.3903994275
1641002400000.0,2022-01-01 02:00:00,ETH/BTC,0.0796225,0.079745,0.0795325,0.07967,410.87302538596714,32.7342539325
1640998800000.0,2022-01-01 01:00:00,ETH/BTC,0.0798075,0.0798975,0.0795825,0.0796225,437.2898848629471,34.8181138575
1640995200000.0,2022-01-01 00:00:00,ETH/BTC,0.07958,0.07981,0.0795575,0.0798075,433.49529226576453,34.5961755375
1640991600000.0,2021-12-31 23:00:00,ETH/BTC,0.0795,0.0796,0.0794575,0.07958,102.03601756094496,8.1200262775
1640988000000.0,2021-12-31 22:00:00,ETH/BTC,0.079605,0.0797925,0.0794125,0.0795,742.9877820754716,59.067528675
1640984400000.0,2021-12-31 21:00:00,ETH/BTC,0.0794575,0.07968,0.0793575,0.079605,554.2241460963508,44.11901315
1640980800000.0,2021-12-31 20:00:00,ETH/BTC,0.07931,0.0794975,0.0791675,0.0794575,286.1207738728251,22.73444139
1640977200000.0,2021-12-31 19:00:00,ETH/BTC,0.079365,0.0795075,0.0790725,0.07931,443.37717939099736,35.1642440975
1640973600000.0,2021-12-31 18:00:00,ETH/BTC,0.07916,0.0794275,0.07909,0.079365,292.4191599256599,23.2078466275
1640970000000.0,2021-12-31 17:00:00,ETH/BTC,0.078915,0.0792,0.0788175,0.07916,1459.6451441700356,115.5455096125
1640966400000.0,2021-12-31 16:00:00,ETH/BTC,0.0788975,0.078965,0.07867,0.078915,414.43231328011154,32.7049260025
1640962800000.0,2021-12-31 15:00:00,ETH/BTC,0.079065,0.0790725,0.0788625,0.0788975,271.50018479672997,21.42068583
1640959200000.0,2021-12-31 14:00:00,ETH/BTC,0.07909,0.0791675,0.07905,0.079065,467.64647166888005,36.9744682825
1640955600000.0,2021-12-31 13:00:00,ETH/BTC,0.0790675,0.0791075,0.0789425,0.07909,266.3077246807435,21.062277945
1640952000000.0,2021-12-31 12:00:00,ETH/BTC,0.0788025,0.0790675,0.0787975,0.0790675,273.0990309861827,21.5932576325
1640948400000.0,2021-12-31 11:00:00,ETH/BTC,0.07855,0.0788025,0.07855,0.0788025,224.7332194092827,17.7095395225
1640944800000.0,2021-12-31 10:00:00,ETH/BTC,0.0785975,0.07863,0.07841,0.078565,228.71925526633999,17.96932829
1640941200000.0,2021-12-31 09:00:00,ETH/BTC,0.078445,0.0787175,0.07839,0.0785975,640.3932262158465,50.3333065975
1640937600000.0,2021-12-31 08:00:00,ETH/BTC,0.07885,0.07926,0.07832,0.078445,922.6359065587354,72.37617369
1640934000000.0,2021-12-31 07:00:00,ETH/BTC,0.0788975,0.079075,0.07867,0.07885,265.0245237793278,20.8971837
1640930400000.0,2021-12-31 06:00:00,ETH/BTC,0.0791225,0.07919,0.0788225,0.0788975,522.2908521816281,41.20744251
1640926800000.0,2021-12-31 05:00:00,ETH/BTC,0.079155,0.0792,0.07905,0.0791225,78.32429223672155,6.1972138125
1640923200000.0,2021-12-31 04:00:00,ETH/BTC,0.0792875,0.0794575,0.0791325,0.079155,373.81909645631987,29.58965058
1640919600000.0,2021-12-31 03:00:00,ETH/BTC,0.0790775,0.0793,0.0790125,0.0792875,325.8991449471859,25.839728455
1640916000000.0,2021-12-31 02:00:00,ETH/BTC,0.079095,0.0792,0.079035,0.0790775,218.3146099712308,17.26377357
1640912400000.0,2021-12-31 01:00:00,ETH/BTC,0.0786225,0.0791075,0.0786075,0.079095,180.22249491118274,14.254698235
1640908800000.0,2021-12-31 00:00:00,ETH/BTC,0.0787275,0.07894,0.07859,0.0786225,38.92863391522783,3.06066652
1640905200000.0,2021-12-30 23:00:00,ETH/BTC,0.0786675,0.0788675,0.0786075,0.0787275,36.48476263059287,2.87235415
1640901600000.0,2021-12-30 22:00:00,ETH/BTC,0.0789925,0.0790025,0.07866,0.078665,22.47316099917371,1.76785121
1640898000000.0,2021-12-30 21:00:00,ETH/BTC,0.0788925,0.079105,0.07886,0.0789925,92.89051232711967,7.337653795
1640894400000.0,2021-12-30 20:00:00,ETH/BTC,0.0788675,0.0789875,0.0787225,0.0788925,132.4879947396774,10.452309125
1640890800000.0,2021-12-30 19:00:00,ETH/BTC,0.0785375,0.0788675,0.0783825,0.0788675,202.30924975433481,15.955624755
1640887200000.0,2021-12-30 18:00:00,ETH/BTC,0.0784875,0.07872,0.0784475,0.0785375,419.43965446442786,32.9417418625
1640883600000.0,2021-12-30 17:00:00,ETH/BTC,0.078945,0.0789675,0.0784325,0.0784875,137.21022089504697,10.7692872125
1640880000000.0,2021-12-30 16:00:00,ETH/BTC,0.07865,0.07924,0.0786275,0.078945,1003.0482377287985,79.1856431275
1640876400000.0,2021-12-30 15:00:00,ETH/BTC,0.0785075,0.0787275,0.0783825,0.07865,378.9760062301335,29.80646289
1640872800000.0,2021-12-30 14:00:00,ETH/BTC,0.0785525,0.078685,0.078405,0.07851,363.15954505795446,28.5116558825
1640869200000.0,2021-12-30 13:00:00,ETH/BTC,0.0786175,0.0787575,0.0785375,0.0785525,383.90355478819896,30.1565839875
1640865600000.0,2021-12-30 12:00:00,ETH/BTC,0.0786775,0.0787475,0.0785475,0.0786175,84.44355604668172,6.6387412675
1640862000000.0,2021-12-30 11:00:00,ETH/BTC,0.0787925,0.0790275,0.078665,0.0786775,99.08898328619999,7.7960734825
1640858400000.0,2021-12-30 10:00:00,ETH/BTC,0.07878,0.0788575,0.07869,0.078795,48.39688666793578,3.813432685
1640854800000.0,2021-12-30 09:00:00,ETH/BTC,0.078885,0.0789625,0.07875,0.07878,168.61828881061183,13.2837487925
1640851200000.0,2021-12-30 08:00:00,ETH/BTC,0.078935,0.079035,0.07883,0.078885,367.4956393484186,28.98989351
1640847600000.0,2021-12-30 07:00:00,ETH/BTC,0.078835,0.078985,0.0787325,0.078935,58.110314182555264,4.58693765
1640844000000.0,2021-12-30 06:00:00,ETH/BTC,0.0785675,0.0789325,0.07848,0.0788375,58.683810020612015,4.6264848725
1640840400000.0,2021-12-30 05:00:00,ETH/BTC,0.0784,0.0785675,0.0783,0.0785675,19.306098004900246,1.516831855
1640836800000.0,2021-12-30 04:00:00,ETH/BTC,0.07848,0.078595,0.07832,0.0784,37.75316132015306,2.9598478475
1640833200000.0,2021-12-30 03:00:00,ETH/BTC,0.0782325,0.0785025,0.0782,0.07848,100.56450127420999,7.89230206
1640829600000.0,2021-12-30 02:00:00,ETH/BTC,0.078405,0.0785275,0.07821,0.07823,212.56086427840984,16.6286364125
1640826000000.0,2021-12-30 01:00:00,ETH/BTC,0.0783675,0.07853,0.0783325,0.078405,125.29266016197946,9.82357102
1640822400000.0,2021-12-30 00:00:00,ETH/BTC,0.07811,0.07848,0.077885,0.0783675,285.0102759434714,22.3355428
1640818800000.0,2021-12-29 23:00:00,ETH/BTC,0.078755,0.0788125,0.0780775,0.07811,980.1156312251953,76.556831955
1640815200000.0,2021-12-29 22:00:00,ETH/BTC,0.078885,0.07897,0.0787275,0.078755,119.05571205002856,9.3762326025
1640811600000.0,2021-12-29 21:00:00,ETH/BTC,0.0790875,0.0791175,0.07865,0.078885,243.92342695062436,19.241899535
1640808000000.0,2021-12-29 20:00:00,ETH/BTC,0.07902,0.07912,0.0787925,0.0790875,154.23723742690058,12.198237515
1640804400000.0,2021-12-29 19:00:00,ETH/BTC,0.07896,0.079145,0.0787825,0.07902,563.4731942229814,44.5256518075
1640800800000.0,2021-12-29 18:00:00,ETH/BTC,0.07894,0.0791075,0.078925,0.07896,112.3017313513171,8.8673447075
1640797200000.0,2021-12-29 17:00:00,ETH/BTC,0.07927,0.07928,0.07891,0.0789425,127.41794689172501,10.0586912725
1640793600000.0,2021-12-29 16:00:00,ETH/BTC,0.079125,0.0792725,0.07907,0.07927,76.63852377948784,6.07513578
1640790000000.0,2021-12-29 15:00:00,ETH/BTC,0.079055,0.07923,0.07898,0.079125,184.19323434439178,14.5742896675
1640786400000.0,2021-12-29 14:00:00,ETH/BTC,0.079235,0.079425,0.0790175,0.079055,118.24022206059072,9.347480755
1640782800000.0,2021-12-29 13:00:00,ETH/BTC,0.0796375,0.079665,0.0790325,0.079235,459.2889321953682,36.3917585425
1640779200000.0,2021-12-29 12:00:00,ETH/BTC,0.079415,0.079935,0.079305,0.0796275,341.3160348811654,27.1781425675
1640775600000.0,2021-12-29 11:00:00,ETH/BTC,0.079535,0.079565,0.0794025,0.079415,148.6438734496002,11.80455321
1640772000000.0,2021-12-29 10:00:00,ETH/BTC,0.0795575,0.0798,0.0792925,0.079535,158.37614716791353,12.596446865
1640768400000.0,2021-12-29 09:00:00,ETH/BTC,0.0795725,0.07966,0.07928,0.0795575,287.87896433397225,22.902930705
1640764800000.0,2021-12-29 08:00:00,ETH/BTC,0.0798,0.0798625,0.079485,0.0795725,62.80634195230765,4.997657645
1640761200000.0,2021-12-29 07:00:00,ETH/BTC,0.079465,0.0798,0.079455,0.0798,144.50364633458648,11.5313909775
1640757600000.0,2021-12-29 06:00:00,ETH/BTC,0.079375,0.07947,0.0793075,0.079465,174.1943374441578,13.842353025
1640754000000.0,2021-12-29 05:00:00,ETH/BTC,0.0795675,0.0795875,0.0793075,0.079375,204.54019262992128,16.23537779
1640750400000.0,2021-12-29 04:00:00,ETH/BTC,0.07949,0.0795675,0.079415,0.0795675,99.28002717818205,7.8994635625
1640746800000.0,2021-12-29 03:00:00,ETH/BTC,0.0795525,0.0796075,0.07945,0.07949,49.46640549125676,3.9320845725
1640743200000.0,2021-12-29 02:00:00,ETH/BTC,0.07962,0.07971,0.07938,0.0795525,256.7552831463499,20.4255246625
1640739600000.0,2021-12-29 01:00:00,ETH/BTC,0.07993,0.07993,0.0795,0.07962,192.137629521477,15.2979980625
1640736000000.0,2021-12-29 00:00:00,ETH/BTC,0.079785,0.0800025,0.079695,0.07993,122.74335496684598,9.8108763625
1640732400000.0,2021-12-28 23:00:00,ETH/BTC,0.0798875,0.0800025,0.0797325,0.079785,111.3867617033277,8.8869927825
1640728800000.0,2021-12-28 22:00:00,ETH/BTC,0.0801125,0.0801325,0.0798875,0.0798875,499.034517508997,39.8666200175
1640725200000.0,2021-12-28 21:00:00,ETH/BTC,0.0800475,0.0802275,0.0799425,0.0801125,303.31254429708224,24.299126205
1640721600000.0,2021-12-28 20:00:00,ETH/BTC,0.0798425,0.080055,0.0797325,0.0800475,548.3931647771636,43.8975018575
1640718000000.0,2021-12-28 19:00:00,ETH/BTC,0.079485,0.07991,0.0794125,0.0798425,158.12094899333061,12.62477187
1640714400000.0,2021-12-28 18:00:00,ETH/BTC,0.0796725,0.0797175,0.079295,0.079485,458.43025369566584,36.438328715
1640710800000.0,2021-12-28 17:00:00,ETH/BTC,0.07946,0.07974,0.07902,0.0796725,245.35122692899057,19.5477456275
1640707200000.0,2021-12-28 16:00:00,ETH/BTC,0.0796575,0.0797775,0.0793875,0.07946,139.98630839416057,11.123312065
1640703600000.0,2021-12-28 15:00:00,ETH/BTC,0.0796975,0.0797875,0.07962,0.0796575,138.2023408341964,11.008852965
1640700000000.0,2021-12-28 14:00:00,ETH/BTC,0.0797375,0.079865,0.07946,0.0796975,158.06688403023935,12.59753549
1640696400000.0,2021-12-28 13:00:00,ETH/BTC,0.0795775,0.0798,0.0793125,0.0797375,545.8860371218059,43.527587885
1640692800000.0,2021-12-28 12:00:00,ETH/BTC,0.0796875,0.07975,0.0795025,0.0795775,64.69160673557225,5.147996335
1640689200000.0,2021-12-28 11:00:00,ETH/BTC,0.079565,0.079745,0.07955,0.0796875,71.25627563921569,5.678234465
1640685600000.0,2021-12-28 10:00:00,ETH/BTC,0.0792575,0.079745,0.0792425,0.079565,242.89617671086535,19.3260343
1640682000000.0,2021-12-28 09:00:00,ETH/BTC,0.0793225,0.0793375,0.0791075,0.0792575,493.6802817083557,39.1278649275
1640678400000.0,2021-12-28 08:00:00,ETH/BTC,0.079575,0.0796,0.07929,0.0793225,380.7810168615462,30.20450221
1640674800000.0,2021-12-28 07:00:00,ETH/BTC,0.079685,0.0796975,0.079435,0.079575,81.26186616399623,6.466413
1640671200000.0,2021-12-28 06:00:00,ETH/BTC,0.0796775,0.0797675,0.07965,0.079685,128.4579384451277,10.236170825
1640667600000.0,2021-12-28 05:00:00,ETH/BTC,0.0797525,0.079785,0.0796375,0.0796775,144.08819196134417,11.480586915
1640664000000.0,2021-12-28 04:00:00,ETH/BTC,0.079485,0.08,0.0791975,0.0797525,644.1802010595279,51.374981485
1640660400000.0,2021-12-28 03:00:00,ETH/BTC,0.079715,0.079745,0.0793,0.079485,183.46359703088635,14.58260401
1640656800000.0,2021-12-28 02:00:00,ETH/BTC,0.07995,0.08009,0.0796975,0.079715,114.63925926739007,9.1384685525
1640653200000.0,2021-12-28 01:00:00,ETH/BTC,0.08005,0.0802475,0.0798725,0.07995,714.3512881801126,57.11238549
1640649600000.0,2021-12-28 00:00:00,ETH/BTC,0.0796325,0.0800975,0.07945,0.08005,240.70149356652092,19.26815456
1640646000000.0,2021-12-27 23:00:00,ETH/BTC,0.0796675,0.0797375,0.0794225,0.0796325,278.1869912096192,22.1527255775
1640642400000.0,2021-12-27 22:00:00,ETH/BTC,0.0796075,0.0797575,0.0794775,0.0796675,318.7321830106379,25.39259619
1640638800000.0,2021-12-27 21:00:00,ETH/BTC,0.0798775,0.07989,0.07958,0.0796025,378.28793561759994,30.112665395
1640635200000.0,2021-12-27 20:00:00,ETH/BTC,0.0796275,0.08,0.0796275,0.07988,513.6154107098147,41.0275990075
1640631600000.0,2021-12-27 19:00:00,ETH/BTC,0.0792625,0.0796275,0.0792325,0.0796275,473.3886851590217,37.6947575275
1640628000000.0,2021-12-27 18:00:00,ETH/BTC,0.0793575,0.07949,0.0792,0.0792625,414.2806355464438,32.836918875
1640624400000.0,2021-12-27 17:00:00,ETH/BTC,0.079485,0.07951,0.0792425,0.0793575,524.1281261065432,41.5934977675
1640620800000.0,2021-12-27 16:00:00,ETH/BTC,0.0795525,0.07966,0.0794675,0.079485,140.2733308485878,11.1496257025
1640617200000.0,2021-12-27 15:00:00,ETH/BTC,0.0794975,0.0796475,0.0794525,0.0795525,200.20013525659155,15.92642126
1640613600000.0,2021-12-27 14:00:00,ETH/BTC,0.079725,0.07975,0.0793475,0.0794975,251.36630428629832,19.982992775
1640610000000.0,2021-12-27 13:00:00,ETH/BTC,0.07982,0.07988,0.079705,0.079725,65.62084481028535,5.2316218525
1640606400000.0,2021-12-27 12:00:00,ETH/BTC,0.0800125,0.0802025,0.07979,0.07982,210.20343757830116,16.7784383875
1640602800000.0,2021-12-27 11:00:00,ETH/BTC,0.079905,0.0800425,0.079855,0.0800125,156.27356266208406,12.5038384325
1640599200000.0,2021-12-27 10:00:00,ETH/BTC,0.0798525,0.0799525,0.079775,0.079905,114.32347869344846,9.135017565
1640595600000.0,2021-12-27 09:00:00,ETH/BTC,0.07987,0.079915,0.0797975,0.0798525,104.47725944710558,8.34277036
1640592000000.0,2021-12-27 08:00:00,ETH/BTC,0.0799,0.0799825,0.0798025,0.07987,78.06616661449856,6.2351447275
1640588400000.0,2021-12-27 07:00:00,ETH/BTC,0.079895,0.0799725,0.079795,0.0799,88.32366508135169,7.05706084
1640584800000.0,2021-12-27 06:00:00,ETH/BTC,0.0798775,0.079965,0.079825,0.079895,69.57604324425809,5.558777975
1640581200000.0,2021-12-27 05:00:00,ETH/BTC,0.079785,0.079905,0.07977,0.0798775,206.94343025257422,16.53012385
1640577600000.0,2021-12-27 04:00:00,ETH/BTC,0.080015,0.0800775,0.07978,0.079785,122.39315344362977,9.7651377475
1640574000000.0,2021-12-27 03:00:00,ETH/BTC,0.0801125,0.0801125,0.079845,0.080015,433.8964824407923,34.7182270425
1640570400000.0,2021-12-27 02:00:00,ETH/BTC,0.0802325,0.080305,0.0800525,0.0801075,104.7619895452985,8.3922210775
1640566800000.0,2021-12-27 01:00:00,ETH/BTC,0.08024,0.080325,0.08015,0.0802325,112.09345726482411,8.99353831
1640563200000.0,2021-12-27 00:00:00,ETH/BTC,0.0800125,0.080265,0.0799975,0.08024,47.39125009346959,3.8026739075
1640559600000.0,2021-12-26 23:00:00,ETH/BTC,0.0800825,0.080275,0.07998,0.0800125,106.22401471645057,8.4992489775
1640556000000.0,2021-12-26 22:00:00,ETH/BTC,0.0804125,0.0804125,0.079865,0.0800825,495.5172463084944,39.6822598775
1640552400000.0,2021-12-26 21:00:00,ETH/BTC,0.081,0.08101,0.08039,0.0804125,182.21194301259132,14.6521178675
1640548800000.0,2021-12-26 20:00:00,ETH/BTC,0.08095,0.08111,0.0809275,0.081,51.15853117283951,4.143841025
1640545200000.0,2021-12-26 19:00:00,ETH/BTC,0.0809475,0.0810375,0.0808675,0.08095,322.3897634959852,26.097451355
1640541600000.0,2021-12-26 18:00:00,ETH/BTC,0.08105,0.08112,0.0809225,0.0809475,577.059346212051,46.7115114275
1640538000000.0,2021-12-26 17:00:00,ETH/BTC,0.080985,0.0810975,0.08089,0.08105,155.0042834053054,12.56309717
1640534400000.0,2021-12-26 16:00:00,ETH/BTC,0.0809925,0.0810275,0.0808675,0.080985,165.97991634253256,13.441883525
1640530800000.0,2021-12-26 15:00:00,ETH/BTC,0.0811625,0.081175,0.08093,0.0809925,150.16065252955522,12.16188665
1640527200000.0,2021-12-26 14:00:00,ETH/BTC,0.081095,0.081205,0.08108,0.0811625,36.619417126135836,2.9721234425
1640523600000.0,2021-12-26 13:00:00,ETH/BTC,0.0811025,0.08113,0.08097,0.081095,97.31422640113448,7.89169719
1640520000000.0,2021-12-26 12:00:00,ETH/BTC,0.0810675,0.081145,0.0809875,0.0811025,165.28697913134616,13.405187225
1640516400000.0,2021-12-26 11:00:00,ETH/BTC,0.0808525,0.08119,0.0808275,0.0810675,477.62381691183276,38.7197687775
1640512800000.0,2021-12-26 10:00:00,ETH/BTC,0.0808225,0.08088,0.0807775,0.0808525,87.8370547602115,7.10184547
1640509200000.0,2021-12-26 09:00:00,ETH/BTC,0.0808325,0.08113,0.080725,0.0808225,328.09313684308205,26.5173075525
1640505600000.0,2021-12-26 08:00:00,ETH/BTC,0.08085,0.08089,0.0806175,0.08084,145.04624189757547,11.725538195
1640502000000.0,2021-12-26 07:00:00,ETH/BTC,0.0807125,0.0808675,0.0807,0.08085,249.77449641311068,20.194268035
1640498400000.0,2021-12-26 06:00:00,ETH/BTC,0.08078,0.0808175,0.080605,0.0807125,168.10932584791698,13.5685239625
1640494800000.0,2021-12-26 05:00:00,ETH/BTC,0.08069,0.080785,0.0806375,0.08078,169.85690279153255,13.7210406075
1640491200000.0,2021-12-26 04:00:00,ETH/BTC,0.0807875,0.08084,0.080665,0.08069,447.7304404201264,36.1273692375
1640487600000.0,2021-12-26 03:00:00,ETH/BTC,0.081225,0.0814075,0.0807125,0.0807875,1359.574776388674,109.8366472475
1640484000000.0,2021-12-26 02:00:00,ETH/BTC,0.081005,0.081355,0.0809525,0.081225,295.6493245614035,24.0141163875
1640480400000.0,2021-12-26 01:00:00,ETH/BTC,0.081015,0.08105,0.0809525,0.081005,91.1057419912351,7.38002063
1640476800000.0,2021-12-26 00:00:00,ETH/BTC,0.081235,0.08133,0.080955,0.081015,503.17818147873845,40.7649803725
1640473200000.0,2021-12-25 23:00:00,ETH/BTC,0.08077,0.08126,0.0806875,0.081235,570.8768542500154,46.375181255
1640469600000.0,2021-12-25 22:00:00,ETH/BTC,0.0808375,0.0808975,0.0806325,0.08077,207.28173495728612,16.7421457325
1640466000000.0,2021-12-25 21:00:00,ETH/BTC,0.080715,0.0811,0.080715,0.0808375,1101.712638657801,89.0596954275
1640462400000.0,2021-12-25 20:00:00,ETH/BTC,0.0801225,0.0807275,0.0800675,0.080715,349.16856231803257,28.1831405075
1640458800000.0,2021-12-25 19:00:00,ETH/BTC,0.0800475,0.080265,0.079995,0.0801225,88.30536712533933,7.0752467775
1640455200000.0,2021-12-25 18:00:00,ETH/BTC,0.080095,0.080255,0.0799875,0.0800475,667.7630998469659,53.452766735
1640451600000.0,2021-12-25 17:00:00,ETH/BTC,0.08056,0.08057,0.0800875,0.080095,163.47673010175416,13.0936686975
1640448000000.0,2021-12-25 16:00:00,ETH/BTC,0.08053,0.08084,0.08053,0.08056,1858.9571567154915,149.757588545
1640444400000.0,2021-12-25 15:00:00,ETH/BTC,0.0801825,0.08053,0.08015,0.08053,52.381103129268595,4.218250235
1640440800000.0,2021-12-25 14:00:00,ETH/BTC,0.08017,0.0803,0.0801025,0.0801825,161.074066878683,12.9153213675
1640437200000.0,2021-12-25 13:00:00,ETH/BTC,0.080395,0.080415,0.080125,0.08017,286.2091945241362,22.945391125
1640433600000.0,2021-12-25 12:00:00,ETH/BTC,0.0799425,0.080615,0.079925,0.080395,331.3981310404876,26.642752745
1640430000000.0,2021-12-25 11:00:00,ETH/BTC,0.0796475,0.07998,0.07963,0.0799425,57.260364324358136,4.577536675
1640426400000.0,2021-12-25 10:00:00,ETH/BTC,0.079645,0.0798875,0.0795575,0.0796475,159.98371725415112,12.74230312
1640422800000.0,2021-12-25 09:00:00,ETH/BTC,0.0797475,0.079775,0.079595,0.079645,82.10271203465379,6.5390705
1640419200000.0,2021-12-25 08:00:00,ETH/BTC,0.07959,0.07977,0.079525,0.0797475,26.87615226182639,2.1433059525
1640415600000.0,2021-12-25 07:00:00,ETH/BTC,0.07963,0.0796425,0.0795225,0.07959,82.20929004900114,6.543037395
1640412000000.0,2021-12-25 06:00:00,ETH/BTC,0.07952,0.0796825,0.07939,0.07963,108.1043360542509,8.60834828
1640408400000.0,2021-12-25 05:00:00,ETH/BTC,0.07942,0.07958,0.0794075,0.07952,287.71462808098596,22.879067225
1640404800000.0,2021-12-25 04:00:00,ETH/BTC,0.07942,0.07947,0.0793675,0.07942,297.72592180810875,23.64539271
1640401200000.0,2021-12-25 03:00:00,ETH/BTC,0.079365,0.07944,0.079295,0.0794175,145.82106821544372,11.580744685
1640397600000.0,2021-12-25 02:00:00,ETH/BTC,0.0794875,0.0795,0.079365,0.079365,81.95752208152209,6.50455874
1640394000000.0,2021-12-25 01:00:00,ETH/BTC,0.079645,0.07981,0.079425,0.0794875,178.2123511872936,14.165654265
1640390400000.0,2021-12-25 00:00:00,ETH/BTC,0.07962,0.0797475,0.079465,0.079645,112.14106864837717,8.9314754125
1640386800000.0,2021-12-24 23:00:00,ETH/BTC,0.0798725,0.07996,0.0795,0.07962,37.44757133885958,2.98157563
1640383200000.0,2021-12-24 22:00:00,ETH/BTC,0.07989,0.080045,0.07983,0.0798725,44.35082785063695,3.5424114975
1640379600000.0,2021-12-24 21:00:00,ETH/BTC,0.0796075,0.079915,0.0794275,0.07989,37.39371147828264,2.98738361
1640376000000.0,2021-12-24 20:00:00,ETH/BTC,0.0797425,0.0799025,0.0793625,0.0796075,255.37350959394527,20.329646665
1640372400000.0,2021-12-24 19:00:00,ETH/BTC,0.0798525,0.0799075,0.0795175,0.0797425,268.6717412922846,21.42455633
1640368800000.0,2021-12-24 18:00:00,ETH/BTC,0.0801775,0.0802075,0.07983,0.0798525,614.6301587301587,49.07975475
1640365200000.0,2021-12-24 17:00:00,ETH/BTC,0.08021,0.08031,0.08,0.0801775,115.06769916747217,9.22584045
1640361600000.0,2021-12-24 16:00:00,ETH/BTC,0.0803525,0.08051,0.08009,0.08021,272.76486441840166,21.878469775
1640358000000.0,2021-12-24 15:00:00,ETH/BTC,0.0803325,0.0803925,0.08024,0.0803525,53.49626657540213,4.29855876
1640354400000.0,2021-12-24 14:00:00,ETH/BTC,0.0800675,0.080415,0.0800675,0.0803325,36.89400569507982,2.9637877125
1640350800000.0,2021-12-24 13:00:00,ETH/BTC,0.0800525,0.0802675,0.0800375,0.0800675,141.3880937646361,11.3205911975
1640347200000.0,2021-12-24 12:00:00,ETH/BTC,0.07999,0.08017,0.07994,0.0800525,65.15833390587427,5.216087525
1640343600000.0,2021-12-24 11:00:00,ETH/BTC,0.079945,0.0801925,0.0799325,0.07999,154.05258841730216,12.3226665475
1640340000000.0,2021-12-24 10:00:00,ETH/BTC,0.08015,0.080215,0.0799,0.079945,629.857626931015,50.353967985
1640336400000.0,2021-12-24 09:00:00,ETH/BTC,0.0801875,0.0802875,0.080105,0.08015,184.553147036806,14.791934735
1640332800000.0,2021-12-24 08:00:00,ETH/BTC,0.08018,0.0805625,0.08013,0.0801875,256.22205508963367,20.5458060425
1640329200000.0,2021-12-24 07:00:00,ETH/BTC,0.0803625,0.0803775,0.08011,0.08018,110.05529661386878,8.8242336825
1640325600000.0,2021-12-24 06:00:00,ETH/BTC,0.08016,0.080445,0.08008,0.0803625,307.55431560118217,24.7158336875
1640322000000.0,2021-12-24 05:00:00,ETH/BTC,0.0802775,0.08033,0.08016,0.08016,297.5184654129242,23.8490801875
1640318400000.0,2021-12-24 04:00:00,ETH/BTC,0.0801675,0.0803,0.0801675,0.0802775,92.23007168882937,7.40399958
1640314800000.0,2021-12-24 03:00:00,ETH/BTC,0.0802825,0.08033,0.0800725,0.0801675,647.4601307262918,51.90526003
1640311200000.0,2021-12-24 02:00:00,ETH/BTC,0.0803075,0.0804425,0.08014,0.0802825,288.245633108087,23.14108004
1640307600000.0,2021-12-24 01:00:00,ETH/BTC,0.0807175,0.08076,0.0802275,0.0803075,791.0458298415465,63.52691298
1640304000000.0,2021-12-24 00:00:00,ETH/BTC,0.08092,0.0811325,0.080665,0.0807175,525.8537490630904,42.44559999
1640300400000.0,2021-12-23 23:00:00,ETH/BTC,0.0807,0.0809875,0.080675,0.08092,169.14293938457735,13.687046655
1640296800000.0,2021-12-23 22:00:00,ETH/BTC,0.08093,0.08101,0.08066,0.0807,130.147222180917,10.50288083
1640293200000.0,2021-12-23 21:00:00,ETH/BTC,0.080925,0.081165,0.08073,0.08093,287.25241841715064,23.2473382225
1640289600000.0,2021-12-23 20:00:00,ETH/BTC,0.0809125,0.08118,0.08065,0.08095,395.57049867201977,32.0214318675
1640286000000.0,2021-12-23 19:00:00,ETH/BTC,0.08095,0.081405,0.08074,0.0809125,584.8461890622586,47.3213672725
1640282400000.0,2021-12-23 18:00:00,ETH/BTC,0.0808275,0.081265,0.080695,0.08095,640.6824896232242,51.863247535
1640278800000.0,2021-12-23 17:00:00,ETH/BTC,0.0812175,0.08133,0.0806,0.0808275,470.7572084995825,38.05012827
1640275200000.0,2021-12-23 16:00:00,ETH/BTC,0.0809125,0.0813675,0.080775,0.0812175,151.4506901837658,12.30044643
1640271600000.0,2021-12-23 15:00:00,ETH/BTC,0.081075,0.081135,0.0809075,0.0809125,70.65802175189248,5.717117185
1640268000000.0,2021-12-23 14:00:00,ETH/BTC,0.08121,0.0812275,0.0809525,0.081075,95.24127554733272,7.721686415
1640264400000.0,2021-12-23 13:00:00,ETH/BTC,0.0811175,0.0812475,0.081065,0.08121,55.99940065878586,4.5477113275
1640260800000.0,2021-12-23 12:00:00,ETH/BTC,0.0813225,0.0813375,0.0810475,0.0811175,75.5138287669122,6.125493005
1640257200000.0,2021-12-23 11:00:00,ETH/BTC,0.0813925,0.08146,0.0812575,0.0813225,38.961822250914565,3.16847279
1640253600000.0,2021-12-23 10:00:00,ETH/BTC,0.0812375,0.081655,0.08118,0.0813925,45.209178548392046,3.679688065
1640250000000.0,2021-12-23 09:00:00,ETH/BTC,0.0812775,0.081325,0.081035,0.0812375,62.324926173257424,5.06312119
1640246400000.0,2021-12-23 08:00:00,ETH/BTC,0.081245,0.0814075,0.08089,0.0812775,528.3228265817723,42.9407585375
1640242800000.0,2021-12-23 07:00:00,ETH/BTC,0.0817,0.08174,0.081205,0.081245,132.11902086282234,10.73400985
1640239200000.0,2021-12-23 06:00:00,ETH/BTC,0.0815325,0.08174,0.0814675,0.0817,70.51096588127295,5.7607459125
1640235600000.0,2021-12-23 05:00:00,ETH/BTC,0.0816175,0.0817375,0.0815075,0.08153,513.0162339322949,41.8262135525
1640232000000.0,2021-12-23 04:00:00,ETH/BTC,0.081615,0.0817975,0.0815725,0.0816175,96.72219036971238,7.8942233725
1640228400000.0,2021-12-23 03:00:00,ETH/BTC,0.08203,0.08203,0.0816075,0.081615,127.55508227654231,10.41040804
1640224800000.0,2021-12-23 02:00:00,ETH/BTC,0.08158,0.08239,0.0815325,0.08203,434.4598797695965,35.6387439375
1640221200000.0,2021-12-23 01:00:00,ETH/BTC,0.081585,0.0818225,0.081545,0.08158,136.79602086908557,11.1598193825
1640217600000.0,2021-12-23 00:00:00,ETH/BTC,0.08188,0.0819375,0.0811925,0.081585,342.46977278298704,27.9403964125
1640214000000.0,2021-12-22 23:00:00,ETH/BTC,0.0816675,0.08192,0.0816575,0.08188,325.05235341353205,26.6152866975
1640210400000.0,2021-12-22 22:00:00,ETH/BTC,0.081845,0.08189,0.08165,0.0816675,197.95742103652003,16.1666876825
1640206800000.0,2021-12-22 21:00:00,ETH/BTC,0.0817975,0.08206,0.081785,0.081845,312.1347810800904,25.5466711575
1640203200000.0,2021-12-22 20:00:00,ETH/BTC,0.08172,0.0817975,0.0815,0.0817975,249.6376300314802,20.4197340425
1640199600000.0,2021-12-22 19:00:00,ETH/BTC,0.0819775,0.0819775,0.08165,0.08172,168.23772760646108,13.7483871
1640196000000.0,2021-12-22 18:00:00,ETH/BTC,0.0817425,0.0819825,0.081445,0.0819775,224.34625510048488,18.3913451275
1640192400000.0,2021-12-22 17:00:00,ETH/BTC,0.081815,0.0818225,0.0816,0.0817425,135.36842982536623,11.065353875
1640188800000.0,2021-12-22 16:00:00,ETH/BTC,0.081975,0.08205,0.0817725,0.081815,100.77092534987473,8.2445732575
1640185200000.0,2021-12-22 15:00:00,ETH/BTC,0.0819125,0.081995,0.0818325,0.081975,173.38521896919792,14.213253325
1640181600000.0,2021-12-22 14:00:00,ETH/BTC,0.0815375,0.08199,0.081475,0.0819125,134.49438812757515,11.0167715675
1640178000000.0,2021-12-22 13:00:00,ETH/BTC,0.0813875,0.08164,0.0811925,0.0815375,215.07765546527673,17.5368943325
1640174400000.0,2021-12-22 12:00:00,ETH/BTC,0.082125,0.082125,0.0810725,0.0813875,336.8702211027492,27.41702512
1640170800000.0,2021-12-22 11:00:00,ETH/BTC,0.0819625,0.082145,0.0819225,0.082125,88.66248307458143,7.2814064225
1640167200000.0,2021-12-22 10:00:00,ETH/BTC,0.082025,0.0820525,0.0819025,0.0819625,82.4883465304255,6.7609511025
1640163600000.0,2021-12-22 09:00:00,ETH/BTC,0.0818575,0.0820575,0.0817025,0.082025,220.25329487960988,18.0662765125
1640160000000.0,2021-12-22 08:00:00,ETH/BTC,0.0822375,0.08224,0.0818475,0.081855,145.48936100421477,11.909031645
1640156400000.0,2021-12-22 07:00:00,ETH/BTC,0.08231,0.082355,0.08218,0.0822375,38.18414199726402,3.1401683775
1640152800000.0,2021-12-22 06:00:00,ETH/BTC,0.0823675,0.0823825,0.0821675,0.08231,35.610928896853366,2.9311355575
1640149200000.0,2021-12-22 05:00:00,ETH/BTC,0.08221,0.08247,0.082105,0.0823675,162.74168330955777,13.4046256
1640145600000.0,2021-12-22 04:00:00,ETH/BTC,0.0822225,0.0823575,0.0820775,0.08221,90.75165557718039,7.460693605
1640142000000.0,2021-12-22 03:00:00,ETH/BTC,0.082205,0.0823325,0.082065,0.0822225,351.70519915473255,28.9180807375
1640138400000.0,2021-12-22 02:00:00,ETH/BTC,0.08275,0.08291,0.0820475,0.082205,792.9541249315735,65.18479384
1640134800000.0,2021-12-22 01:00:00,ETH/BTC,0.082165,0.08275,0.0821425,0.08275,120.38469166163142,9.961833235
1640131200000.0,2021-12-22 00:00:00,ETH/BTC,0.082125,0.0822975,0.0820625,0.082165,234.94596689588025,19.30433537
1640127600000.0,2021-12-21 23:00:00,ETH/BTC,0.0817225,0.0821975,0.0817225,0.082125,236.75901047184166,19.443833735
1640124000000.0,2021-12-21 22:00:00,ETH/BTC,0.0820175,0.0821325,0.0816975,0.0817225,524.6923006210039,42.8791665375
1640120400000.0,2021-12-21 21:00:00,ETH/BTC,0.0824975,0.0825125,0.0819975,0.0820175,398.85914646264524,32.713430045
1640116800000.0,2021-12-21 20:00:00,ETH/BTC,0.08244,0.082675,0.0824175,0.0824975,299.07061535198034,24.67257809
1640113200000.0,2021-12-21 19:00:00,ETH/BTC,0.0822775,0.082495,0.0822775,0.08244,419.374083575934,34.57319945
1640109600000.0,2021-12-21 18:00:00,ETH/BTC,0.0820675,0.0822875,0.08198,0.0822775,253.96237157789187,20.8953890275
1640106000000.0,2021-12-21 17:00:00,ETH/BTC,0.0821275,0.08225,0.08199,0.0820675,443.3932019374295,36.3881716
1640102400000.0,2021-12-21 16:00:00,ETH/BTC,0.08216,0.0822775,0.0820575,0.0821275,424.9261694012358,34.8981239775
1640098800000.0,2021-12-21 15:00:00,ETH/BTC,0.08222,0.082285,0.0819225,0.08216,802.7391733812075,65.953050485
1640095200000.0,2021-12-21 14:00:00,ETH/BTC,0.0819575,0.082295,0.0819125,0.08222,435.2779526575042,35.7885532675
1640091600000.0,2021-12-21 13:00:00,ETH/BTC,0.0824125,0.0824575,0.0819225,0.0819575,198.42086447243997,16.262078
1640088000000.0,2021-12-21 12:00:00,ETH/BTC,0.08237,0.08244,0.0821225,0.0824125,179.3356971333232,14.77950314
1640084400000.0,2021-12-21 11:00:00,ETH/BTC,0.082605,0.082685,0.0823625,0.08237,86.3487588017482,7.1125472625
1640080800000.0,2021-12-21 10:00:00,ETH/BTC,0.0826925,0.0826925,0.0825725,0.082605,151.8529381090733,12.5438119525
1640077200000.0,2021-12-21 09:00:00,ETH/BTC,0.0827475,0.082835,0.08266,0.0826925,158.0255990567464,13.06753185
1640073600000.0,2021-12-21 08:00:00,ETH/BTC,0.08241,0.08275,0.0822825,0.0827475,264.2996597480286,21.870136095
1640070000000.0,2021-12-21 07:00:00,ETH/BTC,0.08268,0.08272,0.08239,0.0824125,178.39865587744578,14.7022792275
1640066400000.0,2021-12-21 06:00:00,ETH/BTC,0.082545,0.08273,0.08248,0.08268,495.123043934446,40.9367732725
1640062800000.0,2021-12-21 05:00:00,ETH/BTC,0.0830125,0.083065,0.082525,0.082545,127.70033357562542,10.541024035
1640059200000.0,2021-12-21 04:00:00,ETH/BTC,0.083625,0.0837375,0.0828075,0.0830125,218.01780999849422,18.0982034525
1640055600000.0,2021-12-21 03:00:00,ETH/BTC,0.083515,0.08385,0.0834525,0.083625,235.30599847533634,19.6774641225
1640052000000.0,2021-12-21 02:00:00,ETH/BTC,0.0837325,0.083865,0.0834525,0.083515,294.00312979704245,24.553671385
1640048400000.0,2021-12-21 01:00:00,ETH/BTC,0.084205,0.084245,0.083695,0.0837325,80.48702152688621,6.73937953
1640044800000.0,2021-12-21 00:00:00,ETH/BTC,0.08409,0.0846975,0.0838775,0.084205,958.1512935989549,80.6811296775
1640041200000.0,2021-12-20 23:00:00,ETH/BTC,0.08326,0.08409,0.0832425,0.08409,510.5465914793674,42.9318628775
1640037600000.0,2021-12-20 22:00:00,ETH/BTC,0.0832975,0.08345,0.0831025,0.08326,67.37058158179198,5.6092746225
1640034000000.0,2021-12-20 21:00:00,ETH/BTC,0.083595,0.0839925,0.0832,0.0832975,704.1997965425132,58.6580825525
1640030400000.0,2021-12-20 20:00:00,ETH/BTC,0.0831075,0.083775,0.082935,0.083595,417.42740926490814,34.8948442775
1640026800000.0,2021-12-20 19:00:00,ETH/BTC,0.0832225,0.08328,0.08305,0.0831075,582.1539289173661,48.3813576475
1640023200000.0,2021-12-20 18:00:00,ETH/BTC,0.0829125,0.083295,0.08266,0.0832225,321.7734310432876,26.778789365
1640019600000.0,2021-12-20 17:00:00,ETH/BTC,0.082965,0.0830325,0.0827975,0.0829125,454.1418290667873,37.6540344025
1640016000000.0,2021-12-20 16:00:00,ETH/BTC,0.082685,0.08301,0.082505,0.082965,265.2733342975954,22.00840218
1640012400000.0,2021-12-20 15:00:00,ETH/BTC,0.0829325,0.083035,0.08264,0.082685,263.0039341476689,21.746480295
1640008800000.0,2021-12-20 14:00:00,ETH/BTC,0.0826125,0.0833725,0.0824,0.082925,381.871656225505,31.6667070925
1640005200000.0,2021-12-20 13:00:00,ETH/BTC,0.08272,0.08288,0.082555,0.0826125,139.98956208200937,11.5648876975
1640001600000.0,2021-12-20 12:00:00,ETH/BTC,0.0827275,0.0827475,0.0823275,0.08272,144.94967257011606,11.990236915
1639998000000.0,2021-12-20 11:00:00,ETH/BTC,0.0827825,0.0828,0.0826025,0.0827275,316.5137444622405,26.184390795
1639994400000.0,2021-12-20 10:00:00,ETH/BTC,0.0822,0.0829225,0.082165,0.0827825,612.7801837948842,50.727475565
1639990800000.0,2021-12-20 09:00:00,ETH/BTC,0.0824275,0.0825,0.082,0.0822,268.84895909367395,22.0993844375
1639987200000.0,2021-12-20 08:00:00,ETH/BTC,0.08236,0.0824325,0.0822025,0.0824275,216.1703736617027,17.818383475
1639983600000.0,2021-12-20 07:00:00,ETH/BTC,0.08274,0.08274,0.0823225,0.08236,886.5541510745508,73.0165998825
1639980000000.0,2021-12-20 06:00:00,ETH/BTC,0.082845,0.0829575,0.0825975,0.08274,672.9065100616389,55.6762846425
1639976400000.0,2021-12-20 05:00:00,ETH/BTC,0.08356,0.0836,0.08274,0.082845,519.9812500452653,43.07784666
1639972800000.0,2021-12-20 04:00:00,ETH/BTC,0.0836675,0.0836775,0.0834325,0.08356,111.99113116323602,9.35797892
1639969200000.0,2021-12-20 03:00:00,ETH/BTC,0.084055,0.084055,0.0836275,0.0836675,128.5132736128126,10.75238432
1639965600000.0,2021-12-20 02:00:00,ETH/BTC,0.08436,0.084405,0.0839875,0.084055,147.54538528344537,12.40192736
1639962000000.0,2021-12-20 01:00:00,ETH/BTC,0.084205,0.0846625,0.0840725,0.08436,231.1154250237079,19.496897255
1639958400000.0,2021-12-20 00:00:00,ETH/BTC,0.084075,0.0843075,0.0839425,0.084205,241.03454394038357,20.2963137725
1639954800000.0,2021-12-19 23:00:00,ETH/BTC,0.08408,0.0841875,0.0838,0.084075,42.40463336306869,3.56516955
1639951200000.0,2021-12-19 22:00:00,ETH/BTC,0.0839125,0.084125,0.0836675,0.08408,110.70899167459562,9.30841202
1639947600000.0,2021-12-19 21:00:00,ETH/BTC,0.0837375,0.08406,0.0837,0.0839125,62.190044659615666,5.2185221225
1639944000000.0,2021-12-19 20:00:00,ETH/BTC,0.083855,0.083895,0.0837125,0.0837375,239.5530041797283,20.0595696875
1639940400000.0,2021-12-19 19:00:00,ETH/BTC,0.0834525,0.0838975,0.0833525,0.083855,592.934386112933,49.7205129475
1639936800000.0,2021-12-19 18:00:00,ETH/BTC,0.08327,0.08348,0.0831625,0.0834525,218.20744426470148,18.2099567425
1639933200000.0,2021-12-19 17:00:00,ETH/BTC,0.0832075,0.0832875,0.082995,0.08327,257.1268228053321,21.410950535
1639929600000.0,2021-12-19 16:00:00,ETH/BTC,0.0831175,0.08344,0.0830775,0.08321,255.2007165304651,21.2352516225
1639926000000.0,2021-12-19 15:00:00,ETH/BTC,0.083245,0.0833075,0.083115,0.0831175,55.44858059373779,4.6087473975
1639922400000.0,2021-12-19 14:00:00,ETH/BTC,0.0832425,0.0834325,0.0825725,0.0832425,550.9304916959486,45.860831455
1639918800000.0,2021-12-19 13:00:00,ETH/BTC,0.0834275,0.08381,0.0831,0.0832425,153.57884803435746,12.7842872575
1639915200000.0,2021-12-19 12:00:00,ETH/BTC,0.083245,0.0834475,0.08311,0.0834275,46.17221968175961,3.8520328575
1639911600000.0,2021-12-19 11:00:00,ETH/BTC,0.0832775,0.0833025,0.082915,0.083245,178.66992486035198,14.873377895
1639908000000.0,2021-12-19 10:00:00,ETH/BTC,0.0837225,0.0837225,0.0831625,0.0832775,86.1898317973042,7.1776737175
1639904400000.0,2021-12-19 09:00:00,ETH/BTC,0.0836325,0.0838625,0.0834725,0.0837225,132.9889526710263,11.13416759
1639900800000.0,2021-12-19 08:00:00,ETH/BTC,0.0837125,0.0838125,0.08355,0.0836325,44.78027677637282,3.7450864975
1639897200000.0,2021-12-19 07:00:00,ETH/BTC,0.0836325,0.08377,0.083565,0.0837125,77.68723135732418,6.503392355
1639893600000.0,2021-12-19 06:00:00,ETH/BTC,0.08378,0.0837925,0.0836325,0.0836325,88.8810060981078,7.4333407425
1639890000000.0,2021-12-19 05:00:00,ETH/BTC,0.083745,0.0838025,0.0835975,0.08378,62.254861721174514,5.215712315
1639886400000.0,2021-12-19 04:00:00,ETH/BTC,0.083575,0.08385,0.0834425,0.083745,295.00361693235413,24.7050779
1639882800000.0,2021-12-19 03:00:00,ETH/BTC,0.08362,0.08432,0.08356,0.083575,750.4696561770866,62.720501515
1639879200000.0,2021-12-19 02:00:00,ETH/BTC,0.0838375,0.08399,0.0835425,0.08362,255.0371129215499,21.3262033825
1639875600000.0,2021-12-19 01:00:00,ETH/BTC,0.08447,0.08451,0.0838,0.0838375,214.43323694647387,17.9775465025
1639872000000.0,2021-12-19 00:00:00,ETH/BTC,0.0845425,0.0846575,0.08442,0.08447,41.04629815319048,3.467180805
1639868400000.0,2021-12-18 23:00:00,ETH/BTC,0.0849425,0.084945,0.084445,0.0845425,238.8807786911908,20.1955782325
1639864800000.0,2021-12-18 22:00:00,ETH/BTC,0.0847175,0.08518,0.0846575,0.0849425,739.3669933778732,62.803680835
1639861200000.0,2021-12-18 21:00:00,ETH/BTC,0.0844725,0.08472,0.084255,0.0847175,502.83143258476696,42.59862189
1639857600000.0,2021-12-18 20:00:00,ETH/BTC,0.084535,0.08458,0.0843575,0.0844725,130.50470697564296,11.02405886
1639854000000.0,2021-12-18 19:00:00,ETH/BTC,0.0843325,0.08459,0.08427,0.084535,184.61220408706453,15.6061926725
1639850400000.0,2021-12-18 18:00:00,ETH/BTC,0.0843025,0.084445,0.0842825,0.0843325,104.43948445142738,8.8076428225
1639846800000.0,2021-12-18 17:00:00,ETH/BTC,0.0841075,0.0845225,0.0840125,0.0843025,315.55415675691705,26.6020043
1639843200000.0,2021-12-18 16:00:00,ETH/BTC,0.0841875,0.0844675,0.0840725,0.0841075,98.4361016556193,8.27921442
1639839600000.0,2021-12-18 15:00:00,ETH/BTC,0.084285,0.0843975,0.08413,0.0841875,130.82162975501114,11.013545955
1639836000000.0,2021-12-18 14:00:00,ETH/BTC,0.084265,0.084475,0.084125,0.084285,123.5190363350537,10.4108019775
1639832400000.0,2021-12-18 13:00:00,ETH/BTC,0.084215,0.084455,0.0841475,0.084265,50.19947902450602,4.2300591
1639828800000.0,2021-12-18 12:00:00,ETH/BTC,0.0840875,0.084455,0.0840875,0.084215,173.7704424093095,14.6340778075
1639825200000.0,2021-12-18 11:00:00,ETH/BTC,0.084055,0.0843575,0.08385,0.0840875,347.4384950795303,29.215234455
1639821600000.0,2021-12-18 10:00:00,ETH/BTC,0.08415,0.0846575,0.083925,0.084055,190.22054764737373,15.9889881325
1639818000000.0,2021-12-18 09:00:00,ETH/BTC,0.08404,0.0842125,0.083775,0.08415,136.04435074272132,11.448132115
1639814400000.0,2021-12-18 08:00:00,ETH/BTC,0.083915,0.0840825,0.0838325,0.08404,76.1879936934793,6.40283899
1639810800000.0,2021-12-18 07:00:00,ETH/BTC,0.08395,0.084095,0.0838475,0.083915,48.191018709408326,4.043949335
1639807200000.0,2021-12-18 06:00:00,ETH/BTC,0.0837675,0.08428,0.08376,0.08395,207.39333999404408,17.4106708925
1639803600000.0,2021-12-18 05:00:00,ETH/BTC,0.0836325,0.0840125,0.083485,0.0837675,72.88967633628793,6.1057859625
1639800000000.0,2021-12-18 04:00:00,ETH/BTC,0.08379,0.0838025,0.0833075,0.0836325,311.1870669895077,26.02535238
1639796400000.0,2021-12-18 03:00:00,ETH/BTC,0.08292,0.0841075,0.08292,0.08379,802.5252361260293,67.243589535
1639792800000.0,2021-12-18 02:00:00,ETH/BTC,0.0828725,0.08318,0.082695,0.08292,158.56726230101302,13.14839739
1639789200000.0,2021-12-18 01:00:00,ETH/BTC,0.08377,0.083795,0.08286,0.0828725,358.44089897131136,29.7048934
1639785600000.0,2021-12-18 00:00:00,ETH/BTC,0.0839825,0.0840075,0.0835975,0.08377,110.4939059925988,9.256074505
1639782000000.0,2021-12-17 23:00:00,ETH/BTC,0.0838125,0.0840075,0.083575,0.0839825,42.33621168100497,3.5555008975
1639778400000.0,2021-12-17 22:00:00,ETH/BTC,0.0833575,0.083975,0.0832,0.0838125,295.70847668903804,24.7840667025
1639774800000.0,2021-12-17 21:00:00,ETH/BTC,0.0832475,0.0838,0.0831625,0.0833575,641.8032414899678,53.4991137025
1639771200000.0,2021-12-17 20:00:00,ETH/BTC,0.0830175,0.083335,0.0830175,0.08325,442.6927539039039,36.8541717625
1639767600000.0,2021-12-17 19:00:00,ETH/BTC,0.083075,0.0832475,0.082955,0.0830175,235.6904385521125,19.5664309825
1639764000000.0,2021-12-17 18:00:00,ETH/BTC,0.082505,0.083165,0.0824975,0.0830725,634.3452395798851,52.696644915
1639760400000.0,2021-12-17 17:00:00,ETH/BTC,0.0830375,0.08308,0.08238,0.082505,675.3050292406522,55.7160414375
1639756800000.0,2021-12-17 16:00:00,ETH/BTC,0.0823875,0.0833925,0.0823875,0.0830375,730.9046211350293,60.6924924775
1639753200000.0,2021-12-17 15:00:00,ETH/BTC,0.081305,0.0828,0.080865,0.0823875,623.1463135184342,51.339466905
1639749600000.0,2021-12-17 14:00:00,ETH/BTC,0.08133,0.08133,0.0804625,0.081305,639.2867710780395,51.9772109225
1639746000000.0,2021-12-17 13:00:00,ETH/BTC,0.08127,0.0813475,0.081,0.0813225,59.43964591595192,4.833780605
1639742400000.0,2021-12-17 12:00:00,ETH/BTC,0.081365,0.08143,0.08089,0.08127,224.64483727082563,18.256885925
1639738800000.0,2021-12-17 11:00:00,ETH/BTC,0.081375,0.0815575,0.0812225,0.0813625,1577.7623758795514,128.3706913075
1639735200000.0,2021-12-17 10:00:00,ETH/BTC,0.0821575,0.0821575,0.0813425,0.081375,559.9794993855606,45.5683317625
1639731600000.0,2021-12-17 09:00:00,ETH/BTC,0.08253,0.08253,0.0820975,0.0821575,134.53078608161155,11.0527130575
1639728000000.0,2021-12-17 08:00:00,ETH/BTC,0.0825875,0.0826825,0.0824625,0.08253,485.34935362898335,40.055882155
1639724400000.0,2021-12-17 07:00:00,ETH/BTC,0.08299,0.083065,0.08227,0.0825875,532.0548531557439,43.941080185
1639720800000.0,2021-12-17 06:00:00,ETH/BTC,0.0829875,0.0831525,0.08285,0.08299,139.32717622605134,11.562762355
1639717200000.0,2021-12-17 05:00:00,ETH/BTC,0.08304,0.08304,0.082735,0.0829875,94.49852851333031,7.842196635
1639713600000.0,2021-12-17 04:00:00,ETH/BTC,0.0830375,0.0832925,0.083015,0.08304,412.99699635717724,34.2952705775
1639710000000.0,2021-12-17 03:00:00,ETH/BTC,0.08317,0.08317,0.0829425,0.0830375,261.44081207285865,21.7093914325
1639706400000.0,2021-12-17 02:00:00,ETH/BTC,0.08325,0.08325,0.0829,0.08317,663.6805983527714,55.198315365
1639702800000.0,2021-12-17 01:00:00,ETH/BTC,0.08326,0.0832775,0.083085,0.08325,274.2713633033033,22.833090995
1639699200000.0,2021-12-17 00:00:00,ETH/BTC,0.0830925,0.083285,0.0828925,0.08326,286.5774926435263,23.8604420375
1639695600000.0,2021-12-16 23:00:00,ETH/BTC,0.08384,0.0839125,0.0830575,0.0830925,734.991820832205,61.0723078725
1639692000000.0,2021-12-16 22:00:00,ETH/BTC,0.0837975,0.0839925,0.083495,0.08384,205.43490404341603,17.223662355
1639688400000.0,2021-12-16 21:00:00,ETH/BTC,0.0838475,0.0839275,0.0836125,0.0837975,252.0474392434142,21.12094529
1639684800000.0,2021-12-16 20:00:00,ETH/BTC,0.0834975,0.08388,0.08349,0.0838475,195.3092684635797,16.3761938875
1639681200000.0,2021-12-16 19:00:00,ETH/BTC,0.0839,0.0839225,0.083425,0.0834975,531.9690391329082,44.418084845
1639677600000.0,2021-12-16 18:00:00,ETH/BTC,0.08393,0.0842125,0.0838,0.0839,243.9501877234803,20.46742075
1639674000000.0,2021-12-16 17:00:00,ETH/BTC,0.0841,0.08421,0.08389,0.08393,917.0071271893244,76.964408185
1639670400000.0,2021-12-16 16:00:00,ETH/BTC,0.08405,0.0848325,0.0839725,0.0841,425.36692556480386,35.77335844
1639666800000.0,2021-12-16 15:00:00,ETH/BTC,0.08378,0.08449,0.0837125,0.08405,1085.1877396192742,91.210029515
1639663200000.0,2021-12-16 14:00:00,ETH/BTC,0.083245,0.084095,0.083225,0.08378,769.2970859095251,64.4517098575
1639659600000.0,2021-12-16 13:00:00,ETH/BTC,0.082805,0.0835975,0.082775,0.083245,1103.360281428314,91.8492266275
1639656000000.0,2021-12-16 12:00:00,ETH/BTC,0.0827175,0.0829925,0.0826725,0.082805,119.063520952841,9.8590548525
1639652400000.0,2021-12-16 11:00:00,ETH/BTC,0.08243,0.0828325,0.0822125,0.0827175,504.74326545168805,41.75110106
1639648800000.0,2021-12-16 10:00:00,ETH/BTC,0.0826125,0.082645,0.0822525,0.08243,398.45409541429086,32.844571085
1639645200000.0,2021-12-16 09:00:00,ETH/BTC,0.0826275,0.0827575,0.08258,0.0826125,460.4063304584657,38.035317975
1639641600000.0,2021-12-16 08:00:00,ETH/BTC,0.0825625,0.0827025,0.08253,0.0826275,494.01253765392875,40.819020955
1639638000000.0,2021-12-16 07:00:00,ETH/BTC,0.0822625,0.0827,0.082215,0.0825625,250.73521680545042,20.7013263375
1639634400000.0,2021-12-16 06:00:00,ETH/BTC,0.0821525,0.0822625,0.082,0.0822625,57.665871752013366,4.743738775
1639630800000.0,2021-12-16 05:00:00,ETH/BTC,0.082255,0.0825025,0.0821525,0.0821525,181.96437789476886,14.948828555
1639627200000.0,2021-12-16 04:00:00,ETH/BTC,0.0823125,0.0824375,0.0821275,0.082255,70.31056896237311,5.78339585
1639623600000.0,2021-12-16 03:00:00,ETH/BTC,0.0822425,0.0825175,0.08216,0.0823125,518.0100312224753,42.638700695
1639620000000.0,2021-12-16 02:00:00,ETH/BTC,0.0826125,0.08264,0.08224,0.0822425,404.3034740249871,33.2509284625
1639616400000.0,2021-12-16 01:00:00,ETH/BTC,0.08242,0.082835,0.0823475,0.0826125,486.56950494779846,40.1967232275
1639612800000.0,2021-12-16 00:00:00,ETH/BTC,0.082255,0.0826525,0.082255,0.08242,923.1026243023539,76.082118295
1639609200000.0,2021-12-15 23:00:00,ETH/BTC,0.08208,0.08251,0.082075,0.082255,460.91530405446485,37.912588335
1639605600000.0,2021-12-15 22:00:00,ETH/BTC,0.0826125,0.0827125,0.0820175,0.08208,867.4801432443957,71.2027701575
1639602000000.0,2021-12-15 21:00:00,ETH/BTC,0.0824,0.0831425,0.082375,0.08261,364.43355786224424,30.105856215
1639598400000.0,2021-12-15 20:00:00,ETH/BTC,0.0815775,0.0828875,0.081565,0.0824,1969.0336557342232,162.2483732325
1639594800000.0,2021-12-15 19:00:00,ETH/BTC,0.0796525,0.0816475,0.079515,0.0815775,3114.3012555545342,254.056910675
1639591200000.0,2021-12-15 18:00:00,ETH/BTC,0.07918,0.0801,0.0791475,0.07965,500.7886316698054,39.8878145125
1639587600000.0,2021-12-15 17:00:00,ETH/BTC,0.07905,0.079245,0.0787725,0.07918,136.6298224930538,10.818349345
1639584000000.0,2021-12-15 16:00:00,ETH/BTC,0.078425,0.0790525,0.0783,0.07905,449.0597542694498,35.498173575
1639580400000.0,2021-12-15 15:00:00,ETH/BTC,0.07975,0.079795,0.0784175,0.0784275,1234.6106325906092,96.8274253875
1639576800000.0,2021-12-15 14:00:00,ETH/BTC,0.0801725,0.0801725,0.079705,0.07975,240.46608448275862,19.1771702375
1639573200000.0,2021-12-15 13:00:00,ETH/BTC,0.08006,0.0803425,0.08005,0.0801725,298.53427456422094,23.9342391275
1639569600000.0,2021-12-15 12:00:00,ETH/BTC,0.0800325,0.0802825,0.07992,0.08006,439.91787852860347,35.219825355
1639566000000.0,2021-12-15 11:00:00,ETH/BTC,0.080055,0.0802175,0.0799175,0.080035,152.61032704441809,12.214167525
1639562400000.0,2021-12-15 10:00:00,ETH/BTC,0.0799975,0.080125,0.07978,0.080055,215.89861876210105,17.283763925
1639558800000.0,2021-12-15 09:00:00,ETH/BTC,0.0800775,0.0800825,0.0799325,0.0799975,209.26604450139067,16.740760395
1639555200000.0,2021-12-15 08:00:00,ETH/BTC,0.080175,0.0802625,0.0798275,0.0800775,186.75788823327403,14.955104795
1639551600000.0,2021-12-15 07:00:00,ETH/BTC,0.08017,0.08028,0.0800175,0.080175,500.07382397879644,40.0934188375
1639548000000.0,2021-12-15 06:00:00,ETH/BTC,0.080035,0.0803175,0.07998,0.08017,74.88063059748035,6.003180155
1639544400000.0,2021-12-15 05:00:00,ETH/BTC,0.079975,0.0801625,0.079735,0.080035,364.5354251577435,29.1755927525
1639540800000.0,2021-12-15 04:00:00,ETH/BTC,0.07973,0.0804125,0.0795325,0.079975,222.3559485776805,17.7829169875
1639537200000.0,2021-12-15 03:00:00,ETH/BTC,0.079725,0.079775,0.0796,0.07973,194.670483067854,15.521077615
1639533600000.0,2021-12-15 02:00:00,ETH/BTC,0.0798,0.07984,0.0795225,0.079725,340.4134376293509,27.139461315
1639530000000.0,2021-12-15 01:00:00,ETH/BTC,0.0799675,0.079985,0.0795225,0.0798,653.8281339285714,52.1754850875
1639526400000.0,2021-12-15 00:00:00,ETH/BTC,0.07984,0.08028,0.079715,0.0799675,508.00121683809056,40.6235873075
1639522800000.0,2021-12-14 23:00:00,ETH/BTC,0.07954,0.080005,0.07937,0.07984,335.5241538389279,26.7882484425
1639519200000.0,2021-12-14 22:00:00,ETH/BTC,0.0797775,0.0798,0.079435,0.07954,574.8107321159166,45.7204456325
1639515600000.0,2021-12-14 21:00:00,ETH/BTC,0.0802325,0.0803,0.07965,0.0797775,767.4138317508069,61.2223569625
1639512000000.0,2021-12-14 20:00:00,ETH/BTC,0.0804825,0.08076,0.0801025,0.0802325,387.64436905244133,31.10167684
1639508400000.0,2021-12-14 19:00:00,ETH/BTC,0.080355,0.0805275,0.080235,0.0804825,154.74073857670922,12.4539214925
1639504800000.0,2021-12-14 18:00:00,ETH/BTC,0.0806725,0.08071,0.08016,0.080355,163.09638221019227,13.1056097925
1639501200000.0,2021-12-14 17:00:00,ETH/BTC,0.0805775,0.0808725,0.08055,0.0806725,274.1658620657597,22.1176455075
1639497600000.0,2021-12-14 16:00:00,ETH/BTC,0.0808075,0.0809,0.0804625,0.0805775,211.6184555241848,17.0516861
1639494000000.0,2021-12-14 15:00:00,ETH/BTC,0.0807625,0.0809,0.0805425,0.0808075,258.49601618042874,20.8884168275
1639490400000.0,2021-12-14 14:00:00,ETH/BTC,0.0804575,0.080765,0.0803825,0.0807625,409.6499986998917,33.08435802
1639486800000.0,2021-12-14 13:00:00,ETH/BTC,0.0805,0.080665,0.0802325,0.0804575,254.64769334741945,20.4883167875
1639483200000.0,2021-12-14 12:00:00,ETH/BTC,0.08065,0.080785,0.08041,0.0805,410.34532462732915,33.0327986325
1639479600000.0,2021-12-14 11:00:00,ETH/BTC,0.080615,0.08072,0.08027,0.08065,545.4112365468072,43.9874162275
1639476000000.0,2021-12-14 10:00:00,ETH/BTC,0.08045,0.08072,0.08029,0.080615,353.16249649568937,28.470194655
1639472400000.0,2021-12-14 09:00:00,ETH/BTC,0.080455,0.0804975,0.080255,0.08045,391.71006724673714,31.51307491
1639468800000.0,2021-12-14 08:00:00,ETH/BTC,0.0805225,0.080855,0.08037,0.080455,2456.1807533093033,197.6120225075
1639465200000.0,2021-12-14 07:00:00,ETH/BTC,0.07984,0.0805225,0.07984,0.0805225,1270.1540143748641,102.2759766225
1639461600000.0,2021-12-14 06:00:00,ETH/BTC,0.0799975,0.0802225,0.07948,0.07984,845.9449995616234,67.540248765
1639458000000.0,2021-12-14 05:00:00,ETH/BTC,0.080275,0.0804025,0.0799525,0.0799975,185.28438894965467,14.822287905
1639454400000.0,2021-12-14 04:00:00,ETH/BTC,0.0803975,0.0805275,0.0802375,0.080275,160.79547545935847,12.9078567925
1639450800000.0,2021-12-14 03:00:00,ETH/BTC,0.0804075,0.0806875,0.0798,0.0803975,347.58004794925216,27.944566905
1639447200000.0,2021-12-14 02:00:00,ETH/BTC,0.08071,0.08073,0.080315,0.0804075,121.30382069458693,9.7537369625
1639443600000.0,2021-12-14 01:00:00,ETH/BTC,0.0811875,0.0812375,0.08071,0.08071,198.54798466732746,16.0248078425
1639440000000.0,2021-12-14 00:00:00,ETH/BTC,0.081,0.0815725,0.081,0.0811875,500.0216385527329,40.59550678
1639436400000.0,2021-12-13 23:00:00,ETH/BTC,0.0809525,0.0811975,0.0808,0.081,573.0584487654321,46.41773435
1639432800000.0,2021-12-13 22:00:00,ETH/BTC,0.0805275,0.0810275,0.08021,0.0809525,347.0525677712239,28.0947729925
1639429200000.0,2021-12-13 21:00:00,ETH/BTC,0.08053,0.080635,0.080115,0.0805275,493.6320603830989,39.7509557425
1639425600000.0,2021-12-13 20:00:00,ETH/BTC,0.08058,0.0808175,0.080155,0.08053,581.4593075872345,46.82491804
1639422000000.0,2021-12-13 19:00:00,ETH/BTC,0.0806275,0.0807325,0.0798475,0.08058,2080.9202455323903,167.680553385
1639418400000.0,2021-12-13 18:00:00,ETH/BTC,0.0805575,0.080695,0.0803025,0.0806275,902.9668953210753,72.8039633525
1639414800000.0,2021-12-13 17:00:00,ETH/BTC,0.080805,0.0809625,0.08038,0.0805575,432.1620268441796,34.8138924775
1639411200000.0,2021-12-13 16:00:00,ETH/BTC,0.08062,0.0809025,0.0802,0.080805,1284.0781634490438,103.7599359975
1639407600000.0,2021-12-13 15:00:00,ETH/BTC,0.08176,0.0818475,0.0800675,0.08062,2036.1138726122551,164.15150041
1639404000000.0,2021-12-13 14:00:00,ETH/BTC,0.082075,0.0823225,0.081545,0.08176,610.883189946184,49.94580961
1639400400000.0,2021-12-13 13:00:00,ETH/BTC,0.0821275,0.082415,0.0819675,0.082075,309.40784925373134,25.3946492275
1639396800000.0,2021-12-13 12:00:00,ETH/BTC,0.082135,0.0822375,0.081835,0.0821275,403.781572493988,33.161571095
1639393200000.0,2021-12-13 11:00:00,ETH/BTC,0.0820575,0.0822775,0.0820125,0.082135,298.26144183356666,24.497703525
1639389600000.0,2021-12-13 10:00:00,ETH/BTC,0.08185,0.0821275,0.08175,0.0820575,537.8298852938487,44.1329758125
1639386000000.0,2021-12-13 09:00:00,ETH/BTC,0.082005,0.0820225,0.0817525,0.08185,357.30766157605376,29.2456321
1639382400000.0,2021-12-13 08:00:00,ETH/BTC,0.08181,0.082115,0.081715,0.082005,599.3768176025852,49.1518959275
1639378800000.0,2021-12-13 07:00:00,ETH/BTC,0.081515,0.0820375,0.081495,0.08181,307.9130686957585,25.19036815
1639375200000.0,2021-12-13 06:00:00,ETH/BTC,0.08203,0.08203,0.0811725,0.0815075,319.4255539367543,26.0355783375
1639371600000.0,2021-12-13 05:00:00,ETH/BTC,0.0819425,0.0821325,0.0815675,0.08203,646.1888951298305,53.0068750675
1639368000000.0,2021-12-13 04:00:00,ETH/BTC,0.081745,0.08203,0.08174,0.0819425,152.33218226195197,12.482479845
1639364400000.0,2021-12-13 03:00:00,ETH/BTC,0.081635,0.0817525,0.0815325,0.081745,189.1011830998838,15.4580762125
1639360800000.0,2021-12-13 02:00:00,ETH/BTC,0.0816475,0.0818175,0.0815325,0.081635,253.10094117106632,20.6618953325
1639357200000.0,2021-12-13 01:00:00,ETH/BTC,0.0819625,0.0819625,0.08118,0.0816475,800.5248790226278,65.36085506
1639353600000.0,2021-12-13 00:00:00,ETH/BTC,0.0825175,0.082555,0.0818075,0.0819625,392.79413558029586,32.1943893375
1639350000000.0,2021-12-12 23:00:00,ETH/BTC,0.0826025,0.0828525,0.0825,0.0825175,998.9369726118703,82.4297816375
1639346400000.0,2021-12-12 22:00:00,ETH/BTC,0.08256,0.0827325,0.0824425,0.082605,379.5857835179469,31.3556836475
1639342800000.0,2021-12-12 21:00:00,ETH/BTC,0.0825,0.08265,0.082415,0.08256,246.79381540697676,20.3752974
1639339200000.0,2021-12-12 20:00:00,ETH/BTC,0.08245,0.082635,0.08244,0.0825,307.7840195151515,25.39218161
1639335600000.0,2021-12-12 19:00:00,ETH/BTC,0.08223,0.082655,0.082225,0.08245,495.75699563371745,40.87516429
1639332000000.0,2021-12-12 18:00:00,ETH/BTC,0.0812775,0.0823125,0.08118,0.08223,388.0392298127204,31.9084658675
1639328400000.0,2021-12-12 17:00:00,ETH/BTC,0.081085,0.0815825,0.0809875,0.0812775,678.7214250868936,55.1647806275
1639324800000.0,2021-12-12 16:00:00,ETH/BTC,0.0811025,0.0812725,0.0809775,0.081085,185.25110599987667,15.02108593
1639321200000.0,2021-12-12 15:00:00,ETH/BTC,0.081145,0.08122,0.08099,0.0811025,278.7415526340125,22.6066367725
1639317600000.0,2021-12-12 14:00:00,ETH/BTC,0.081205,0.081335,0.0810675,0.081145,297.9282152628012,24.1753850275
1639314000000.0,2021-12-12 13:00:00,ETH/BTC,0.0814875,0.0815625,0.0811375,0.081215,393.0014659853475,31.91761406
1639310400000.0,2021-12-12 12:00:00,ETH/BTC,0.082185,0.0822275,0.0814575,0.0814875,365.57539865009966,29.7898252975
1639306800000.0,2021-12-12 11:00:00,ETH/BTC,0.082,0.082335,0.08195,0.082185,74.89499933077813,6.15524552
1639303200000.0,2021-12-12 10:00:00,ETH/BTC,0.082025,0.082115,0.0819075,0.082,66.92500304878048,5.48785025
1639299600000.0,2021-12-12 09:00:00,ETH/BTC,0.081905,0.08214,0.0817675,0.082025,252.73023770192015,20.7301977475
1639296000000.0,2021-12-12 08:00:00,ETH/BTC,0.082265,0.0822825,0.08165,0.081905,325.22506498382273,26.6375589475
1639292400000.0,2021-12-12 07:00:00,ETH/BTC,0.082475,0.0825125,0.08221,0.082265,78.19355491399745,6.432592795
1639288800000.0,2021-12-12 06:00:00,ETH/BTC,0.0824225,0.0825875,0.0824125,0.082475,59.04997602303728,4.8701467725
1639285200000.0,2021-12-12 05:00:00,ETH/BTC,0.0821425,0.0825375,0.0821425,0.0824225,122.93490597227698,10.1326022875
1639281600000.0,2021-12-12 04:00:00,ETH/BTC,0.0820175,0.0821875,0.081995,0.0821425,144.97760839394957,11.9088231975
1639278000000.0,2021-12-12 03:00:00,ETH/BTC,0.0822325,0.0822775,0.0820025,0.0820175,86.72258121742311,7.112769305
1639274400000.0,2021-12-12 02:00:00,ETH/BTC,0.082055,0.082255,0.082,0.0822325,98.47817696774389,8.0981066875
1639270800000.0,2021-12-12 01:00:00,ETH/BTC,0.0823,0.082375,0.082015,0.082055,197.90705185546278,16.23926314
1639267200000.0,2021-12-12 00:00:00,ETH/BTC,0.0827875,0.0828425,0.0822075,0.0823,346.822479708384,28.54349008
1639263600000.0,2021-12-11 23:00:00,ETH/BTC,0.0824025,0.082995,0.0820975,0.08278,258.08119817588783,21.363961585
1639260000000.0,2021-12-11 22:00:00,ETH/BTC,0.082535,0.0829425,0.082275,0.0824025,120.06873046934255,9.8939635625
1639256400000.0,2021-12-11 21:00:00,ETH/BTC,0.08267,0.0827575,0.082045,0.082535,492.81917507723995,40.674830615
1639252800000.0,2021-12-11 20:00:00,ETH/BTC,0.0827,0.0828725,0.08267,0.08267,104.82683098463774,8.6660341175
1639249200000.0,2021-12-11 19:00:00,ETH/BTC,0.0829325,0.08298,0.082665,0.0827,62.00372944377267,5.127708425
1639245600000.0,2021-12-11 18:00:00,ETH/BTC,0.083055,0.0830925,0.0827925,0.0829325,74.15515699514665,6.1498725575
1639242000000.0,2021-12-11 17:00:00,ETH/BTC,0.0831725,0.0833875,0.082885,0.083055,655.4312343326711,54.4368411675
1639238400000.0,2021-12-11 16:00:00,ETH/BTC,0.0832525,0.083325,0.0830275,0.0831725,137.97729051068563,11.475916195
1639234800000.0,2021-12-11 15:00:00,ETH/BTC,0.0831425,0.0833025,0.082975,0.0832525,75.80739503318219,6.311155155
1639231200000.0,2021-12-11 14:00:00,ETH/BTC,0.08294,0.0831975,0.08285,0.0831425,80.14661469765764,6.6635899125
1639227600000.0,2021-12-11 13:00:00,ETH/BTC,0.08324,0.0832825,0.08285,0.08294,88.1324315167591,7.30970387
1639224000000.0,2021-12-11 12:00:00,ETH/BTC,0.08321,0.0833725,0.083115,0.08324,85.50418614848631,7.117368455
1639220400000.0,2021-12-11 11:00:00,ETH/BTC,0.0830975,0.08326,0.0828725,0.08321,218.72110653767575,18.199783275
1639216800000.0,2021-12-11 10:00:00,ETH/BTC,0.0826975,0.0832425,0.08266,0.0830975,101.56148798098619,8.4395057475
1639213200000.0,2021-12-11 09:00:00,ETH/BTC,0.0830275,0.0830825,0.082515,0.0826975,609.8390056833641,50.4321611725
1639209600000.0,2021-12-11 08:00:00,ETH/BTC,0.08281,0.083795,0.0827775,0.0830275,476.3123456686037,39.54702328
1639206000000.0,2021-12-11 07:00:00,ETH/BTC,0.0824275,0.08285,0.0822625,0.08281,678.911146238377,56.22063202
1639202400000.0,2021-12-11 06:00:00,ETH/BTC,0.08339,0.083435,0.08231,0.0824275,661.9330107973674,54.5614832475
1639198800000.0,2021-12-11 05:00:00,ETH/BTC,0.0831,0.08339,0.083005,0.08339,137.73994414797937,11.4861339425
1639195200000.0,2021-12-11 04:00:00,ETH/BTC,0.083005,0.08333,0.0829875,0.0831,65.28192400722023,5.424927885
1639191600000.0,2021-12-11 03:00:00,ETH/BTC,0.08271,0.08305,0.082585,0.083005,61.409666947774234,5.097309405
1639188000000.0,2021-12-11 02:00:00,ETH/BTC,0.0828225,0.083,0.0825125,0.08271,231.78497856970134,19.1709355775
1639184400000.0,2021-12-11 01:00:00,ETH/BTC,0.0825075,0.082965,0.082355,0.0828225,255.20800437683,21.1369649425
1639180800000.0,2021-12-11 00:00:00,ETH/BTC,0.082705,0.08276,0.08155,0.0825075,979.369811653486,80.805354735
1639177200000.0,2021-12-10 23:00:00,ETH/BTC,0.08332,0.0833225,0.0822,0.082705,323.37238752191524,26.74451331
1639173600000.0,2021-12-10 22:00:00,ETH/BTC,0.08334,0.08339,0.082895,0.08332,100.54171777484396,8.377135925
1639170000000.0,2021-12-10 21:00:00,ETH/BTC,0.08365,0.083695,0.0832325,0.08334,203.88603572714183,16.9918622175
1639166400000.0,2021-12-10 20:00:00,ETH/BTC,0.0835,0.08365,0.083265,0.08365,145.03183897190675,12.13191333
1639162800000.0,2021-12-10 19:00:00,ETH/BTC,0.08328,0.0836925,0.0832325,0.0835,145.37625943113773,12.1389176625
1639159200000.0,2021-12-10 18:00:00,ETH/BTC,0.0831975,0.083355,0.0829425,0.08328,604.3300353326129,50.3286053425
1639155600000.0,2021-12-10 17:00:00,ETH/BTC,0.0836475,0.0836925,0.0828825,0.0831975,426.7848772499174,35.507434825
1639152000000.0,2021-12-10 16:00:00,ETH/BTC,0.0838425,0.0839375,0.08338,0.0836475,418.84820792611856,35.0356054725
1639148400000.0,2021-12-10 15:00:00,ETH/BTC,0.0835225,0.08422,0.0833275,0.0838425,830.5971902972836,69.6393449275
1639144800000.0,2021-12-10 14:00:00,ETH/BTC,0.0847375,0.08475,0.0832325,0.0835225,1208.4326664371877,100.9313173825
1639141200000.0,2021-12-10 13:00:00,ETH/BTC,0.084955,0.084955,0.0842625,0.0847375,513.0929903820622,43.4782172725
1639137600000.0,2021-12-10 12:00:00,ETH/BTC,0.0853275,0.0854,0.08481,0.084955,272.6239351127067,23.1607664075
1639134000000.0,2021-12-10 11:00:00,ETH/BTC,0.084855,0.0856225,0.08468,0.0853275,236.72169441270398,20.19887038
1639130400000.0,2021-12-10 10:00:00,ETH/BTC,0.0848075,0.0851875,0.08478,0.084855,104.69561475458134,8.88394639
1639126800000.0,2021-12-10 09:00:00,ETH/BTC,0.084735,0.084835,0.08459,0.0848075,412.0727249948413,34.946857625
1639123200000.0,2021-12-10 08:00:00,ETH/BTC,0.0845075,0.0849125,0.0843525,0.084735,936.4224618811589,79.3477573075
1639119600000.0,2021-12-10 07:00:00,ETH/BTC,0.085045,0.085045,0.08448,0.0845075,774.3677511759311,65.4398827325
1639116000000.0,2021-12-10 06:00:00,ETH/BTC,0.0854175,0.08561,0.08461,0.085045,674.1525459462638,57.33330327
1639112400000.0,2021-12-10 05:00:00,ETH/BTC,0.085665,0.085705,0.08533,0.0854175,431.35306693593236,36.845100595
1639108800000.0,2021-12-10 04:00:00,ETH/BTC,0.0856025,0.085815,0.085515,0.085665,297.3604407867857,25.47338216
1639105200000.0,2021-12-10 03:00:00,ETH/BTC,0.0858375,0.085885,0.0855375,0.0856025,91.75020925206624,7.8540472875
1639101600000.0,2021-12-10 02:00:00,ETH/BTC,0.085855,0.086125,0.0855175,0.0858375,223.2360400174749,19.162023585
1639098000000.0,2021-12-10 01:00:00,ETH/BTC,0.085755,0.0861025,0.08567,0.085855,455.33664230388445,39.092927425
1639094400000.0,2021-12-10 00:00:00,ETH/BTC,0.08631,0.08662,0.085745,0.085755,752.3720110780713,64.51966181
1639090800000.0,2021-12-09 23:00:00,ETH/BTC,0.08689,0.086995,0.086305,0.08631,288.72994736994553,24.9202817575
1639087200000.0,2021-12-09 22:00:00,ETH/BTC,0.086825,0.087035,0.08669,0.08689,463.3241357463459,40.258234155
1639083600000.0,2021-12-09 21:00:00,ETH/BTC,0.08648,0.08692,0.0863675,0.086825,312.00236475669453,27.08960532
1639080000000.0,2021-12-09 20:00:00,ETH/BTC,0.086605,0.08664,0.0860875,0.08648,277.309624653099,23.98173634
1639076400000.0,2021-12-09 19:00:00,ETH/BTC,0.08639,0.08689,0.0862825,0.086605,169.7650139714797,14.702499035
1639072800000.0,2021-12-09 18:00:00,ETH/BTC,0.086415,0.08651,0.086,0.08639,568.8220625072346,49.14053798
1639069200000.0,2021-12-09 17:00:00,ETH/BTC,0.0866825,0.0869,0.0862225,0.086415,278.4019991899554,24.05810876
1639065600000.0,2021-12-09 16:00:00,ETH/BTC,0.086715,0.08688,0.086485,0.0866825,125.95840498370491,10.91838944
1639062000000.0,2021-12-09 15:00:00,ETH/BTC,0.087175,0.08728,0.08608,0.0867175,1347.528205754317,116.8542771825
1639058400000.0,2021-12-09 14:00:00,ETH/BTC,0.0871325,0.08741,0.087065,0.087175,418.5829527960998,36.48996891
1639054800000.0,2021-12-09 13:00:00,ETH/BTC,0.0871925,0.087305,0.0870225,0.0871325,122.04393237310993,10.6339929375
1639051200000.0,2021-12-09 12:00:00,ETH/BTC,0.08756,0.087575,0.0871075,0.0871925,200.70149382114286,17.499665
1639047600000.0,2021-12-09 11:00:00,ETH/BTC,0.0874725,0.08763,0.0873,0.08756,127.33819363864778,11.149732235
1639044000000.0,2021-12-09 10:00:00,ETH/BTC,0.087695,0.0876975,0.0873,0.0874725,169.63805764668896,14.8386649975
1639040400000.0,2021-12-09 09:00:00,ETH/BTC,0.0877675,0.08783,0.087345,0.087695,506.684957523234,44.43373735
1639036800000.0,2021-12-09 08:00:00,ETH/BTC,0.087575,0.08781,0.087275,0.0877675,298.8419045774347,26.22860686
1639033200000.0,2021-12-09 07:00:00,ETH/BTC,0.088245,0.0884,0.08753,0.0875725,646.0361407690771,56.5749999375
1639029600000.0,2021-12-09 06:00:00,ETH/BTC,0.0878875,0.0883825,0.0877375,0.088245,858.0764770808544,75.72095872
1639026000000.0,2021-12-09 05:00:00,ETH/BTC,0.0881425,0.0881475,0.0878875,0.0878875,175.86852410752383,15.4566449125
1639022400000.0,2021-12-09 04:00:00,ETH/BTC,0.0880225,0.0881925,0.0879875,0.0881425,35.98191794537255,3.1715362025
1639018800000.0,2021-12-09 03:00:00,ETH/BTC,0.08811,0.0882,0.087975,0.0880225,104.55594762702717,9.2032759
1639015200000.0,2021-12-09 02:00:00,ETH/BTC,0.08787,0.08819,0.08767,0.08811,217.87919225967545,19.19733563
1639011600000.0,2021-12-09 01:00:00,ETH/BTC,0.0879625,0.08806,0.087695,0.08787,455.1508177136679,39.9941023525
1639008000000.0,2021-12-09 00:00:00,ETH/BTC,0.0879075,0.08836,0.0878325,0.0879625,322.1628753730283,28.338251925
1639004400000.0,2021-12-08 23:00:00,ETH/BTC,0.087425,0.087945,0.0871725,0.0879075,384.94940426015984,33.839939755
1639000800000.0,2021-12-08 22:00:00,ETH/BTC,0.087285,0.0875025,0.0871175,0.087425,211.03608452959682,18.44982969
1638997200000.0,2021-12-08 21:00:00,ETH/BTC,0.086985,0.087305,0.086835,0.087285,202.25302377269864,17.65365518
1638993600000.0,2021-12-08 20:00:00,ETH/BTC,0.08687,0.0871325,0.0868125,0.086985,456.25952267632346,39.68773458
1638990000000.0,2021-12-08 19:00:00,ETH/BTC,0.08701,0.0871075,0.0865275,0.08687,793.7520044031311,68.9532366225
1638986400000.0,2021-12-08 18:00:00,ETH/BTC,0.08706,0.0872775,0.08698,0.08701,339.09647270428684,29.50478409
1638982800000.0,2021-12-08 17:00:00,ETH/BTC,0.08738,0.08741,0.0869975,0.08706,324.6546623018608,28.2644349
1638979200000.0,2021-12-08 16:00:00,ETH/BTC,0.0869525,0.087395,0.0869,0.08738,339.2925975623712,29.647387175
1638975600000.0,2021-12-08 15:00:00,ETH/BTC,0.08693,0.087215,0.08684,0.0869525,188.15382444438058,16.36044542
1638972000000.0,2021-12-08 14:00:00,ETH/BTC,0.0875375,0.0880875,0.0868925,0.08693,732.7262302714829,63.6958911975
1638968400000.0,2021-12-08 13:00:00,ETH/BTC,0.0871,0.0875575,0.0870525,0.0875375,349.5054277880908,30.594831385
1638964800000.0,2021-12-08 12:00:00,ETH/BTC,0.0867325,0.087165,0.08651,0.0871,525.3350904707233,45.75668638
1638961200000.0,2021-12-08 11:00:00,ETH/BTC,0.086735,0.08685,0.0864875,0.0867325,1563.8580202346293,135.63731574
1638957600000.0,2021-12-08 10:00:00,ETH/BTC,0.086185,0.0868525,0.0861775,0.086735,376.6071648411829,32.6650224425
1638954000000.0,2021-12-08 09:00:00,ETH/BTC,0.086605,0.08681,0.086185,0.086185,204.44333938620412,17.619949205
1638950400000.0,2021-12-08 08:00:00,ETH/BTC,0.08651,0.086645,0.0864275,0.086605,412.89362014317874,35.7586519725
1638946800000.0,2021-12-08 07:00:00,ETH/BTC,0.0863025,0.0865325,0.086095,0.08651,59.67543671251878,5.16252203
1638943200000.0,2021-12-08 06:00:00,ETH/BTC,0.0858075,0.086455,0.0857225,0.0863025,320.2660540830219,27.6397611325
1638939600000.0,2021-12-08 05:00:00,ETH/BTC,0.085975,0.086055,0.08575,0.0858075,109.33823730443144,9.3820407975
1638936000000.0,2021-12-08 04:00:00,ETH/BTC,0.085715,0.08598,0.0857125,0.085975,230.31764885141033,19.80155986
1638932400000.0,2021-12-08 03:00:00,ETH/BTC,0.08529,0.0857825,0.085155,0.085715,152.53653418304847,13.0746690275
1638928800000.0,2021-12-08 02:00:00,ETH/BTC,0.08552,0.085595,0.085275,0.08529,96.65141962715441,8.24339958
1638925200000.0,2021-12-08 01:00:00,ETH/BTC,0.0853225,0.0856275,0.0852,0.08552,89.70871167563143,7.6718890225
1638921600000.0,2021-12-08 00:00:00,ETH/BTC,0.0851075,0.08572,0.08504,0.0853225,144.58972814908142,12.33675708
1638918000000.0,2021-12-07 23:00:00,ETH/BTC,0.0849625,0.085175,0.08487,0.0851075,54.56153717357459,4.643596025
1638914400000.0,2021-12-07 22:00:00,ETH/BTC,0.0849475,0.085225,0.0848625,0.0849625,68.5779088127115,5.8265505775
1638910800000.0,2021-12-07 21:00:00,ETH/BTC,0.084965,0.0851925,0.0847775,0.0849475,89.03362379705112,7.5631837575
1638907200000.0,2021-12-07 20:00:00,ETH/BTC,0.084765,0.085095,0.08473,0.084965,112.43639169069617,9.55315802
1638903600000.0,2021-12-07 19:00:00,ETH/BTC,0.0847125,0.0848125,0.084455,0.084765,144.19454966672566,12.2226510025
1638900000000.0,2021-12-07 18:00:00,ETH/BTC,0.0847475,0.084805,0.08451,0.0847125,190.62935791648223,16.1486894825
1638896400000.0,2021-12-07 17:00:00,ETH/BTC,0.08485,0.08485,0.084265,0.0847475,396.319718634768,33.587105355
1638892800000.0,2021-12-07 16:00:00,ETH/BTC,0.08481,0.0850775,0.08458,0.08485,279.4181675014732,23.7086315125
1638889200000.0,2021-12-07 15:00:00,ETH/BTC,0.085475,0.08558,0.08481,0.08481,413.4923988916401,35.06829035
1638885600000.0,2021-12-07 14:00:00,ETH/BTC,0.0852625,0.0855825,0.0852025,0.085475,1020.9277130155017,87.26379627
1638882000000.0,2021-12-07 13:00:00,ETH/BTC,0.085655,0.0857775,0.085175,0.0852625,85.77701724087376,7.3135629325
1638878400000.0,2021-12-07 12:00:00,ETH/BTC,0.085675,0.085755,0.0853575,0.085655,226.1464386492324,19.3705732025
1638874800000.0,2021-12-07 11:00:00,ETH/BTC,0.0857575,0.086075,0.0855425,0.085675,136.79214858476803,11.71966733
1638871200000.0,2021-12-07 10:00:00,ETH/BTC,0.0857125,0.0858175,0.0855975,0.0857575,30.75879229221934,2.63779713
1638867600000.0,2021-12-07 09:00:00,ETH/BTC,0.08605,0.0861575,0.0855575,0.0857125,412.9251926790142,35.3928505775
1638864000000.0,2021-12-07 08:00:00,ETH/BTC,0.0855,0.0862675,0.085495,0.08605,258.1956077280651,22.217732045
1638860400000.0,2021-12-07 07:00:00,ETH/BTC,0.0852775,0.085555,0.0852675,0.0855,160.6638584502924,13.7367598975
1638856800000.0,2021-12-07 06:00:00,ETH/BTC,0.08541,0.0854375,0.08517,0.0852775,238.26092908445955,20.31829638
1638853200000.0,2021-12-07 05:00:00,ETH/BTC,0.0853675,0.0854325,0.08521,0.08541,31.5697169827889,2.6963695275
1638849600000.0,2021-12-07 04:00:00,ETH/BTC,0.0852325,0.0853675,0.08502,0.0853675,69.10440243652444,5.899270075
1638846000000.0,2021-12-07 03:00:00,ETH/BTC,0.085155,0.0855,0.0851425,0.0852325,65.82651028070278,5.6105580375
1638842400000.0,2021-12-07 02:00:00,ETH/BTC,0.0857025,0.0857625,0.0850825,0.085155,97.68137895602138,8.318057825
1638838800000.0,2021-12-07 01:00:00,ETH/BTC,0.08577,0.0860175,0.08533,0.0857025,153.7053175811674,13.17292998
1638835200000.0,2021-12-07 00:00:00,ETH/BTC,0.086185,0.086325,0.0857525,0.08577,77.8759714935292,6.679422075
1638831600000.0,2021-12-06 23:00:00,ETH/BTC,0.08539,0.0862,0.0853625,0.086185,106.46405151708534,9.17560428
1638828000000.0,2021-12-06 22:00:00,ETH/BTC,0.0862825,0.086675,0.08539,0.08539,621.3498139126361,53.05706061
1638824400000.0,2021-12-06 21:00:00,ETH/BTC,0.0860125,0.08736,0.0859875,0.0862825,1889.8348213716572,163.059672975
1638820800000.0,2021-12-06 20:00:00,ETH/BTC,0.0854475,0.0860925,0.085345,0.0860125,339.6314156953931,29.2125471425
1638817200000.0,2021-12-06 19:00:00,ETH/BTC,0.085085,0.0855475,0.08507,0.0854475,4552.359217121624,388.987714205
1638813600000.0,2021-12-06 18:00:00,ETH/BTC,0.08526,0.085365,0.084915,0.085085,279.42011514955635,23.7744604975
1638810000000.0,2021-12-06 17:00:00,ETH/BTC,0.08483,0.0853825,0.0847975,0.08526,426.8151707717569,36.39026146
1638806400000.0,2021-12-06 16:00:00,ETH/BTC,0.0842825,0.08484,0.08395,0.08483,524.7665406695744,44.515945645
1638802800000.0,2021-12-06 15:00:00,ETH/BTC,0.0833525,0.0844025,0.08275,0.0842825,537.3340502773411,45.2878570925
1638799200000.0,2021-12-06 14:00:00,ETH/BTC,0.0837025,0.083945,0.08331,0.0833525,490.77426204972863,40.9072616775
1638795600000.0,2021-12-06 13:00:00,ETH/BTC,0.083575,0.08398,0.0835425,0.0837025,100.91655966070307,8.446968335
1638792000000.0,2021-12-06 12:00:00,ETH/BTC,0.08325,0.08388,0.0831575,0.083575,301.49042844750227,25.1970625575
1638788400000.0,2021-12-06 11:00:00,ETH/BTC,0.08315,0.08373,0.0830375,0.08325,1080.2989558858858,89.9348880775
1638784800000.0,2021-12-06 10:00:00,ETH/BTC,0.08348,0.083715,0.08275,0.08315,1059.2557056524354,88.077111925
1638781200000.0,2021-12-06 09:00:00,ETH/BTC,0.0839575,0.0841775,0.0827675,0.08348,315.7366152671299,26.3576926425
1638777600000.0,2021-12-06 08:00:00,ETH/BTC,0.0841,0.0841575,0.08322,0.0839575,601.5127619926749,50.501507715
1638774000000.0,2021-12-06 07:00:00,ETH/BTC,0.0845925,0.0845925,0.0840025,0.0841,440.94826397146255,37.083749
1638770400000.0,2021-12-06 06:00:00,ETH/BTC,0.0849375,0.0852875,0.0845925,0.0845925,576.6731553920265,48.7822238975
1638766800000.0,2021-12-06 05:00:00,ETH/BTC,0.0850575,0.085305,0.084925,0.0849375,132.08434690213392,11.218914215
1638763200000.0,2021-12-06 04:00:00,ETH/BTC,0.08504,0.0853325,0.084935,0.0850575,136.019305028951,11.5694620375
1638759600000.0,2021-12-06 03:00:00,ETH/BTC,0.0848775,0.0852425,0.0848625,0.08504,123.73740507408277,10.5226289275
1638756000000.0,2021-12-06 02:00:00,ETH/BTC,0.0848725,0.0849725,0.0847475,0.0848775,777.0789236841331,65.956516345
1638752400000.0,2021-12-06 01:00:00,ETH/BTC,0.0847425,0.08516,0.084665,0.0848725,290.59119714866415,24.66320138
1638748800000.0,2021-12-06 00:00:00,ETH/BTC,0.08495,0.0850525,0.08447,0.0847425,110.00229769596129,9.3218697125
1638745200000.0,2021-12-05 23:00:00,ETH/BTC,0.0845675,0.0851925,0.0844975,0.08495,194.49818184226018,16.5226205475
1638741600000.0,2021-12-05 22:00:00,ETH/BTC,0.0842725,0.08459,0.084085,0.0845675,140.3865836461998,11.8721424125
1638738000000.0,2021-12-05 21:00:00,ETH/BTC,0.08468,0.08482,0.08424,0.0842725,53.862129342312144,4.539096295
1638734400000.0,2021-12-05 20:00:00,ETH/BTC,0.08462,0.08491,0.08441,0.08468,783.4294808986774,66.3408084425
1638730800000.0,2021-12-05 19:00:00,ETH/BTC,0.0844875,0.084895,0.08437,0.08462,116.59935233987235,9.866637195
1638727200000.0,2021-12-05 18:00:00,ETH/BTC,0.084335,0.08474,0.08418,0.0844875,95.93791540168665,8.1055546275
1638723600000.0,2021-12-05 17:00:00,ETH/BTC,0.0847275,0.084735,0.084205,0.084335,303.3834480642675,25.5858430925
1638720000000.0,2021-12-05 16:00:00,ETH/BTC,0.0848875,0.085025,0.0845475,0.0847275,248.85951957746894,21.085244945
1638716400000.0,2021-12-05 15:00:00,ETH/BTC,0.084605,0.0849325,0.08393,0.0848875,1389.9882756589604,117.99262975
1638712800000.0,2021-12-05 14:00:00,ETH/BTC,0.0852325,0.0853575,0.0844825,0.084605,453.11322220908926,38.335644165
1638709200000.0,2021-12-05 13:00:00,ETH/BTC,0.085705,0.08573,0.0852325,0.0852325,92.0854568973103,7.848673705
1638705600000.0,2021-12-05 12:00:00,ETH/BTC,0.0851875,0.085805,0.0851,0.085705,237.3338752698209,20.34069978
1638702000000.0,2021-12-05 11:00:00,ETH/BTC,0.08514,0.085415,0.085135,0.0851875,83.64322679383713,7.1253573825
1638698400000.0,2021-12-05 10:00:00,ETH/BTC,0.08543,0.085675,0.08513,0.08514,323.32757349659386,27.5281096075
1638694800000.0,2021-12-05 09:00:00,ETH/BTC,0.0851525,0.0854675,0.085065,0.08543,360.74729123258805,30.81864109
1638691200000.0,2021-12-05 08:00:00,ETH/BTC,0.085185,0.0852725,0.0848075,0.0851525,247.71557866768444,21.0936008125
1638687600000.0,2021-12-05 07:00:00,ETH/BTC,0.085285,0.085405,0.0849175,0.085185,219.28638554322944,18.6799107525
1638684000000.0,2021-12-05 06:00:00,ETH/BTC,0.0850175,0.0853525,0.084855,0.085285,360.5377503077915,30.748462035
1638680400000.0,2021-12-05 05:00:00,ETH/BTC,0.084965,0.0852825,0.084845,0.0850175,320.10173176110806,27.21424898
1638676800000.0,2021-12-05 04:00:00,ETH/BTC,0.0846725,0.0851325,0.0845,0.084965,446.0876746013064,37.9018392725
1638673200000.0,2021-12-05 03:00:00,ETH/BTC,0.0838,0.084865,0.0837425,0.0846725,826.619007027075,69.9918978725
1638669600000.0,2021-12-05 02:00:00,ETH/BTC,0.0836575,0.0840625,0.0836,0.0838,69.90276700477327,5.857851875
1638666000000.0,2021-12-05 01:00:00,ETH/BTC,0.0839825,0.0840675,0.083515,0.0836575,226.696735528793,18.9648821525
1638662400000.0,2021-12-05 00:00:00,ETH/BTC,0.083765,0.0841775,0.083515,0.0839825,255.93363054803083,21.4939461275
1638658800000.0,2021-12-04 23:00:00,ETH/BTC,0.08321,0.083765,0.083,0.083765,153.62722016952185,12.8685840975
1638655200000.0,2021-12-04 22:00:00,ETH/BTC,0.08341,0.0835925,0.08321,0.08321,63.67973750150222,5.2987909575
1638651600000.0,2021-12-04 21:00:00,ETH/BTC,0.08325,0.0835,0.083,0.08341,289.0444315729529,24.1091960375
1638648000000.0,2021-12-04 20:00:00,ETH/BTC,0.0835925,0.0836825,0.083085,0.08325,176.25063975975976,14.67286576
1638644400000.0,2021-12-04 19:00:00,ETH/BTC,0.0831475,0.0837125,0.083055,0.083585,293.94559804390735,24.5694428125
1638640800000.0,2021-12-04 18:00:00,ETH/BTC,0.083265,0.0835925,0.083095,0.0831475,272.8276416909709,22.6849363375
1638637200000.0,2021-12-04 17:00:00,ETH/BTC,0.08332,0.083585,0.08326,0.083265,382.19338383474445,31.823332105
1638633600000.0,2021-12-04 16:00:00,ETH/BTC,0.08374,0.083775,0.0832175,0.08332,309.59455802928466,25.795418575
1638630000000.0,2021-12-04 15:00:00,ETH/BTC,0.0842575,0.08433,0.08355,0.08374,1263.4295328695964,105.7995890825
1638626400000.0,2021-12-04 14:00:00,ETH/BTC,0.08369,0.0843,0.0834275,0.0842575,856.7175374892443,72.184877915
1638622800000.0,2021-12-04 13:00:00,ETH/BTC,0.083105,0.0837425,0.083,0.08369,652.709492083881,54.6252573925
1638619200000.0,2021-12-04 12:00:00,ETH/BTC,0.0831825,0.0835575,0.0829825,0.083105,833.1806689729859,69.241479495
1638615600000.0,2021-12-04 11:00:00,ETH/BTC,0.0826875,0.083235,0.08254,0.0831825,404.1271071739848,33.6163030925
1638612000000.0,2021-12-04 10:00:00,ETH/BTC,0.082665,0.0831875,0.08251,0.0826875,205.29026037792894,16.974938405
1638608400000.0,2021-12-04 09:00:00,ETH/BTC,0.0829325,0.0829425,0.0824475,0.082665,230.8403485755761,19.082417415
1638604800000.0,2021-12-04 08:00:00,ETH/BTC,0.0823825,0.08316,0.082355,0.0829325,1169.9324828324238,97.0254256325
1638601200000.0,2021-12-04 07:00:00,ETH/BTC,0.0821325,0.0825975,0.0812875,0.0823825,947.6289411586199,78.068041245
1638597600000.0,2021-12-04 06:00:00,ETH/BTC,0.0809475,0.0821875,0.0808725,0.0821325,1627.9091893586583,133.704251495
1638594000000.0,2021-12-04 05:00:00,ETH/BTC,0.0800075,0.082585,0.0793475,0.0809475,4517.056537694184,365.644434085
1638590400000.0,2021-12-04 04:00:00,ETH/BTC,0.0780125,0.08069,0.077965,0.0799725,1313.1063218606396,105.012395325
1638586800000.0,2021-12-04 03:00:00,ETH/BTC,0.0784575,0.0784625,0.0778425,0.0780125,171.2969694920686,13.3633048325
1638583200000.0,2021-12-04 02:00:00,ETH/BTC,0.0787,0.0788225,0.0783325,0.0784575,176.74817745276104,13.8672201325
1638579600000.0,2021-12-04 01:00:00,ETH/BTC,0.0785375,0.07886,0.0782275,0.0787,421.6422966645489,33.1832487475
1638576000000.0,2021-12-04 00:00:00,ETH/BTC,0.078655,0.078785,0.07805,0.0785375,415.7990934903709,32.655821305
1638572400000.0,2021-12-03 23:00:00,ETH/BTC,0.0786,0.07903,0.0786,0.0786575,130.29076715507102,10.2483460175
1638568800000.0,2021-12-03 22:00:00,ETH/BTC,0.0785925,0.079265,0.0785025,0.0786,212.49389020356233,16.70201977
1638565200000.0,2021-12-03 21:00:00,ETH/BTC,0.0787675,0.0789,0.078515,0.0785925,330.0302027547158,25.93789871
1638561600000.0,2021-12-03 20:00:00,ETH/BTC,0.0785725,0.078885,0.077415,0.0787675,1391.9718380359918,109.6421417525
1638558000000.0,2021-12-03 19:00:00,ETH/BTC,0.078815,0.078815,0.077745,0.0785725,655.014102357695,51.4660955575
1638554400000.0,2021-12-03 18:00:00,ETH/BTC,0.079185,0.0791975,0.0783625,0.078815,359.436637505551,28.328998585
1638550800000.0,2021-12-03 17:00:00,ETH/BTC,0.07898,0.0793125,0.0787,0.079185,643.7844784997159,50.97807393
1638547200000.0,2021-12-03 16:00:00,ETH/BTC,0.079835,0.07984,0.078715,0.0789775,925.5438032350985,73.09713572
1638543600000.0,2021-12-03 15:00:00,ETH/BTC,0.080385,0.0804475,0.0797875,0.079835,617.906421494332,49.33055916
1638540000000.0,2021-12-03 14:00:00,ETH/BTC,0.0808475,0.0808775,0.080355,0.080385,351.741031411333,28.27470281
1638536400000.0,2021-12-03 13:00:00,ETH/BTC,0.0809075,0.0810325,0.08045,0.0808475,266.45301165775066,21.54205986
1638532800000.0,2021-12-03 12:00:00,ETH/BTC,0.080965,0.0810275,0.0807775,0.0809075,372.3295956493527,30.12425676
1638529200000.0,2021-12-03 11:00:00,ETH/BTC,0.0804975,0.081005,0.0804875,0.080965,234.0021343790527,18.94598281
1638525600000.0,2021-12-03 10:00:00,ETH/BTC,0.0805675,0.0808375,0.08043,0.0804975,237.46462517469487,19.115308665
1638522000000.0,2021-12-03 09:00:00,ETH/BTC,0.0805975,0.080745,0.080545,0.0805675,67.71680413938623,5.4557736175
1638518400000.0,2021-12-03 08:00:00,ETH/BTC,0.08052,0.08066,0.080425,0.0805975,66.16131430875647,5.33243653
1638514800000.0,2021-12-03 07:00:00,ETH/BTC,0.08056,0.080595,0.08025,0.08052,550.4003894995033,44.3182393625
1638511200000.0,2021-12-03 06:00:00,ETH/BTC,0.08054,0.0807625,0.0802775,0.08056,367.04176958167824,29.5688849575
1638507600000.0,2021-12-03 05:00:00,ETH/BTC,0.080085,0.080555,0.08,0.08054,177.82493220759872,14.32202004
1638504000000.0,2021-12-03 04:00:00,ETH/BTC,0.0797725,0.0802325,0.07976,0.080085,228.43856936380095,18.2945028275
1638500400000.0,2021-12-03 03:00:00,ETH/BTC,0.07982,0.080035,0.079685,0.0797725,97.02396045002978,7.739843885
1638496800000.0,2021-12-03 02:00:00,ETH/BTC,0.0798975,0.0800675,0.0796225,0.07982,89.91356849787022,7.1769010375
1638493200000.0,2021-12-03 01:00:00,ETH/BTC,0.079925,0.0799875,0.079775,0.0798975,26.88754025470134,2.1482472475
1638489600000.0,2021-12-03 00:00:00,ETH/BTC,0.0798875,0.0801975,0.07983,0.079925,187.3153540506725,14.9711796725
1638486000000.0,2021-12-02 23:00:00,ETH/BTC,0.0799225,0.08016,0.07982,0.0798875,94.42075190111093,7.5430378175
1638482400000.0,2021-12-02 22:00:00,ETH/BTC,0.079915,0.080145,0.0797775,0.0799225,145.95472923769904,11.6650668475
1638478800000.0,2021-12-02 21:00:00,ETH/BTC,0.079565,0.08001,0.0795275,0.079915,520.7167325908778,41.613077685
1638475200000.0,2021-12-02 20:00:00,ETH/BTC,0.07926,0.07965,0.0789125,0.079565,273.9861526110727,21.7997082325
1638471600000.0,2021-12-02 19:00:00,ETH/BTC,0.07898,0.0793025,0.078975,0.07926,506.88390001261666,40.175617915
1638468000000.0,2021-12-02 18:00:00,ETH/BTC,0.0793825,0.07946,0.07893,0.07898,246.38535926816917,19.459515675
1638464400000.0,2021-12-02 17:00:00,ETH/BTC,0.0795825,0.0797275,0.0793175,0.0793825,526.4247322457721,41.7889113075
1638460800000.0,2021-12-02 16:00:00,ETH/BTC,0.0803975,0.0804025,0.0795,0.0795825,420.6883150190054,33.47942783
1638457200000.0,2021-12-02 15:00:00,ETH/BTC,0.0804,0.080865,0.08015,0.0803975,453.0079492210579,36.4207065975
1638453600000.0,2021-12-02 14:00:00,ETH/BTC,0.080295,0.08046,0.0798,0.0804,260.5746194651741,20.950199405
1638450000000.0,2021-12-02 13:00:00,ETH/BTC,0.080255,0.08037,0.0799175,0.080295,263.72472280341236,21.1757766175
1638446400000.0,2021-12-02 12:00:00,ETH/BTC,0.0804825,0.0806,0.080255,0.080255,168.39496296180923,13.5145377525
1638442800000.0,2021-12-02 11:00:00,ETH/BTC,0.0805725,0.0806175,0.079995,0.0804825,221.24973292330634,17.80673163
1638439200000.0,2021-12-02 10:00:00,ETH/BTC,0.08078,0.0808525,0.0804125,0.0805725,228.65170008377547,18.423039105
1638435600000.0,2021-12-02 09:00:00,ETH/BTC,0.0805275,0.08082,0.08034,0.08078,535.9700283176528,43.2956588875
1638432000000.0,2021-12-02 08:00:00,ETH/BTC,0.080275,0.0806175,0.080265,0.0805275,145.3884641271615,11.707769545
1638428400000.0,2021-12-02 07:00:00,ETH/BTC,0.080065,0.0805275,0.0799775,0.080275,242.9236079103083,19.500692625
1638424800000.0,2021-12-02 06:00:00,ETH/BTC,0.07951,0.0800725,0.0795075,0.080065,176.3981529382377,14.123318115
1638421200000.0,2021-12-02 05:00:00,ETH/BTC,0.0798125,0.079885,0.0795075,0.07951,108.38936168406491,8.6180381475
1638417600000.0,2021-12-02 04:00:00,ETH/BTC,0.079765,0.0799725,0.07969,0.0798125,66.14750568519969,5.2793977975
1638414000000.0,2021-12-02 03:00:00,ETH/BTC,0.0803525,0.080365,0.0795525,0.0797625,415.16527475317343,33.1146202275
1638410400000.0,2021-12-02 02:00:00,ETH/BTC,0.0806,0.08066,0.08015,0.0803525,90.94347686755236,7.307535725
1638406800000.0,2021-12-02 01:00:00,ETH/BTC,0.080295,0.08069,0.0800425,0.0806,637.5466077543424,51.386256585
1638403200000.0,2021-12-02 00:00:00,ETH/BTC,0.0801725,0.0803075,0.0800425,0.080295,255.3004414035743,20.4993489425
1638399600000.0,2021-12-01 23:00:00,ETH/BTC,0.08,0.0804225,0.0799775,0.0801775,84.61802182657229,6.784461445
1638396000000.0,2021-12-01 22:00:00,ETH/BTC,0.08012,0.0803375,0.079735,0.08,135.30615834374998,10.8244926675
1638392400000.0,2021-12-01 21:00:00,ETH/BTC,0.0804325,0.080705,0.07999,0.08012,721.2242374563156,57.784485905
1638388800000.0,2021-12-01 20:00:00,ETH/BTC,0.08116,0.0811725,0.0804125,0.0804325,170.27561274982125,13.6956932225
1638385200000.0,2021-12-01 19:00:00,ETH/BTC,0.0809,0.081195,0.080635,0.08116,245.91796941227207,19.9587023975
1638381600000.0,2021-12-01 18:00:00,ETH/BTC,0.0806,0.0811675,0.0806,0.0809,221.6965110012361,17.93524774
1638378000000.0,2021-12-01 17:00:00,ETH/BTC,0.0803775,0.08075,0.0802,0.0806,409.3256860421836,32.991650295
1638374400000.0,2021-12-01 16:00:00,ETH/BTC,0.0806175,0.0806675,0.08031,0.0803775,637.0773670492364,51.20668607
1638370800000.0,2021-12-01 15:00:00,ETH/BTC,0.080995,0.0811325,0.08061,0.0806175,167.57409861382453,13.509404895
1638367200000.0,2021-12-01 14:00:00,ETH/BTC,0.0811175,0.0814975,0.0808625,0.080995,639.8335571022902,51.8233189575
1638363600000.0,2021-12-01 13:00:00,ETH/BTC,0.08173,0.08192,0.0811175,0.0811175,468.2306584892286,37.98170044
1638360000000.0,2021-12-01 12:00:00,ETH/BTC,0.08172,0.0822875,0.081685,0.08173,482.86817447693625,39.4648159
1638356400000.0,2021-12-01 11:00:00,ETH/BTC,0.0829025,0.083045,0.0817025,0.08172,426.32315033039646,34.839127845
1638352800000.0,2021-12-01 10:00:00,ETH/BTC,0.083015,0.08306,0.0826425,0.0829025,116.19982527668044,9.633256015
1638349200000.0,2021-12-01 09:00:00,ETH/BTC,0.0827025,0.083045,0.08254,0.083015,110.14869360958863,9.1439938
1638345600000.0,2021-12-01 08:00:00,ETH/BTC,0.0834025,0.08343,0.082365,0.0827075,788.680326663241,65.2297781175
1638342000000.0,2021-12-01 07:00:00,ETH/BTC,0.0830225,0.08354,0.08293,0.0834025,273.5168124456701,22.81198595
1638338400000.0,2021-12-01 06:00:00,ETH/BTC,0.0828225,0.0832025,0.0826725,0.0830225,205.81482974494867,17.0872617025
1638334800000.0,2021-12-01 05:00:00,ETH/BTC,0.0828675,0.083165,0.082615,0.0828225,237.4624689546923,19.667235335
1638331200000.0,2021-12-01 04:00:00,ETH/BTC,0.08297,0.083065,0.0827,0.0828675,292.4174414879175,24.2319023325
1638327600000.0,2021-12-01 03:00:00,ETH/BTC,0.0829825,0.0833325,0.08267,0.08297,533.8944324153309,44.2972210575
1638324000000.0,2021-12-01 02:00:00,ETH/BTC,0.082325,0.0830075,0.08212,0.0829825,864.6199661976922,71.748326345
1638320400000.0,2021-12-01 01:00:00,ETH/BTC,0.082035,0.082475,0.081925,0.082325,358.3837962344367,29.503946025
1638316800000.0,2021-12-01 00:00:00,ETH/BTC,0.0812725,0.082075,0.0811725,0.082035,413.0493798073993,33.8845058725
1638313200000.0,2021-11-30 23:00:00,ETH/BTC,0.0812625,0.0814875,0.081,0.0812725,416.1678285705497,33.8229998475
1638309600000.0,2021-11-30 22:00:00,ETH/BTC,0.0810525,0.0814525,0.0809475,0.0812625,476.37104553145673,38.7111020875
1638306000000.0,2021-11-30 21:00:00,ETH/BTC,0.08094,0.0811,0.0807925,0.0810525,560.496685142346,45.4296575725
1638302400000.0,2021-11-30 20:00:00,ETH/BTC,0.0809325,0.0810275,0.0806725,0.08094,200.50847819372376,16.229156225
1638298800000.0,2021-11-30 19:00:00,ETH/BTC,0.08047,0.0810025,0.0801025,0.0809325,334.7930580113057,27.0956391675
1638295200000.0,2021-11-30 18:00:00,ETH/BTC,0.0801275,0.080785,0.079965,0.08047,291.73826820554245,23.4761784425
1638291600000.0,2021-11-30 17:00:00,ETH/BTC,0.0802675,0.080435,0.079915,0.0801275,555.498340238994,44.5106932575
1638288000000.0,2021-11-30 16:00:00,ETH/BTC,0.080565,0.0809475,0.08023,0.0802675,699.8579613479926,56.1758489125
1638284400000.0,2021-11-30 15:00:00,ETH/BTC,0.0803925,0.080645,0.0794425,0.080565,1147.6646353875751,92.46160135
1638280800000.0,2021-11-30 14:00:00,ETH/BTC,0.07975,0.08045,0.07965,0.0803925,652.3441599340733,52.4435778775
1638277200000.0,2021-11-30 13:00:00,ETH/BTC,0.0793075,0.0798375,0.079145,0.07976,896.9015815885156,71.5368701475
1638273600000.0,2021-11-30 12:00:00,ETH/BTC,0.079725,0.079985,0.07917,0.0793075,1160.7747186583867,92.058141
1638270000000.0,2021-11-30 11:00:00,ETH/BTC,0.0785475,0.0799,0.078305,0.079725,1714.0662610849797,136.653932665
1638266400000.0,2021-11-30 10:00:00,ETH/BTC,0.07824,0.0785475,0.0782075,0.078535,163.81017473101167,12.8648320725
1638262800000.0,2021-11-30 09:00:00,ETH/BTC,0.0778925,0.0784675,0.0778625,0.07824,313.4192545053681,24.5219224725
1638259200000.0,2021-11-30 08:00:00,ETH/BTC,0.0780575,0.0782125,0.0778575,0.0778925,725.8314293096254,56.5368246075
1638255600000.0,2021-11-30 07:00:00,ETH/BTC,0.0780475,0.0781075,0.07777,0.0780575,703.9170235403388,54.946003065
1638252000000.0,2021-11-30 06:00:00,ETH/BTC,0.07791,0.0781125,0.0776575,0.0780475,429.77752227809987,33.54306117
1638248400000.0,2021-11-30 05:00:00,ETH/BTC,0.07768,0.0780225,0.077525,0.07791,201.2451594788859,15.679010375
1638244800000.0,2021-11-30 04:00:00,ETH/BTC,0.0776625,0.077845,0.07766,0.07768,250.06583737770342,19.4251142475
1638241200000.0,2021-11-30 03:00:00,ETH/BTC,0.07787,0.07799,0.07748,0.0776625,257.2179098342186,19.9761859225
1638237600000.0,2021-11-30 02:00:00,ETH/BTC,0.07784,0.0782275,0.077835,0.07787,655.5673011750354,51.0490257425
1638234000000.0,2021-11-30 01:00:00,ETH/BTC,0.077675,0.078,0.0769825,0.07784,1234.7279062178827,96.11122022
1638230400000.0,2021-11-30 00:00:00,ETH/BTC,0.0769225,0.077675,0.0768675,0.077675,1218.0298669456067,94.610469915
1638226800000.0,2021-11-29 23:00:00,ETH/BTC,0.07647,0.0772125,0.07647,0.0769225,562.5264531833988,43.270941095
1638223200000.0,2021-11-29 22:00:00,ETH/BTC,0.0763675,0.0767325,0.0761,0.07647,1186.5436651955017,90.7349940775
1638219600000.0,2021-11-29 21:00:00,ETH/BTC,0.0759775,0.0765575,0.07596,0.0763675,676.9994618456803,51.7007564025
1638216000000.0,2021-11-29 20:00:00,ETH/BTC,0.07581,0.0762575,0.0757925,0.0759775,1063.7297605212068,80.81952788
1638212400000.0,2021-11-29 19:00:00,ETH/BTC,0.07554,0.0758525,0.07554,0.07581,150.85499571296663,11.436317225
1638208800000.0,2021-11-29 18:00:00,ETH/BTC,0.0757325,0.075875,0.0755175,0.07554,175.0450360074133,13.22290202
1638205200000.0,2021-11-29 17:00:00,ETH/BTC,0.07675,0.07696,0.0757025,0.0757325,327.0152012346087,24.7656787275
1638201600000.0,2021-11-29 16:00:00,ETH/BTC,0.0758925,0.0767675,0.0758925,0.07675,224.11434143322478,17.200775705
1638198000000.0,2021-11-29 15:00:00,ETH/BTC,0.0757375,0.0759125,0.0757025,0.0758925,94.32120921039628,7.15827237
1638194400000.0,2021-11-29 14:00:00,ETH/BTC,0.0758625,0.076155,0.07567,0.0757375,165.91105314408318,12.5656883875
1638190800000.0,2021-11-29 13:00:00,ETH/BTC,0.075725,0.076165,0.07567,0.0758625,808.4717790739825,61.33269034
1638187200000.0,2021-11-29 12:00:00,ETH/BTC,0.0755425,0.0757775,0.07527,0.075725,268.74121138989767,20.3504282325
1638183600000.0,2021-11-29 11:00:00,ETH/BTC,0.07559,0.0756775,0.0753725,0.0755425,94.67375977098983,7.1518924975
1638180000000.0,2021-11-29 10:00:00,ETH/BTC,0.0754725,0.0756375,0.0753525,0.07559,254.82822509591216,19.262465535
1638176400000.0,2021-11-29 09:00:00,ETH/BTC,0.0754075,0.07558,0.075365,0.0754725,622.12950776773,46.953669275
1638172800000.0,2021-11-29 08:00:00,ETH/BTC,0.075655,0.0757225,0.0753675,0.0754075,103.35321784968339,7.793607775
1638169200000.0,2021-11-29 07:00:00,ETH/BTC,0.07549,0.075835,0.0754375,0.075655,139.6280022470425,10.56355651
1638165600000.0,2021-11-29 06:00:00,ETH/BTC,0.075375,0.0755325,0.07532,0.07549,113.21658835607366,8.546720255
1638162000000.0,2021-11-29 05:00:00,ETH/BTC,0.075525,0.0756675,0.0753125,0.075375,323.4800088888889,24.38230567
1638158400000.0,2021-11-29 04:00:00,ETH/BTC,0.0750975,0.0758,0.0750625,0.075525,328.8607293942403,24.8372065875
1638154800000.0,2021-11-29 03:00:00,ETH/BTC,0.0751975,0.07528,0.0749425,0.0750975,84.35793724824396,6.3350701925
1638151200000.0,2021-11-29 02:00:00,ETH/BTC,0.07519,0.075255,0.07511,0.0751975,82.68091937896871,6.217398435
1638147600000.0,2021-11-29 01:00:00,ETH/BTC,0.075215,0.075475,0.0750625,0.07519,317.4665794653544,23.87031211
1638144000000.0,2021-11-29 00:00:00,ETH/BTC,0.0749975,0.075505,0.0749275,0.075215,576.0667822242903,43.328863025
1638140400000.0,2021-11-28 23:00:00,ETH/BTC,0.07536,0.075375,0.074755,0.0749975,271.386269008967,20.35329171
1638136800000.0,2021-11-28 22:00:00,ETH/BTC,0.075565,0.07588,0.07525,0.07536,280.66512904723993,21.150924125
1638133200000.0,2021-11-28 21:00:00,ETH/BTC,0.0753375,0.07575,0.0748625,0.075565,845.1133091378284,63.860987205
1638129600000.0,2021-11-28 20:00:00,ETH/BTC,0.07505,0.07538,0.075035,0.0753375,282.1726530280405,21.2581822475
1638126000000.0,2021-11-28 19:00:00,ETH/BTC,0.07485,0.07518,0.07473,0.07505,239.4925825116589,17.9739183175
1638122400000.0,2021-11-28 18:00:00,ETH/BTC,0.07487,0.074935,0.0744,0.07485,486.7724657314629,36.43491906
1638118800000.0,2021-11-28 17:00:00,ETH/BTC,0.0750825,0.075195,0.07467,0.07487,189.08411286229463,14.15672753
1638115200000.0,2021-11-28 16:00:00,ETH/BTC,0.0751,0.0752525,0.0748175,0.0750825,78.8728606865781,5.9219715625
1638111600000.0,2021-11-28 15:00:00,ETH/BTC,0.0750975,0.0751725,0.07495,0.0751,78.06195059920107,5.86245249
1638108000000.0,2021-11-28 14:00:00,ETH/BTC,0.075185,0.075295,0.0748375,0.0750975,152.60120699756985,11.4599691425
1638104400000.0,2021-11-28 13:00:00,ETH/BTC,0.07533,0.075415,0.07509,0.0751875,67.3785165752286,5.066022215
1638100800000.0,2021-11-28 12:00:00,ETH/BTC,0.0751725,0.07563,0.075035,0.07533,392.92572862737296,29.5990951375
1638097200000.0,2021-11-28 11:00:00,ETH/BTC,0.075085,0.0753625,0.075085,0.0751725,529.0238719278991,39.7680470125
1638093600000.0,2021-11-28 10:00:00,ETH/BTC,0.07485,0.075255,0.07475,0.075085,668.2235325297996,50.17356394
1638090000000.0,2021-11-28 09:00:00,ETH/BTC,0.074615,0.07497,0.07445,0.07485,143.74572692050768,10.75936766
1638086400000.0,2021-11-28 08:00:00,ETH/BTC,0.0746575,0.0746825,0.0744725,0.074615,80.60783059706493,6.01455328
1638082800000.0,2021-11-28 07:00:00,ETH/BTC,0.0746925,0.07474,0.0745125,0.074655,71.80770052240305,5.3608038825
1638079200000.0,2021-11-28 06:00:00,ETH/BTC,0.074545,0.07472,0.074395,0.0746925,131.52486099675338,9.82392068
1638075600000.0,2021-11-28 05:00:00,ETH/BTC,0.0743825,0.074615,0.074335,0.074545,26.615913340935005,1.98408326
1638072000000.0,2021-11-28 04:00:00,ETH/BTC,0.0743625,0.074555,0.0742525,0.0743825,86.97562934830101,6.46946475
1638068400000.0,2021-11-28 03:00:00,ETH/BTC,0.074525,0.074585,0.0742425,0.0743625,172.3660678769541,12.8175717225
1638064800000.0,2021-11-28 02:00:00,ETH/BTC,0.07436,0.0745325,0.074105,0.074525,393.74001211003025,29.3434744025
1638061200000.0,2021-11-28 01:00:00,ETH/BTC,0.0745975,0.0745975,0.074325,0.07436,264.40259171597637,19.66097672
1638057600000.0,2021-11-28 00:00:00,ETH/BTC,0.07485,0.074855,0.0744425,0.0745975,73.48121659573042,5.481515055
1638054000000.0,2021-11-27 23:00:00,ETH/BTC,0.075015,0.0750325,0.0746375,0.0748475,185.54074738635228,13.88726109
1638050400000.0,2021-11-27 22:00:00,ETH/BTC,0.07476,0.075145,0.0746675,0.075015,91.86533809904687,6.8912783375
1638046800000.0,2021-11-27 21:00:00,ETH/BTC,0.0747375,0.0748475,0.0746275,0.07476,304.0336382423756,22.729554795
1638043200000.0,2021-11-27 20:00:00,ETH/BTC,0.07493,0.0749975,0.0747,0.0747375,777.232025957518,58.08837854
1638039600000.0,2021-11-27 19:00:00,ETH/BTC,0.07514,0.07516,0.07493,0.07493,189.22351424663017,14.1785179225
1638036000000.0,2021-11-27 18:00:00,ETH/BTC,0.075365,0.07542,0.0751225,0.07514,219.3401728440245,16.4812205875
1638032400000.0,2021-11-27 17:00:00,ETH/BTC,0.0753275,0.07541,0.07522,0.075365,264.4875068334107,19.9331009525
1638028800000.0,2021-11-27 16:00:00,ETH/BTC,0.0752775,0.0754125,0.0751875,0.0753275,666.2527666854734,50.1871552825
1638025200000.0,2021-11-27 15:00:00,ETH/BTC,0.075225,0.07531,0.0751675,0.0752775,109.9707097074159,8.2783201
1638021600000.0,2021-11-27 14:00:00,ETH/BTC,0.07526,0.07539,0.0752,0.075225,128.64423519441675,9.6772625925
1638018000000.0,2021-11-27 13:00:00,ETH/BTC,0.0753975,0.0754575,0.0752525,0.07526,101.43745495615201,7.63418286
1638014400000.0,2021-11-27 12:00:00,ETH/BTC,0.0753,0.075555,0.0753,0.0753975,101.4992447693889,7.6527893075
1638010800000.0,2021-11-27 11:00:00,ETH/BTC,0.075575,0.075615,0.0752925,0.0753,192.8493316069057,14.52155467
1638007200000.0,2021-11-27 10:00:00,ETH/BTC,0.07564,0.0757075,0.07546,0.075575,154.20261663910023,11.6538627525
1638003600000.0,2021-11-27 09:00:00,ETH/BTC,0.07558,0.07567,0.0753975,0.07564,125.59782063061871,9.5002191525
1638000000000.0,2021-11-27 08:00:00,ETH/BTC,0.0758175,0.076,0.07553,0.07558,342.5620875893094,25.89084258
1637996400000.0,2021-11-27 07:00:00,ETH/BTC,0.0755325,0.0758275,0.075485,0.0758175,102.82450021433047,7.795896545
1637992800000.0,2021-11-27 06:00:00,ETH/BTC,0.07541,0.0755875,0.0753675,0.0755325,100.59554003243636,7.5982326275
1637989200000.0,2021-11-27 05:00:00,ETH/BTC,0.075865,0.07596,0.0754,0.07541,87.72001704018034,6.614966485
1637985600000.0,2021-11-27 04:00:00,ETH/BTC,0.07573,0.0759925,0.0756725,0.075865,130.57723667040136,9.90624206
1637982000000.0,2021-11-27 03:00:00,ETH/BTC,0.07567,0.0759575,0.0755125,0.07573,52.43611035917073,3.9709866375
1637978400000.0,2021-11-27 02:00:00,ETH/BTC,0.075535,0.07578,0.0754825,0.07567,143.27183058015066,10.84137942
1637974800000.0,2021-11-27 01:00:00,ETH/BTC,0.0752425,0.0755825,0.07515,0.0755325,143.3674715188826,10.8289035425
1637971200000.0,2021-11-27 00:00:00,ETH/BTC,0.0752275,0.0753775,0.07506,0.0752425,216.64305070272783,16.3007647425
1637967600000.0,2021-11-26 23:00:00,ETH/BTC,0.0752375,0.0756325,0.0751775,0.0752275,249.3331633378751,18.756710545
1637964000000.0,2021-11-26 22:00:00,ETH/BTC,0.07534,0.0756325,0.07515,0.0752375,348.48329546436287,26.2190119425
1637960400000.0,2021-11-26 21:00:00,ETH/BTC,0.0755525,0.075655,0.0753,0.07534,132.21874980090257,9.96136061
1637956800000.0,2021-11-26 20:00:00,ETH/BTC,0.0751575,0.0755875,0.074885,0.0755575,1774.219691427059,134.055604335
1637953200000.0,2021-11-26 19:00:00,ETH/BTC,0.07481,0.0752675,0.0747075,0.0751575,277.44116788078367,20.851784575
1637949600000.0,2021-11-26 18:00:00,ETH/BTC,0.075125,0.0751725,0.074695,0.07481,385.08337401416924,28.80808721
1637946000000.0,2021-11-26 17:00:00,ETH/BTC,0.0750125,0.0752875,0.07492,0.075125,286.57302299500833,21.5287983525
1637942400000.0,2021-11-26 16:00:00,ETH/BTC,0.07479,0.075205,0.0744525,0.0750125,594.3424472254625,44.5831128225
1637938800000.0,2021-11-26 15:00:00,ETH/BTC,0.075095,0.075095,0.074635,0.0747925,320.1127934284855,23.9420361025
1637935200000.0,2021-11-26 14:00:00,ETH/BTC,0.07489,0.07527,0.0748575,0.075095,321.17104201344966,24.1183394
1637931600000.0,2021-11-26 13:00:00,ETH/BTC,0.0745925,0.0751625,0.0744225,0.07489,567.4372546067566,42.4953759975
1637928000000.0,2021-11-26 12:00:00,ETH/BTC,0.07414,0.07468,0.0731525,0.0745925,1413.2933532861882,105.421084455
1637924400000.0,2021-11-26 11:00:00,ETH/BTC,0.0744525,0.07484,0.0740425,0.07414,699.5939201510656,51.86789324
1637920800000.0,2021-11-26 10:00:00,ETH/BTC,0.0742225,0.0746,0.0739275,0.0744525,504.50281901212173,37.5614961325
1637917200000.0,2021-11-26 09:00:00,ETH/BTC,0.074275,0.07448,0.07389,0.0742225,1285.8179797568123,95.4366250025
1637913600000.0,2021-11-26 08:00:00,ETH/BTC,0.0762325,0.07631,0.0736075,0.074275,3104.6362844496803,230.5968600275
1637910000000.0,2021-11-26 07:00:00,ETH/BTC,0.0767025,0.0767075,0.0760475,0.0762325,225.09513137441382,17.1595646025
1637906400000.0,2021-11-26 06:00:00,ETH/BTC,0.0766,0.076735,0.0764525,0.0767025,156.0012777940745,11.96568801
1637902800000.0,2021-11-26 05:00:00,ETH/BTC,0.076495,0.0766375,0.07643,0.0766,56.204710052219326,4.30528079
1637899200000.0,2021-11-26 04:00:00,ETH/BTC,0.076455,0.0767075,0.0762675,0.076495,228.8199416955357,17.50358144
1637895600000.0,2021-11-26 03:00:00,ETH/BTC,0.07661,0.07685,0.07643,0.076455,337.2643434373161,25.7855453775
1637892000000.0,2021-11-26 02:00:00,ETH/BTC,0.0765475,0.0770025,0.0765475,0.07661,121.83640634381933,9.33388709
1637888400000.0,2021-11-26 01:00:00,ETH/BTC,0.07663,0.0767775,0.0765125,0.0765475,55.40344008622097,4.24099483
1637884800000.0,2021-11-26 00:00:00,ETH/BTC,0.076735,0.07696,0.07648,0.07663,201.1279746182957,15.412436695
1637881200000.0,2021-11-25 23:00:00,ETH/BTC,0.0767225,0.07689,0.07654,0.0767325,158.73820421594502,12.180379255
1637877600000.0,2021-11-25 22:00:00,ETH/BTC,0.0764925,0.0767225,0.0763725,0.0767225,61.68514875036659,4.732638825
1637874000000.0,2021-11-25 21:00:00,ETH/BTC,0.0766225,0.076815,0.07646,0.0764925,192.3253986665359,14.7114505575
1637870400000.0,2021-11-25 20:00:00,ETH/BTC,0.0764925,0.07676,0.0764325,0.0766225,164.10248569284482,12.57394271
1637866800000.0,2021-11-25 19:00:00,ETH/BTC,0.0761125,0.0765,0.0760475,0.0764925,146.96301408634832,11.241568355
1637863200000.0,2021-11-25 18:00:00,ETH/BTC,0.076385,0.0764175,0.0760925,0.0761125,101.77585399901461,7.7464146875
1637859600000.0,2021-11-25 17:00:00,ETH/BTC,0.07606,0.0764925,0.076035,0.076385,338.81043804411865,25.88003531
1637856000000.0,2021-11-25 16:00:00,ETH/BTC,0.075815,0.0760825,0.0755525,0.07606,299.9129541151722,22.81137929
1637852400000.0,2021-11-25 15:00:00,ETH/BTC,0.0763275,0.07643,0.0756925,0.075815,416.229772967091,31.5564602375
1637848800000.0,2021-11-25 14:00:00,ETH/BTC,0.07612,0.07666,0.076105,0.0763275,429.25651527955193,32.76407667
1637845200000.0,2021-11-25 13:00:00,ETH/BTC,0.0758325,0.07628,0.0758,0.07612,398.61602532186026,30.3426518475
1637841600000.0,2021-11-25 12:00:00,ETH/BTC,0.07563,0.0759,0.075615,0.0758325,417.6324215870504,31.67011061
1637838000000.0,2021-11-25 11:00:00,ETH/BTC,0.0752725,0.07575,0.0752725,0.07563,446.1650053550178,33.743459355
1637834400000.0,2021-11-25 10:00:00,ETH/BTC,0.07438,0.0754175,0.07416,0.0752725,651.1035899232787,49.0101949725
1637830800000.0,2021-11-25 09:00:00,ETH/BTC,0.07441,0.074535,0.07431,0.07438,372.09183295240655,27.676190535
1637827200000.0,2021-11-25 08:00:00,ETH/BTC,0.074505,0.0746625,0.0743275,0.07441,147.9165885297675,11.0064733525
1637823600000.0,2021-11-25 07:00:00,ETH/BTC,0.074665,0.0748025,0.0743475,0.074505,163.12058472585733,12.153299165
1637820000000.0,2021-11-25 06:00:00,ETH/BTC,0.074885,0.07499,0.07458,0.074665,87.9112374941405,6.5638925475
1637816400000.0,2021-11-25 05:00:00,ETH/BTC,0.074895,0.0749475,0.0747725,0.074885,25.864623789811045,1.9368723525
1637812800000.0,2021-11-25 04:00:00,ETH/BTC,0.07476,0.07495,0.0745475,0.074895,128.963105113826,9.6586917575
1637809200000.0,2021-11-25 03:00:00,ETH/BTC,0.074685,0.0748475,0.074645,0.07476,62.233910513643664,4.65260715
1637805600000.0,2021-11-25 02:00:00,ETH/BTC,0.074845,0.075,0.0746225,0.074685,191.75375266117695,14.3211290175
1637802000000.0,2021-11-25 01:00:00,ETH/BTC,0.0743275,0.074845,0.0743225,0.074845,145.16807645801325,10.8651046825
1637798400000.0,2021-11-25 00:00:00,ETH/BTC,0.07472,0.07476,0.0742525,0.0743275,162.40175685311627,12.0709165825
1637794800000.0,2021-11-24 23:00:00,ETH/BTC,0.0745175,0.0747825,0.0744425,0.07472,271.0728686094754,20.2545647425
1637791200000.0,2021-11-24 22:00:00,ETH/BTC,0.07429,0.0745475,0.0742875,0.0745175,156.1820995403764,11.6382996025
1637787600000.0,2021-11-24 21:00:00,ETH/BTC,0.07439,0.0745125,0.074225,0.07429,249.4948461434917,18.53497212
1637784000000.0,2021-11-24 20:00:00,ETH/BTC,0.07412,0.0744925,0.074025,0.07439,205.98658875520903,15.3233423375
1637780400000.0,2021-11-24 19:00:00,ETH/BTC,0.0744975,0.0745275,0.0740825,0.07412,193.14021627091202,14.31555283
1637776800000.0,2021-11-24 18:00:00,ETH/BTC,0.0744825,0.0746875,0.0744025,0.0744975,366.86669193597106,27.3306513825
1637773200000.0,2021-11-24 17:00:00,ETH/BTC,0.0746575,0.0749,0.0744675,0.0744825,204.4346117880039,15.2268009725
1637769600000.0,2021-11-24 16:00:00,ETH/BTC,0.0749775,0.0750575,0.07458,0.0746575,394.17749797408163,29.428306555
1637766000000.0,2021-11-24 15:00:00,ETH/BTC,0.074875,0.0751,0.0747225,0.07498,259.2320438116831,19.437218645
1637762400000.0,2021-11-24 14:00:00,ETH/BTC,0.075315,0.0754625,0.0745775,0.074875,931.6088463105176,69.7542123675
1637758800000.0,2021-11-24 13:00:00,ETH/BTC,0.075775,0.0759325,0.075105,0.075315,593.0637485892585,44.666596225
1637755200000.0,2021-11-24 12:00:00,ETH/BTC,0.0758125,0.07599,0.0757325,0.075775,143.05114793797426,10.839700735
1637751600000.0,2021-11-24 11:00:00,ETH/BTC,0.0754275,0.0759075,0.075425,0.0758125,102.42938008244022,7.7654273775
1637748000000.0,2021-11-24 10:00:00,ETH/BTC,0.0756675,0.07581,0.07542,0.0754275,125.45187600676147,9.4625213775
1637744400000.0,2021-11-24 09:00:00,ETH/BTC,0.075655,0.07595,0.075595,0.0756675,284.6478532395018,21.538591435
1637740800000.0,2021-11-24 08:00:00,ETH/BTC,0.0755825,0.0758575,0.0755125,0.075655,556.1355505584561,42.0744350775
1637737200000.0,2021-11-24 07:00:00,ETH/BTC,0.0754675,0.07578,0.07544,0.0755825,295.86118251579404,22.3619278275
1637733600000.0,2021-11-24 06:00:00,ETH/BTC,0.0754175,0.07553,0.0748925,0.0754675,1588.3957257428692,119.8722544325
1637730000000.0,2021-11-24 05:00:00,ETH/BTC,0.0754725,0.07555,0.0753125,0.075415,78.617355864218,5.9289278925
1637726400000.0,2021-11-24 04:00:00,ETH/BTC,0.0753025,0.0756075,0.07529,0.0754725,186.9089368975455,14.10648474
1637722800000.0,2021-11-24 03:00:00,ETH/BTC,0.0755075,0.0755475,0.07518,0.0753025,82.75925178446931,6.2319785575
1637719200000.0,2021-11-24 02:00:00,ETH/BTC,0.075385,0.0755425,0.0751075,0.0755075,393.21932705360393,29.6910083375
1637715600000.0,2021-11-24 01:00:00,ETH/BTC,0.07563,0.0758775,0.0753725,0.075375,120.28791157545605,9.066701335
1637712000000.0,2021-11-24 00:00:00,ETH/BTC,0.0754175,0.0758325,0.0754025,0.07563,825.5516598902552,62.4364720375
1637708400000.0,2021-11-23 23:00:00,ETH/BTC,0.0752775,0.075525,0.0752775,0.0754175,169.4235977061027,12.77750418
1637704800000.0,2021-11-23 22:00:00,ETH/BTC,0.07543,0.0755525,0.0752375,0.0752775,107.6663005546146,8.10484994
1637701200000.0,2021-11-23 21:00:00,ETH/BTC,0.0757725,0.0758075,0.0753825,0.07543,158.45091946175262,11.951952855
1637697600000.0,2021-11-23 20:00:00,ETH/BTC,0.075395,0.07609,0.0753925,0.0757725,847.4284081955853,64.21176906
1637694000000.0,2021-11-23 19:00:00,ETH/BTC,0.0752325,0.0754325,0.075165,0.075395,226.63303415345845,17.08699761
1637690400000.0,2021-11-23 18:00:00,ETH/BTC,0.075465,0.07555,0.0750775,0.0752325,609.7232206493204,45.8710021975
1637686800000.0,2021-11-23 17:00:00,ETH/BTC,0.07574,0.0758,0.0753875,0.075465,589.7519396077652,44.5056301225
1637683200000.0,2021-11-23 16:00:00,ETH/BTC,0.07506,0.0757425,0.07506,0.07574,675.3633953657248,51.152023565
1637679600000.0,2021-11-23 15:00:00,ETH/BTC,0.0747475,0.0752525,0.0747475,0.07506,887.9854733879563,66.6521896325
1637676000000.0,2021-11-23 14:00:00,ETH/BTC,0.07364,0.0749525,0.0736125,0.0747475,1310.0572982373994,97.9235079
1637672400000.0,2021-11-23 13:00:00,ETH/BTC,0.0734625,0.07369,0.07331,0.07364,107.8811927281369,7.9443710325
1637668800000.0,2021-11-23 12:00:00,ETH/BTC,0.073655,0.07379,0.0733925,0.0734625,117.61992751403778,8.640653925
1637665200000.0,2021-11-23 11:00:00,ETH/BTC,0.07376,0.0737925,0.07355,0.073655,101.16809401941484,7.451535965
1637661600000.0,2021-11-23 10:00:00,ETH/BTC,0.07314,0.0737925,0.07293,0.07376,432.2720096258134,31.88438343
1637658000000.0,2021-11-23 09:00:00,ETH/BTC,0.0734175,0.0734825,0.0729525,0.07314,432.5805228671042,31.6389394425
1637654400000.0,2021-11-23 08:00:00,ETH/BTC,0.0733375,0.0735675,0.07318,0.0734175,129.91664208124766,9.53815507
1637650800000.0,2021-11-23 07:00:00,ETH/BTC,0.0734625,0.073505,0.0731225,0.0733375,130.26262154423043,9.5531350075
1637647200000.0,2021-11-23 06:00:00,ETH/BTC,0.0734925,0.0735475,0.0733625,0.0734625,119.82000507061426,8.8022771225
1637643600000.0,2021-11-23 05:00:00,ETH/BTC,0.0734125,0.0735525,0.073275,0.0734925,181.42797145967276,13.3335951925
1637640000000.0,2021-11-23 04:00:00,ETH/BTC,0.0734025,0.0735075,0.0732,0.0734125,307.46741161246376,22.571951355
1637636400000.0,2021-11-23 03:00:00,ETH/BTC,0.0730875,0.0734575,0.072985,0.0734025,868.3707000783353,63.7405803125
1637632800000.0,2021-11-23 02:00:00,ETH/BTC,0.0728025,0.0730875,0.0726,0.0730875,571.9647722592783,41.8034752925
1637629200000.0,2021-11-23 01:00:00,ETH/BTC,0.073025,0.0732225,0.0728025,0.0728025,460.34941743072005,33.5145884625
1637625600000.0,2021-11-23 00:00:00,ETH/BTC,0.0726525,0.073025,0.0724575,0.073025,636.4982327627524,46.4802834475
1637622000000.0,2021-11-22 23:00:00,ETH/BTC,0.0725325,0.07275,0.072515,0.0726525,150.16983142355735,10.9102136775
1637618400000.0,2021-11-22 22:00:00,ETH/BTC,0.072515,0.0725775,0.0723225,0.0725325,343.2193376072795,24.894556605
1637614800000.0,2021-11-22 21:00:00,ETH/BTC,0.0727025,0.0727675,0.07221,0.072515,430.9405413707509,31.2496533575
1637611200000.0,2021-11-22 20:00:00,ETH/BTC,0.072625,0.07278,0.0724075,0.0727025,571.9390401980675,41.58139807
1637607600000.0,2021-11-22 19:00:00,ETH/BTC,0.0733275,0.07338,0.0724025,0.072625,435.43474237521514,31.623448165
1637604000000.0,2021-11-22 18:00:00,ETH/BTC,0.0732975,0.0735075,0.073125,0.0733275,323.7523114793222,23.73994762
1637600400000.0,2021-11-22 17:00:00,ETH/BTC,0.0733025,0.073455,0.072915,0.0732975,658.4700339029299,48.26420731
1637596800000.0,2021-11-22 16:00:00,ETH/BTC,0.072785,0.07335,0.0727675,0.0733025,725.2924427543397,53.165749285
1637593200000.0,2021-11-22 15:00:00,ETH/BTC,0.0728125,0.072985,0.072665,0.072785,404.0782597032355,29.4108361325
1637589600000.0,2021-11-22 14:00:00,ETH/BTC,0.0726575,0.073165,0.07265,0.0728125,828.0889348669527,60.29522557
1637586000000.0,2021-11-22 13:00:00,ETH/BTC,0.073075,0.07314,0.07244,0.0726575,533.1783868148505,38.73940864
1637582400000.0,2021-11-22 12:00:00,ETH/BTC,0.0729575,0.0732825,0.0729225,0.073075,491.78221577146763,35.9369854175
1637578800000.0,2021-11-22 11:00:00,ETH/BTC,0.0732775,0.0732875,0.0728925,0.0729575,116.05268793475653,8.46691398
1637575200000.0,2021-11-22 10:00:00,ETH/BTC,0.0733025,0.0733575,0.07306,0.0732775,274.42797209238853,20.109395725
1637571600000.0,2021-11-22 09:00:00,ETH/BTC,0.07318,0.0733625,0.07314,0.0733025,275.3322078714914,20.1825391675
1637568000000.0,2021-11-22 08:00:00,ETH/BTC,0.0731375,0.073195,0.0729625,0.07318,307.9850419513528,22.53834537
1637564400000.0,2021-11-22 07:00:00,ETH/BTC,0.07291,0.073195,0.07288,0.0731375,423.0446940010255,30.9404313075
1637560800000.0,2021-11-22 06:00:00,ETH/BTC,0.07283,0.072995,0.0727525,0.07291,176.52535914140722,12.870463935
1637557200000.0,2021-11-22 05:00:00,ETH/BTC,0.0728075,0.0728375,0.07263,0.07283,238.76345431141013,17.3891423775
1637553600000.0,2021-11-22 04:00:00,ETH/BTC,0.0725775,0.07288,0.0725,0.0728075,99.99412622325997,7.280322345
1637550000000.0,2021-11-22 03:00:00,ETH/BTC,0.07261,0.0729425,0.0722,0.0725775,290.93702614446624,21.115482015
1637546400000.0,2021-11-22 02:00:00,ETH/BTC,0.0726,0.0728,0.072245,0.07261,484.4673746040491,35.17717607
1637542800000.0,2021-11-22 01:00:00,ETH/BTC,0.07277,0.07287,0.072255,0.0726,472.26085798898066,34.28613829
1637539200000.0,2021-11-22 00:00:00,ETH/BTC,0.0726625,0.072835,0.07245,0.07277,851.3517916380376,61.9528698775
1637535600000.0,2021-11-21 23:00:00,ETH/BTC,0.073015,0.0732425,0.0725,0.0726625,643.0107608119731,46.7227694075
1637532000000.0,2021-11-21 22:00:00,ETH/BTC,0.0733525,0.0733975,0.0728,0.073015,361.23067965486547,26.375258075
1637528400000.0,2021-11-21 21:00:00,ETH/BTC,0.073525,0.073925,0.0733525,0.0733525,350.6257763879895,25.7192772625
1637524800000.0,2021-11-21 20:00:00,ETH/BTC,0.0732625,0.0735675,0.0732375,0.073525,125.61939823189394,9.236166255
1637521200000.0,2021-11-21 19:00:00,ETH/BTC,0.0733525,0.0734375,0.07295,0.0732625,1161.4663619177616,85.09192934
1637517600000.0,2021-11-21 18:00:00,ETH/BTC,0.073535,0.0735375,0.0732875,0.0733525,387.2034374084046,28.4023401425
1637514000000.0,2021-11-21 17:00:00,ETH/BTC,0.073675,0.07373,0.07336,0.073535,228.33051213707756,16.79028421
1637510400000.0,2021-11-21 16:00:00,ETH/BTC,0.07375,0.073805,0.07331,0.073675,385.71977119104173,28.4179041425
1637506800000.0,2021-11-21 15:00:00,ETH/BTC,0.07354,0.07398,0.0734875,0.07375,641.1298650847458,47.28332755
1637503200000.0,2021-11-21 14:00:00,ETH/BTC,0.0733725,0.07354,0.073225,0.07354,200.5323365855317,14.7471480325
1637499600000.0,2021-11-21 13:00:00,ETH/BTC,0.073315,0.07352,0.073305,0.0733725,135.8207348461617,9.9655068675
1637496000000.0,2021-11-21 12:00:00,ETH/BTC,0.0735975,0.0735975,0.0732875,0.073315,73.89053498601922,5.4172845725
1637492400000.0,2021-11-21 11:00:00,ETH/BTC,0.07347,0.0736475,0.07326,0.0735975,476.40690984748124,35.0623575475
1637488800000.0,2021-11-21 10:00:00,ETH/BTC,0.0738575,0.07399,0.07346,0.07347,422.2602996461141,31.023464215
1637485200000.0,2021-11-21 09:00:00,ETH/BTC,0.07388,0.073965,0.0738025,0.0738575,107.21874281555698,7.9189082975
1637481600000.0,2021-11-21 08:00:00,ETH/BTC,0.073735,0.0739175,0.07364,0.07388,136.47707562939902,10.0829263475
1637478000000.0,2021-11-21 07:00:00,ETH/BTC,0.0740025,0.074015,0.073735,0.073735,144.96288441716962,10.6888382825
1637474400000.0,2021-11-21 06:00:00,ETH/BTC,0.0739925,0.0740925,0.0738775,0.0740025,31.580774872470524,2.3370562925
1637470800000.0,2021-11-21 05:00:00,ETH/BTC,0.073885,0.074055,0.0738725,0.0739925,151.04928952258675,11.176514555
1637467200000.0,2021-11-21 04:00:00,ETH/BTC,0.0740075,0.074135,0.073845,0.073885,295.3889581105772,21.82481317
1637463600000.0,2021-11-21 03:00:00,ETH/BTC,0.0739725,0.074195,0.0739525,0.0740075,93.90209350403676,6.949459185
1637460000000.0,2021-11-21 02:00:00,ETH/BTC,0.0737425,0.0739775,0.073545,0.0739725,275.02949224373924,20.344619115
1637456400000.0,2021-11-21 01:00:00,ETH/BTC,0.0739825,0.073995,0.07373,0.0737425,93.19254968301861,6.872251595
1637452800000.0,2021-11-21 00:00:00,ETH/BTC,0.0738975,0.0740625,0.0737925,0.0739825,244.65788720305474,18.10040214
1637449200000.0,2021-11-20 23:00:00,ETH/BTC,0.0738925,0.07398,0.0738075,0.0739025,43.1928983796218,3.1920631725
1637445600000.0,2021-11-20 22:00:00,ETH/BTC,0.074315,0.07442,0.07383,0.0738925,285.4198320871536,21.0903849425
1637442000000.0,2021-11-20 21:00:00,ETH/BTC,0.074185,0.07436,0.0740725,0.074315,400.3447195048106,29.75161783
1637438400000.0,2021-11-20 20:00:00,ETH/BTC,0.074005,0.0742,0.0739675,0.074185,372.04553899036193,27.60019831
1637434800000.0,2021-11-20 19:00:00,ETH/BTC,0.0735525,0.0740275,0.0735525,0.074005,295.44685328694004,21.8645443775
1637431200000.0,2021-11-20 18:00:00,ETH/BTC,0.07342,0.073845,0.0733325,0.0735525,1246.4376015771045,91.67860169
1637427600000.0,2021-11-20 17:00:00,ETH/BTC,0.07344,0.0735,0.073315,0.07342,87.0951800258785,6.3945281175
1637424000000.0,2021-11-20 16:00:00,ETH/BTC,0.0731775,0.07344,0.0731325,0.07344,115.15662714460784,8.4571026975
1637420400000.0,2021-11-20 15:00:00,ETH/BTC,0.0734825,0.07349,0.0731225,0.0731775,581.8115261863278,42.5755129575
1637416800000.0,2021-11-20 14:00:00,ETH/BTC,0.07348,0.0737025,0.07348,0.0734825,69.14262746232096,5.0807731225
1637413200000.0,2021-11-20 13:00:00,ETH/BTC,0.0736475,0.073665,0.0734075,0.07348,62.537804198421334,4.5952778525
1637409600000.0,2021-11-20 12:00:00,ETH/BTC,0.0736875,0.073795,0.0736125,0.0736475,91.65147068807495,6.7499016875
1637406000000.0,2021-11-20 11:00:00,ETH/BTC,0.0734525,0.0737275,0.0734525,0.0736875,80.16132529262087,5.9068876575
1637402400000.0,2021-11-20 10:00:00,ETH/BTC,0.0733725,0.07354,0.0733025,0.0734525,95.52169500697728,7.0163073025
1637398800000.0,2021-11-20 09:00:00,ETH/BTC,0.0733675,0.07351,0.0732625,0.0733725,405.20998660942456,29.7312697425
1637395200000.0,2021-11-20 08:00:00,ETH/BTC,0.0733075,0.0735,0.07319,0.0733625,272.9985126597376,20.027853385
1637391600000.0,2021-11-20 07:00:00,ETH/BTC,0.0732075,0.0733175,0.073105,0.0733075,141.1681138014528,10.3486815025
1637388000000.0,2021-11-20 06:00:00,ETH/BTC,0.0732025,0.0734975,0.0732,0.0732075,36.33908527131783,2.660293585
1637384400000.0,2021-11-20 05:00:00,ETH/BTC,0.073355,0.0734,0.073125,0.0732025,51.9114216044534,3.80004584
1637380800000.0,2021-11-20 04:00:00,ETH/BTC,0.07315,0.0733575,0.0730375,0.073355,350.6777715220503,25.72396793
1637377200000.0,2021-11-20 03:00:00,ETH/BTC,0.0732575,0.073435,0.0731275,0.07315,206.15601015037592,15.0803121425
1637373600000.0,2021-11-20 02:00:00,ETH/BTC,0.0735825,0.07361,0.073215,0.0732575,118.16783049517115,8.6566798425
1637370000000.0,2021-11-20 01:00:00,ETH/BTC,0.073795,0.0738225,0.073535,0.0735825,137.9674131417117,10.1519871775
1637366400000.0,2021-11-20 00:00:00,ETH/BTC,0.0739725,0.0741375,0.0736925,0.073795,350.518232603835,25.866492975
1637362800000.0,2021-11-19 23:00:00,ETH/BTC,0.0740125,0.0741375,0.07386,0.0739725,166.9869827976613,12.352444585
1637359200000.0,2021-11-19 22:00:00,ETH/BTC,0.0739575,0.0743425,0.0739575,0.0740125,473.4906747171087,35.0442285625
1637355600000.0,2021-11-19 21:00:00,ETH/BTC,0.0738825,0.0739925,0.0736825,0.0739575,99.58337024642532,7.364937105
1637352000000.0,2021-11-19 20:00:00,ETH/BTC,0.07394,0.0742975,0.073765,0.0738825,664.9509801373803,49.12824079
1637348400000.0,2021-11-19 19:00:00,ETH/BTC,0.073695,0.0739975,0.0736725,0.07394,534.1080535231268,39.4919494775
1637344800000.0,2021-11-19 18:00:00,ETH/BTC,0.0733925,0.0737,0.07335,0.073695,634.3550119750323,46.7487926075
1637341200000.0,2021-11-19 17:00:00,ETH/BTC,0.07308,0.0735,0.0730775,0.0733925,229.57435722314952,16.8490360125
1637337600000.0,2021-11-19 16:00:00,ETH/BTC,0.072865,0.073105,0.072835,0.07308,211.30173706896548,15.441930945
1637334000000.0,2021-11-19 15:00:00,ETH/BTC,0.072985,0.073115,0.07281,0.072865,645.1579001921361,47.0094303975
1637330400000.0,2021-11-19 14:00:00,ETH/BTC,0.0729975,0.0731225,0.0726125,0.072985,2570.783943104748,187.6286660875
1637326800000.0,2021-11-19 13:00:00,ETH/BTC,0.072775,0.0729975,0.07268,0.0729975,198.15814562142538,14.465049235
1637323200000.0,2021-11-19 12:00:00,ETH/BTC,0.0726675,0.0728075,0.07254,0.0727775,173.52597104187421,12.6287863575
1637319600000.0,2021-11-19 11:00:00,ETH/BTC,0.0728725,0.072895,0.072505,0.0726675,248.44528795541336,18.0538979625
1637316000000.0,2021-11-19 10:00:00,ETH/BTC,0.072885,0.0729225,0.07277,0.0728725,583.8905420426087,42.549563525
1637312400000.0,2021-11-19 09:00:00,ETH/BTC,0.07261,0.072885,0.07257,0.072885,1002.902831858407,73.0965729
1637308800000.0,2021-11-19 08:00:00,ETH/BTC,0.0725,0.072685,0.072405,0.07261,382.02596074920814,27.73890501
1637305200000.0,2021-11-19 07:00:00,ETH/BTC,0.07215,0.0725,0.0721275,0.0725,713.6593668620691,51.7403040975
1637301600000.0,2021-11-19 06:00:00,ETH/BTC,0.072315,0.0724175,0.0721375,0.07215,147.6351148995149,10.65187354
1637298000000.0,2021-11-19 05:00:00,ETH/BTC,0.0720425,0.0723825,0.071935,0.072315,744.1684907349788,53.8145444075
1637294400000.0,2021-11-19 04:00:00,ETH/BTC,0.0717575,0.0721025,0.0717575,0.0720425,495.7671803102336,35.7163070875
1637290800000.0,2021-11-19 03:00:00,ETH/BTC,0.0713775,0.0717825,0.0713,0.0717575,358.50745932480925,25.7255990125
1637287200000.0,2021-11-19 02:00:00,ETH/BTC,0.0712675,0.0716,0.0712675,0.0713775,1326.4197104479704,94.6765228825
1637283600000.0,2021-11-19 01:00:00,ETH/BTC,0.071375,0.0716625,0.07118,0.0712675,313.9390959062687,22.3736545175
1637280000000.0,2021-11-19 00:00:00,ETH/BTC,0.07025,0.07139,0.07007,0.071375,440.44214252189147,31.4365579225
1637276400000.0,2021-11-18 23:00:00,ETH/BTC,0.0701725,0.07034,0.0698125,0.07025,196.80821665480426,13.82577722
1637272800000.0,2021-11-18 22:00:00,ETH/BTC,0.069845,0.07028,0.0696975,0.0701725,523.4609423919626,36.73256298
1637269200000.0,2021-11-18 21:00:00,ETH/BTC,0.0700325,0.07008,0.0698125,0.069845,169.8672850597752,11.864380525
1637265600000.0,2021-11-18 20:00:00,ETH/BTC,0.0701675,0.070305,0.06987,0.0700325,173.36119230357335,12.1409177
1637262000000.0,2021-11-18 19:00:00,ETH/BTC,0.0702225,0.07036,0.0699675,0.0701675,261.15981180746076,18.324931095
1637258400000.0,2021-11-18 18:00:00,ETH/BTC,0.07014,0.0703975,0.07005,0.0702225,204.57770322902203,14.365957765
1637254800000.0,2021-11-18 17:00:00,ETH/BTC,0.0698375,0.07035,0.06982,0.07014,421.71182267607645,29.5788672425
1637251200000.0,2021-11-18 16:00:00,ETH/BTC,0.0700725,0.07013,0.06965,0.0698375,567.2967523178809,39.61858694
1637247600000.0,2021-11-18 15:00:00,ETH/BTC,0.0702825,0.0704475,0.069785,0.0700725,679.4533737557531,47.6109965325
1637244000000.0,2021-11-18 14:00:00,ETH/BTC,0.0704825,0.070555,0.0702425,0.0702825,159.3158631949632,11.197117155
1637240400000.0,2021-11-18 13:00:00,ETH/BTC,0.07074,0.0707775,0.070405,0.0704825,179.80809154754724,12.6733238125
1637236800000.0,2021-11-18 12:00:00,ETH/BTC,0.0707425,0.070795,0.07052,0.07074,528.7778614291773,37.4057459175
1637233200000.0,2021-11-18 11:00:00,ETH/BTC,0.0708975,0.0708975,0.07066,0.07073,100.74917301710731,7.1259890075
1637229600000.0,2021-11-18 10:00:00,ETH/BTC,0.07093,0.07094,0.0708,0.0708975,272.71633696533723,19.3349065
1637226000000.0,2021-11-18 09:00:00,ETH/BTC,0.0711275,0.0711725,0.07078,0.07093,340.6041873678274,24.15905501
1637222400000.0,2021-11-18 08:00:00,ETH/BTC,0.071095,0.07124,0.071035,0.07113,336.397619077745,23.927962645
1637218800000.0,2021-11-18 07:00:00,ETH/BTC,0.0709975,0.071165,0.07091,0.0710975,489.7513800063294,34.82009874
1637215200000.0,2021-11-18 06:00:00,ETH/BTC,0.07118,0.0712575,0.070845,0.0709975,543.942593119476,38.618564255
1637211600000.0,2021-11-18 05:00:00,ETH/BTC,0.0713175,0.071335,0.07112,0.07118,186.71421294605227,13.2903176775
1637208000000.0,2021-11-18 04:00:00,ETH/BTC,0.0715,0.07161,0.07121,0.0713175,269.24382174781783,19.2017962575
1637204400000.0,2021-11-18 03:00:00,ETH/BTC,0.0714875,0.0715775,0.07139,0.0715,677.8605717482518,48.46703088
1637200800000.0,2021-11-18 02:00:00,ETH/BTC,0.0711775,0.071515,0.0711775,0.0714875,309.94978118552194,22.1575349825
1637197200000.0,2021-11-18 01:00:00,ETH/BTC,0.0714625,0.0715,0.0710725,0.0711775,148.10677865196163,10.5418702375
1637193600000.0,2021-11-18 00:00:00,ETH/BTC,0.07107,0.0715,0.07097,0.0714625,748.6588147629876,53.50103055
1637190000000.0,2021-11-17 23:00:00,ETH/BTC,0.0706275,0.0711675,0.0705675,0.07107,315.5945489306318,22.4293045925
1637186400000.0,2021-11-17 22:00:00,ETH/BTC,0.0708075,0.070985,0.07057,0.0706275,318.09155141410923,22.4660110475
1637182800000.0,2021-11-17 21:00:00,ETH/BTC,0.0705075,0.07082,0.07046,0.0708075,223.0444087843802,15.793216975
1637179200000.0,2021-11-17 20:00:00,ETH/BTC,0.070455,0.0706375,0.07017,0.0705075,292.2210643903131,20.6037766975
1637175600000.0,2021-11-17 19:00:00,ETH/BTC,0.070285,0.0704675,0.0702525,0.070455,154.3545243062948,10.87504801
1637172000000.0,2021-11-17 18:00:00,ETH/BTC,0.0702575,0.0704775,0.0700825,0.070285,157.33821306110835,11.058516305
1637168400000.0,2021-11-17 17:00:00,ETH/BTC,0.07017,0.0702575,0.06994,0.0702575,139.13369327118102,9.775185455
1637164800000.0,2021-11-17 16:00:00,ETH/BTC,0.0699675,0.070285,0.0697925,0.07017,160.3499633390338,11.2517569275
1637161200000.0,2021-11-17 15:00:00,ETH/BTC,0.069985,0.0701425,0.0697625,0.0699675,132.9721298817308,9.3037274975
1637157600000.0,2021-11-17 14:00:00,ETH/BTC,0.0702675,0.07033,0.069985,0.069985,91.04080285061085,6.3714905875
1637154000000.0,2021-11-17 13:00:00,ETH/BTC,0.0702125,0.0703625,0.070075,0.0702675,187.43793777350837,13.1707952925
1637150400000.0,2021-11-17 12:00:00,ETH/BTC,0.0699875,0.0702375,0.06994,0.0702125,81.96478857041126,5.7549527175
1637146800000.0,2021-11-17 11:00:00,ETH/BTC,0.0698375,0.0701475,0.06962,0.0699875,115.60676820860868,8.09102869
1637143200000.0,2021-11-17 10:00:00,ETH/BTC,0.070055,0.0702175,0.0698375,0.0698375,162.66773323787362,11.36030782
1637139600000.0,2021-11-17 09:00:00,ETH/BTC,0.0704025,0.0704325,0.0698675,0.070055,245.22539818713864,17.17926527
1637136000000.0,2021-11-17 08:00:00,ETH/BTC,0.0700975,0.0704975,0.0698625,0.0704025,370.6230722630588,26.092790845
1637132400000.0,2021-11-17 07:00:00,ETH/BTC,0.06991,0.07015,0.069845,0.0700975,227.29453714469133,15.9327788175
1637128800000.0,2021-11-17 06:00:00,ETH/BTC,0.0700725,0.07008,0.06983,0.06991,79.03880457016164,5.5256028275
1637125200000.0,2021-11-17 05:00:00,ETH/BTC,0.0697075,0.070105,0.069625,0.0700725,107.76713232723252,7.55151238
1637121600000.0,2021-11-17 04:00:00,ETH/BTC,0.069795,0.0698275,0.0694975,0.0697075,319.7607796506832,22.2897245475
1637118000000.0,2021-11-17 03:00:00,ETH/BTC,0.06968,0.0700975,0.06937,0.069795,955.8847873773193,66.715978735
1637114400000.0,2021-11-17 02:00:00,ETH/BTC,0.069695,0.069875,0.069575,0.06968,202.3696974382893,14.1011205175
1637110800000.0,2021-11-17 01:00:00,ETH/BTC,0.07005,0.07016,0.069675,0.069695,417.2637211062487,29.0811950425
1637107200000.0,2021-11-17 00:00:00,ETH/BTC,0.0700575,0.0703275,0.070025,0.07005,418.3569057815846,29.30590125
1637103600000.0,2021-11-16 23:00:00,ETH/BTC,0.0703,0.0703575,0.0700425,0.0700575,232.06401038432716,16.2578244075
1637100000000.0,2021-11-16 22:00:00,ETH/BTC,0.070355,0.0706725,0.07026,0.0703,156.4355692745377,10.99742052
1637096400000.0,2021-11-16 21:00:00,ETH/BTC,0.07026,0.070435,0.0701525,0.070355,319.26802167578705,22.462101665
1637092800000.0,2021-11-16 20:00:00,ETH/BTC,0.07082,0.0709475,0.07021,0.07026,769.6732431682323,54.077242065
1637089200000.0,2021-11-16 19:00:00,ETH/BTC,0.0707175,0.07096,0.070635,0.07082,176.9462478466535,12.5313332725
1637085600000.0,2021-11-16 18:00:00,ETH/BTC,0.07103,0.0712275,0.0705675,0.07068,528.5581227009054,37.3584881125
1637082000000.0,2021-11-16 17:00:00,ETH/BTC,0.0712025,0.0712575,0.0710225,0.07103,265.19822230043644,18.83702973
1637078400000.0,2021-11-16 16:00:00,ETH/BTC,0.07063,0.0712575,0.0706125,0.0712025,745.7023872406165,53.0958742275
1637074800000.0,2021-11-16 15:00:00,ETH/BTC,0.0708,0.0708275,0.0701875,0.07063,377.3161485912502,26.649839575
1637071200000.0,2021-11-16 14:00:00,ETH/BTC,0.07065,0.0710975,0.0706125,0.0708,515.0514998940678,36.4656461925
1637067600000.0,2021-11-16 13:00:00,ETH/BTC,0.0703875,0.0707525,0.0702075,0.07065,194.28845997876857,13.7264796975
1637064000000.0,2021-11-16 12:00:00,ETH/BTC,0.0708525,0.0708525,0.0703325,0.0703875,447.51556316817613,31.4995017025
1637060400000.0,2021-11-16 11:00:00,ETH/BTC,0.07066,0.070875,0.0703175,0.0708525,603.1174657210402,42.73238024
1637056800000.0,2021-11-16 10:00:00,ETH/BTC,0.070425,0.07085,0.06985,0.07066,1484.0018950962356,104.8595739075
1637053200000.0,2021-11-16 09:00:00,ETH/BTC,0.07089,0.0709125,0.07024,0.070425,404.3327228966986,28.47513201
1637049600000.0,2021-11-16 08:00:00,ETH/BTC,0.070885,0.071095,0.0706925,0.07089,353.01425324446325,25.0251804125
1637046000000.0,2021-11-16 07:00:00,ETH/BTC,0.0712975,0.0712975,0.0708525,0.070885,318.4444083727164,22.5729318875
1637042400000.0,2021-11-16 06:00:00,ETH/BTC,0.0711825,0.0713075,0.07097,0.0712975,259.15520877309865,18.4771184975
1637038800000.0,2021-11-16 05:00:00,ETH/BTC,0.0709775,0.0712875,0.0709525,0.0711825,175.8421463491729,12.5168835825
1637035200000.0,2021-11-16 04:00:00,ETH/BTC,0.070745,0.071,0.0705,0.0709775,278.05748353351413,19.7358250375
1637031600000.0,2021-11-16 03:00:00,ETH/BTC,0.070535,0.0709625,0.070125,0.0707475,634.2295250008834,44.87015332
1637028000000.0,2021-11-16 02:00:00,ETH/BTC,0.0708325,0.070885,0.070535,0.070535,189.64354175232154,13.3765072175
1637024400000.0,2021-11-16 01:00:00,ETH/BTC,0.07098,0.0711,0.06975,0.0708325,2149.740475629125,152.27149224
1637020800000.0,2021-11-16 00:00:00,ETH/BTC,0.0717375,0.071915,0.07081,0.07098,719.6104213863059,51.07794771
1637017200000.0,2021-11-15 23:00:00,ETH/BTC,0.071605,0.07174,0.07151,0.0717375,102.38736065516642,7.345013285
1637013600000.0,2021-11-15 22:00:00,ETH/BTC,0.071535,0.0716275,0.0714375,0.071605,203.73667243907548,14.58856443
1637010000000.0,2021-11-15 21:00:00,ETH/BTC,0.07139,0.0716675,0.071335,0.071535,675.5054484168589,48.3222822525
1637006400000.0,2021-11-15 20:00:00,ETH/BTC,0.071585,0.071585,0.071365,0.07139,119.01077931082784,8.496179535
1637002800000.0,2021-11-15 19:00:00,ETH/BTC,0.071865,0.071865,0.0715075,0.071585,443.78499762520084,31.768349055
1636999200000.0,2021-11-15 18:00:00,ETH/BTC,0.07193,0.07193,0.07153,0.071865,199.26895522855355,14.3204634675
1636995600000.0,2021-11-15 17:00:00,ETH/BTC,0.0718,0.071955,0.0716575,0.07193,699.1743958014737,50.29161429
1636992000000.0,2021-11-15 16:00:00,ETH/BTC,0.072315,0.07236,0.0717325,0.0718,469.69178043175486,33.723869835
1636988400000.0,2021-11-15 15:00:00,ETH/BTC,0.0722125,0.072315,0.07188,0.072315,198.2601270829012,14.33718109
1636984800000.0,2021-11-15 14:00:00,ETH/BTC,0.0721075,0.07225,0.07177,0.0722125,307.09924639086034,22.17640433
1636981200000.0,2021-11-15 13:00:00,ETH/BTC,0.0721575,0.0725225,0.0720725,0.0721075,813.4793665014041,58.65796342
1636977600000.0,2021-11-15 12:00:00,ETH/BTC,0.07184,0.0721825,0.07176,0.0721575,379.86805574611094,27.4103292325
1636974000000.0,2021-11-15 11:00:00,ETH/BTC,0.071765,0.0718475,0.0717275,0.07184,272.2476380846325,19.55827032
1636970400000.0,2021-11-15 10:00:00,ETH/BTC,0.071565,0.071875,0.071535,0.071765,418.1739829652338,30.0102558875
1636966800000.0,2021-11-15 09:00:00,ETH/BTC,0.071775,0.071965,0.0714925,0.071565,549.2303986236288,39.3056734775
1636963200000.0,2021-11-15 08:00:00,ETH/BTC,0.0713725,0.071955,0.0712575,0.071775,392.36003430860325,28.1616414625
1636959600000.0,2021-11-15 07:00:00,ETH/BTC,0.071515,0.071555,0.0713125,0.0713725,144.230266769414,10.294074715
1636956000000.0,2021-11-15 06:00:00,ETH/BTC,0.07142,0.071585,0.07142,0.071515,191.97079752499477,13.728791585
1636952400000.0,2021-11-15 05:00:00,ETH/BTC,0.0715475,0.0716175,0.0711775,0.07142,468.8977850042005,33.488679805
1636948800000.0,2021-11-15 04:00:00,ETH/BTC,0.0715525,0.0717375,0.07152,0.0715475,453.8847164471155,32.47431675
1636945200000.0,2021-11-15 03:00:00,ETH/BTC,0.0714725,0.0715875,0.0713725,0.0715525,622.2915275846406,44.5265145275
1636941600000.0,2021-11-15 02:00:00,ETH/BTC,0.0715725,0.0716125,0.071375,0.0714725,656.91451110567,46.951322395
1636938000000.0,2021-11-15 01:00:00,ETH/BTC,0.0709675,0.0716225,0.0709675,0.0715725,473.36965985539143,33.88024998
1636934400000.0,2021-11-15 00:00:00,ETH/BTC,0.070625,0.071115,0.070415,0.0709675,910.0912420826435,64.5869002225
1636930800000.0,2021-11-14 23:00:00,ETH/BTC,0.0708975,0.071065,0.07062,0.070625,507.5148962123895,35.843239545
1636927200000.0,2021-11-14 22:00:00,ETH/BTC,0.0711225,0.0711325,0.07087,0.0708975,453.4731384392962,32.1501118325
1636923600000.0,2021-11-14 21:00:00,ETH/BTC,0.07088,0.071275,0.07087,0.0711225,469.23702203943895,33.3733101
1636920000000.0,2021-11-14 20:00:00,ETH/BTC,0.0708175,0.070885,0.0707475,0.07088,222.75223691450338,15.7886785525
1636916400000.0,2021-11-14 19:00:00,ETH/BTC,0.07104,0.07104,0.0706475,0.0708175,468.8969344794719,33.2061086575
1636912800000.0,2021-11-14 18:00:00,ETH/BTC,0.0709825,0.0710875,0.070895,0.07104,240.26308509290538,17.068289565
1636909200000.0,2021-11-14 17:00:00,ETH/BTC,0.0712275,0.0712275,0.070945,0.0709825,250.3836373049695,17.772856535
1636905600000.0,2021-11-14 16:00:00,ETH/BTC,0.071535,0.07157,0.0710775,0.0712225,368.14975144792726,26.2205456725
1636902000000.0,2021-11-14 15:00:00,ETH/BTC,0.07138,0.0715825,0.07138,0.071535,244.64022181449639,17.5003382675
1636898400000.0,2021-11-14 14:00:00,ETH/BTC,0.071375,0.07138,0.0711525,0.07138,188.50967497898571,13.4558206
1636894800000.0,2021-11-14 13:00:00,ETH/BTC,0.0714875,0.07155,0.071365,0.071375,87.1789972329247,6.2224009275
1636891200000.0,2021-11-14 12:00:00,ETH/BTC,0.07156,0.0715975,0.0714425,0.0714875,92.12123297779333,6.5855166425
1636887600000.0,2021-11-14 11:00:00,ETH/BTC,0.07154,0.07158,0.07147,0.07156,175.92252127585243,12.5890156225
1636884000000.0,2021-11-14 10:00:00,ETH/BTC,0.0714425,0.0715825,0.0714025,0.07154,49.73239442968968,3.5578554975
1636880400000.0,2021-11-14 09:00:00,ETH/BTC,0.07128,0.07155,0.07121,0.0714425,78.23628204500122,5.58939558
1636876800000.0,2021-11-14 08:00:00,ETH/BTC,0.0711625,0.0714825,0.0710775,0.07128,408.9821562149271,29.152248095
1636873200000.0,2021-11-14 07:00:00,ETH/BTC,0.071575,0.071575,0.0711525,0.0711625,379.6621163534165,27.017705355
1636869600000.0,2021-11-14 06:00:00,ETH/BTC,0.07154,0.0715925,0.07139,0.071575,475.0704668180231,34.0031686625
1636866000000.0,2021-11-14 05:00:00,ETH/BTC,0.0715575,0.071735,0.07153,0.07154,82.5031303466592,5.902273945
1636862400000.0,2021-11-14 04:00:00,ETH/BTC,0.071595,0.0716375,0.0714775,0.0715575,163.27557789190513,11.683592165
1636858800000.0,2021-11-14 03:00:00,ETH/BTC,0.0717075,0.071745,0.0715725,0.071595,196.24466656191075,14.0501369025
1636855200000.0,2021-11-14 02:00:00,ETH/BTC,0.0719475,0.0719475,0.07165,0.0717075,150.47248255063977,10.7900055425
1636851600000.0,2021-11-14 01:00:00,ETH/BTC,0.0719525,0.072,0.0718825,0.0719475,231.33136898432886,16.64371367
1636848000000.0,2021-11-14 00:00:00,ETH/BTC,0.072135,0.072135,0.0717925,0.0719525,396.1154417150203,28.50149632
1636844400000.0,2021-11-13 23:00:00,ETH/BTC,0.0721925,0.0722675,0.07206,0.072135,474.02990001386286,34.1941468375
1636840800000.0,2021-11-13 22:00:00,ETH/BTC,0.0723575,0.072405,0.0721925,0.0721925,102.95888319423761,7.432859175
1636837200000.0,2021-11-13 21:00:00,ETH/BTC,0.07242,0.0724825,0.0723225,0.0723575,111.91678084510934,8.09801847
1636833600000.0,2021-11-13 20:00:00,ETH/BTC,0.07264,0.07264,0.072395,0.07242,125.15599102457884,9.06379687
1636830000000.0,2021-11-13 19:00:00,ETH/BTC,0.07255,0.07264,0.07232,0.07264,189.8719841685022,13.79230093
1636826400000.0,2021-11-13 18:00:00,ETH/BTC,0.07245,0.0728925,0.0724125,0.07255,674.4961903514817,48.93469861
1636822800000.0,2021-11-13 17:00:00,ETH/BTC,0.0723375,0.07245,0.07223,0.07245,134.02720838509316,9.7102712475
1636819200000.0,2021-11-13 16:00:00,ETH/BTC,0.07234,0.072435,0.07214,0.072335,644.7367211584988,46.637030725
1636815600000.0,2021-11-13 15:00:00,ETH/BTC,0.0721925,0.072515,0.0721575,0.07234,515.18073189107,37.268174145
1636812000000.0,2021-11-13 14:00:00,ETH/BTC,0.07257,0.072825,0.07215,0.0721925,409.54620337985244,29.5661642875
1636808400000.0,2021-11-13 13:00:00,ETH/BTC,0.0724625,0.07259,0.0724275,0.07257,95.01507875155023,6.895244265
1636804800000.0,2021-11-13 12:00:00,ETH/BTC,0.0725275,0.0726275,0.0724275,0.0724625,59.0674789373814,4.2801771925
1636801200000.0,2021-11-13 11:00:00,ETH/BTC,0.072435,0.07253,0.072385,0.0725275,65.56128802867877,4.7549963175
1636797600000.0,2021-11-13 10:00:00,ETH/BTC,0.072355,0.0725575,0.07233,0.0724325,142.26034721982535,10.3042726
1636794000000.0,2021-11-13 09:00:00,ETH/BTC,0.0724675,0.07248,0.07222,0.072355,230.61723049547373,16.6863097125
1636790400000.0,2021-11-13 08:00:00,ETH/BTC,0.07254,0.07255,0.07243,0.0724675,34.50239614309863,2.5003023925
1636786800000.0,2021-11-13 07:00:00,ETH/BTC,0.072795,0.0728,0.0725,0.07254,314.2199439274883,22.7935147325
1636783200000.0,2021-11-13 06:00:00,ETH/BTC,0.0726,0.072855,0.072585,0.072795,35.46804996909128,2.5818966975
1636779600000.0,2021-11-13 05:00:00,ETH/BTC,0.0725575,0.0726475,0.0725175,0.0726,72.60777937327823,5.2713247825
1636776000000.0,2021-11-13 04:00:00,ETH/BTC,0.0727425,0.0727625,0.07255,0.0725575,63.760405161423705,4.6262955975
1636772400000.0,2021-11-13 03:00:00,ETH/BTC,0.0726725,0.0727975,0.0726725,0.0727425,30.649426985599888,2.2295159425
1636768800000.0,2021-11-13 02:00:00,ETH/BTC,0.072525,0.07275,0.0724575,0.0726725,39.3256590869999,2.85789396
1636765200000.0,2021-11-13 01:00:00,ETH/BTC,0.072855,0.07297,0.072525,0.072525,100.80910706652877,7.31118049
1636761600000.0,2021-11-13 00:00:00,ETH/BTC,0.07277,0.0730575,0.0727675,0.072855,283.89680327362566,20.6833016025
1636758000000.0,2021-11-12 23:00:00,ETH/BTC,0.0726475,0.072855,0.0726325,0.07277,83.80500192386972,6.09848999
1636754400000.0,2021-11-12 22:00:00,ETH/BTC,0.07264,0.0727025,0.0724325,0.0726475,48.049322378609034,3.4906631475
1636750800000.0,2021-11-12 21:00:00,ETH/BTC,0.0728175,0.0729525,0.0726225,0.07264,104.72183029322689,7.6069937525
1636747200000.0,2021-11-12 20:00:00,ETH/BTC,0.07291,0.0729925,0.0727425,0.0728175,795.5256893260549,57.9281918825
1636743600000.0,2021-11-12 19:00:00,ETH/BTC,0.07265,0.0729325,0.072615,0.07291,362.0057134480867,26.3938365675
1636740000000.0,2021-11-12 18:00:00,ETH/BTC,0.0726175,0.07292,0.07255,0.07265,561.1718512732277,40.769134995
1636736400000.0,2021-11-12 17:00:00,ETH/BTC,0.0724675,0.0726775,0.07234,0.0726175,577.6794618032843,41.9496383175
1636732800000.0,2021-11-12 16:00:00,ETH/BTC,0.07238,0.072625,0.07223,0.072465,745.2823001793969,54.0068818825
1636729200000.0,2021-11-12 15:00:00,ETH/BTC,0.0722475,0.072585,0.0722175,0.07238,236.46301816800224,17.115193255
1636725600000.0,2021-11-12 14:00:00,ETH/BTC,0.071985,0.0723225,0.0719075,0.0722475,232.08754638568806,16.7677450075
1636722000000.0,2021-11-12 13:00:00,ETH/BTC,0.0720425,0.0721,0.071715,0.071985,639.1399957977358,46.0084925975
1636718400000.0,2021-11-12 12:00:00,ETH/BTC,0.07217,0.0722075,0.071855,0.0720425,696.7306746017977,50.194219625
1636714800000.0,2021-11-12 11:00:00,ETH/BTC,0.0724525,0.0725,0.07201,0.07217,318.62535551475685,22.9951919075
1636711200000.0,2021-11-12 10:00:00,ETH/BTC,0.0723625,0.0724925,0.07231,0.0724525,436.38688492460574,31.61732078
1636707600000.0,2021-11-12 09:00:00,ETH/BTC,0.0729275,0.0730075,0.072365,0.072365,276.7214918814344,20.02495076
1636704000000.0,2021-11-12 08:00:00,ETH/BTC,0.0730275,0.0731875,0.07285,0.0729275,234.7978768982894,17.1232221675
1636700400000.0,2021-11-12 07:00:00,ETH/BTC,0.0731575,0.0732,0.0730125,0.0730275,239.47348755605768,17.4881501125
1636696800000.0,2021-11-12 06:00:00,ETH/BTC,0.0732725,0.073445,0.0730925,0.0731575,150.4023136042101,11.0030572575
1636693200000.0,2021-11-12 05:00:00,ETH/BTC,0.0735925,0.0736175,0.07325,0.0732725,137.54495451908969,10.07826268
1636689600000.0,2021-11-12 04:00:00,ETH/BTC,0.073625,0.0737,0.073345,0.0735925,150.26843717090733,11.0586299625
1636686000000.0,2021-11-12 03:00:00,ETH/BTC,0.0736475,0.0737125,0.0735025,0.073625,553.6242195585738,40.760583165
1636682400000.0,2021-11-12 02:00:00,ETH/BTC,0.0734625,0.0736825,0.07314,0.0736475,1310.0886806408907,96.4847561075
1636678800000.0,2021-11-12 01:00:00,ETH/BTC,0.072905,0.073505,0.072855,0.0734625,427.5454623787647,31.40855853
1636675200000.0,2021-11-12 00:00:00,ETH/BTC,0.072845,0.0730175,0.0726,0.072905,222.36865352170634,16.211786685
1636671600000.0,2021-11-11 23:00:00,ETH/BTC,0.072905,0.07291,0.0726175,0.072845,216.90551129109755,15.80048197
1636668000000.0,2021-11-11 22:00:00,ETH/BTC,0.0729075,0.0731,0.0726975,0.072905,50.632274466771825,3.69134597
1636664400000.0,2021-11-11 21:00:00,ETH/BTC,0.0730125,0.07316,0.0728825,0.0729075,904.9669136577169,65.9788752575
1636660800000.0,2021-11-11 20:00:00,ETH/BTC,0.073075,0.0732525,0.0728,0.0730125,259.8427918849512,18.9717718425
1636657200000.0,2021-11-11 19:00:00,ETH/BTC,0.07302,0.07317,0.07288,0.073075,447.6134908997605,32.7093558475
1636653600000.0,2021-11-11 18:00:00,ETH/BTC,0.07318,0.0734025,0.07289,0.07302,899.5953868803067,65.68845515
1636650000000.0,2021-11-11 17:00:00,ETH/BTC,0.0733025,0.0733425,0.07299,0.07318,104.32269585269201,7.6343348825
1636646400000.0,2021-11-11 16:00:00,ETH/BTC,0.0728325,0.0734025,0.07278,0.0733025,1243.7222650659935,91.167951335
1636642800000.0,2021-11-11 15:00:00,ETH/BTC,0.0727,0.0729525,0.0726275,0.0728325,356.3519318985343,25.95400208
1636639200000.0,2021-11-11 14:00:00,ETH/BTC,0.0726225,0.0729325,0.0724975,0.0727,540.1882397867951,39.2716850325
1636635600000.0,2021-11-11 13:00:00,ETH/BTC,0.07253,0.0727325,0.07247,0.0726225,467.52586856690414,33.95289739
1636632000000.0,2021-11-11 12:00:00,ETH/BTC,0.072355,0.072565,0.07224,0.07253,236.3108575417069,17.1396264975
1636628400000.0,2021-11-11 11:00:00,ETH/BTC,0.072155,0.07238,0.072125,0.072355,653.451757031304,47.28050188
1636624800000.0,2021-11-11 10:00:00,ETH/BTC,0.072335,0.0724,0.07211,0.072155,626.2979087381332,45.190525605
1636621200000.0,2021-11-11 09:00:00,ETH/BTC,0.0721775,0.072375,0.072155,0.072335,265.55610109214075,19.2090005725
1636617600000.0,2021-11-11 08:00:00,ETH/BTC,0.0719225,0.0722825,0.0718475,0.0721775,153.76397152852343,11.098299055
1636614000000.0,2021-11-11 07:00:00,ETH/BTC,0.07204,0.0720775,0.0718225,0.0719225,310.9981226319997,22.367762475
1636610400000.0,2021-11-11 06:00:00,ETH/BTC,0.0719825,0.0721,0.07189,0.07204,530.9358012909495,38.248615125
1636606800000.0,2021-11-11 05:00:00,ETH/BTC,0.07169,0.07202,0.07169,0.0719825,654.9435557600806,47.1444745025
1636603200000.0,2021-11-11 04:00:00,ETH/BTC,0.0715925,0.0718825,0.07155,0.07169,501.9106617729111,35.9819753425
1636599600000.0,2021-11-11 03:00:00,ETH/BTC,0.0715175,0.07178,0.0714225,0.0715925,500.6135717079303,35.8401771325
1636596000000.0,2021-11-11 02:00:00,ETH/BTC,0.071315,0.0715575,0.07118,0.0715175,487.68365983850106,34.8779161425
1636592400000.0,2021-11-11 01:00:00,ETH/BTC,0.0712275,0.0714225,0.0711725,0.071315,304.8517669494496,21.74050376
1636588800000.0,2021-11-11 00:00:00,ETH/BTC,0.0713625,0.071425,0.07107,0.0712275,336.2890495244112,23.953028275
1636585200000.0,2021-11-10 23:00:00,ETH/BTC,0.0712425,0.07146,0.0711025,0.0713625,525.7159363461202,37.5164035075
1636581600000.0,2021-11-10 22:00:00,ETH/BTC,0.0708375,0.0713375,0.07075,0.0712425,427.2063953398603,30.43525162
1636578000000.0,2021-11-10 21:00:00,ETH/BTC,0.07045,0.07178,0.070135,0.0708375,1810.4571439562378,128.248257935
1636574400000.0,2021-11-10 20:00:00,ETH/BTC,0.070565,0.07068,0.069755,0.07045,827.1553346344925,58.273093325
1636570800000.0,2021-11-10 19:00:00,ETH/BTC,0.0705675,0.070815,0.0703875,0.070565,396.70345397860126,27.99337923
1636567200000.0,2021-11-10 18:00:00,ETH/BTC,0.0705225,0.0706775,0.0703075,0.07057,996.5245004959617,70.324734
1636563600000.0,2021-11-10 17:00:00,ETH/BTC,0.070725,0.070735,0.07047,0.0705225,752.2758381722145,53.0523727975
1636560000000.0,2021-11-10 16:00:00,ETH/BTC,0.0709125,0.07098,0.0705425,0.070725,550.8975587133262,38.96222984
1636556400000.0,2021-11-10 15:00:00,ETH/BTC,0.07084,0.0710575,0.070705,0.0709125,480.9521480345496,34.1055191975
1636552800000.0,2021-11-10 14:00:00,ETH/BTC,0.0705175,0.0708775,0.0704275,0.07084,520.9460816981931,36.9038204275
1636549200000.0,2021-11-10 13:00:00,ETH/BTC,0.0709425,0.07117,0.0705175,0.0705175,398.4043226858582,28.094476825
1636545600000.0,2021-11-10 12:00:00,ETH/BTC,0.0710775,0.07118,0.0708575,0.0709425,358.00651464213973,25.397877165
1636542000000.0,2021-11-10 11:00:00,ETH/BTC,0.0709925,0.0710975,0.070915,0.0710775,234.70838901199394,16.68248552
1636538400000.0,2021-11-10 10:00:00,ETH/BTC,0.070585,0.07103,0.07055,0.0709925,296.77454826214034,21.0687671175
1636534800000.0,2021-11-10 09:00:00,ETH/BTC,0.0706675,0.07068,0.07054,0.070585,183.43217556846358,12.9475601125
1636531200000.0,2021-11-10 08:00:00,ETH/BTC,0.0709775,0.071005,0.0706575,0.0706675,179.5227771606467,12.686425855
1636527600000.0,2021-11-10 07:00:00,ETH/BTC,0.07125,0.07128,0.07097,0.0709775,275.2036504526082,19.5332671
1636524000000.0,2021-11-10 06:00:00,ETH/BTC,0.070835,0.07125,0.07075,0.07125,247.4230279649123,17.6288907425
1636520400000.0,2021-11-10 05:00:00,ETH/BTC,0.0707325,0.07093,0.0707025,0.0708475,130.3805763082678,9.23713788
1636516800000.0,2021-11-10 04:00:00,ETH/BTC,0.0705475,0.0707875,0.0704775,0.0707325,225.7650446046725,15.9689260175
1636513200000.0,2021-11-10 03:00:00,ETH/BTC,0.0709,0.0709875,0.0704025,0.0705475,487.11763216272726,34.364931155
1636509600000.0,2021-11-10 02:00:00,ETH/BTC,0.07057,0.0709375,0.070565,0.0709,218.65630409026798,15.50273196
1636506000000.0,2021-11-10 01:00:00,ETH/BTC,0.07048,0.0706,0.0704025,0.0705675,145.3885340985581,10.25970538
1636502400000.0,2021-11-10 00:00:00,ETH/BTC,0.070685,0.07075,0.0703875,0.07048,206.05148102298523,14.5225083825
1636498800000.0,2021-11-09 23:00:00,ETH/BTC,0.07068,0.07071,0.070415,0.070685,139.8794124991158,9.8873762725
1636495200000.0,2021-11-09 22:00:00,ETH/BTC,0.0708425,0.0708875,0.070625,0.07068,275.96453844793433,19.5051735775
1636491600000.0,2021-11-09 21:00:00,ETH/BTC,0.0709225,0.070935,0.070725,0.0708425,125.26796682782228,8.87429594
1636488000000.0,2021-11-09 20:00:00,ETH/BTC,0.0711175,0.07113,0.0708575,0.0709225,282.2706560682435,20.019340605
1636484400000.0,2021-11-09 19:00:00,ETH/BTC,0.07134,0.07134,0.0710075,0.0711175,183.71606984919322,13.0654275975
1636480800000.0,2021-11-09 18:00:00,ETH/BTC,0.0714875,0.0715075,0.0712525,0.07134,173.08628676058314,12.3479756975
1636477200000.0,2021-11-09 17:00:00,ETH/BTC,0.071575,0.0715775,0.0713525,0.0714875,214.56075597132366,15.3384120425
1636473600000.0,2021-11-09 16:00:00,ETH/BTC,0.0717375,0.0717975,0.07146,0.071575,871.0002442542788,62.3418424825
1636470000000.0,2021-11-09 15:00:00,ETH/BTC,0.0711775,0.07174,0.0711575,0.0717375,598.2337881163966,42.915796375
1636466400000.0,2021-11-09 14:00:00,ETH/BTC,0.0707025,0.07138,0.0707025,0.0711775,323.38331519792064,23.0176159175
1636462800000.0,2021-11-09 13:00:00,ETH/BTC,0.0708,0.0709725,0.0707025,0.0707025,198.4876496587815,14.03357305
1636459200000.0,2021-11-09 12:00:00,ETH/BTC,0.0706425,0.0709375,0.0706125,0.0708,260.7082395127118,18.4581433575
1636455600000.0,2021-11-09 11:00:00,ETH/BTC,0.0707625,0.070815,0.07055,0.0706425,262.9683675195527,18.5767429025
1636452000000.0,2021-11-09 10:00:00,ETH/BTC,0.070595,0.070785,0.0704875,0.0707625,187.85921533298003,13.293387725
1636448400000.0,2021-11-09 09:00:00,ETH/BTC,0.0706425,0.0709225,0.0705125,0.070595,189.044424215596,13.3455911275
1636444800000.0,2021-11-09 08:00:00,ETH/BTC,0.07049,0.0706725,0.0704175,0.0706425,118.68489100046008,8.3841974125
1636441200000.0,2021-11-09 07:00:00,ETH/BTC,0.0707425,0.0708225,0.0704725,0.07049,139.74859391403035,9.850878385
1636437600000.0,2021-11-09 06:00:00,ETH/BTC,0.0708325,0.07096,0.07071,0.0707425,217.83499646605648,15.4101922375
1636434000000.0,2021-11-09 05:00:00,ETH/BTC,0.070375,0.0708625,0.070325,0.0708325,275.1556341015777,19.4899614525
1636430400000.0,2021-11-09 04:00:00,ETH/BTC,0.0702775,0.0704025,0.07022,0.070375,213.8880815630551,15.05237374
1636426800000.0,2021-11-09 03:00:00,ETH/BTC,0.07079,0.0708875,0.07014,0.0702775,480.376944434563,33.7596907125
1636423200000.0,2021-11-09 02:00:00,ETH/BTC,0.0710225,0.071065,0.0707,0.07079,168.93422404294392,11.95885372
1636419600000.0,2021-11-09 01:00:00,ETH/BTC,0.0708175,0.0711325,0.0707525,0.0710225,244.75170020064064,17.3828776275
1636416000000.0,2021-11-09 00:00:00,ETH/BTC,0.0712175,0.071255,0.0707525,0.0708175,574.6777607229851,40.69724232
1636412400000.0,2021-11-08 23:00:00,ETH/BTC,0.071835,0.07184,0.0687,0.0712175,2737.8478983044897,194.9826826975
1636408800000.0,2021-11-08 22:00:00,ETH/BTC,0.07215,0.07221,0.07178,0.071835,226.46956720261713,16.26844136
1636405200000.0,2021-11-08 21:00:00,ETH/BTC,0.0720275,0.07217,0.0719325,0.07215,322.6555813236313,23.2796001925
1636401600000.0,2021-11-08 20:00:00,ETH/BTC,0.072165,0.07225,0.0719975,0.0720275,140.80075814792963,10.1415266075
1636398000000.0,2021-11-08 19:00:00,ETH/BTC,0.0724625,0.07253,0.0721575,0.072165,275.34458445922536,19.8702419375
1636394400000.0,2021-11-08 18:00:00,ETH/BTC,0.07246,0.07265,0.0724575,0.0724625,1085.8177086079006,78.68106571
1636390800000.0,2021-11-08 17:00:00,ETH/BTC,0.0723275,0.07269,0.0723125,0.07246,599.7989270632073,43.461430255
1636387200000.0,2021-11-08 16:00:00,ETH/BTC,0.0717475,0.0723825,0.0715975,0.0723275,1208.966597663406,87.4415315925
1636383600000.0,2021-11-08 15:00:00,ETH/BTC,0.0721525,0.07226,0.0717175,0.0717475,408.7970176661207,29.330164025
1636380000000.0,2021-11-08 14:00:00,ETH/BTC,0.0721425,0.0723,0.07198,0.0721525,157.2522475312706,11.34614279
1636376400000.0,2021-11-08 13:00:00,ETH/BTC,0.071975,0.0723225,0.071965,0.0721425,193.9983557542364,13.99552638
1636372800000.0,2021-11-08 12:00:00,ETH/BTC,0.0716275,0.072,0.0716,0.071975,251.45657040639108,18.098586655
1636369200000.0,2021-11-08 11:00:00,ETH/BTC,0.071605,0.0718625,0.071605,0.0716275,98.61920316917386,7.063846975
1636365600000.0,2021-11-08 10:00:00,ETH/BTC,0.0714325,0.0718625,0.0714025,0.071605,188.88693973884506,13.52524932
1636362000000.0,2021-11-08 09:00:00,ETH/BTC,0.071525,0.07157,0.071125,0.0714325,469.21213180275083,33.516995605
1636358400000.0,2021-11-08 08:00:00,ETH/BTC,0.0716125,0.0718875,0.071525,0.071525,264.11801286263545,18.89104087
1636354800000.0,2021-11-08 07:00:00,ETH/BTC,0.0718425,0.07227,0.07149,0.0716125,920.744880293245,65.93684274
1636351200000.0,2021-11-08 06:00:00,ETH/BTC,0.072085,0.07214,0.0718375,0.0718425,615.9228126109198,44.249434665
1636347600000.0,2021-11-08 05:00:00,ETH/BTC,0.07232,0.0724325,0.072,0.072085,294.41290365540686,21.22275416
1636344000000.0,2021-11-08 04:00:00,ETH/BTC,0.072415,0.0724375,0.0722775,0.07232,580.7467034706859,41.999601595
1636340400000.0,2021-11-08 03:00:00,ETH/BTC,0.0722075,0.0728475,0.072205,0.072415,1376.1140677691087,99.6513002175
1636336800000.0,2021-11-08 02:00:00,ETH/BTC,0.0720425,0.0722075,0.0720375,0.0722075,399.8376520790777,28.8712772625
1636333200000.0,2021-11-08 01:00:00,ETH/BTC,0.0721525,0.0721525,0.071685,0.0720425,679.078608043863,48.92252062
1636329600000.0,2021-11-08 00:00:00,ETH/BTC,0.0729175,0.0729175,0.071735,0.0721525,1535.7279874224735,110.8066136125
1636326000000.0,2021-11-07 23:00:00,ETH/BTC,0.073175,0.0732975,0.0729175,0.0729175,400.0074223951726,29.1675412225
1636322400000.0,2021-11-07 22:00:00,ETH/BTC,0.0736125,0.0736125,0.0730825,0.073175,164.03887625555174,12.00354477
1636318800000.0,2021-11-07 21:00:00,ETH/BTC,0.07381,0.073825,0.0734825,0.0736125,231.32236461198843,17.028217565
1636315200000.0,2021-11-07 20:00:00,ETH/BTC,0.0739375,0.0739375,0.07357,0.07381,122.66642758433817,9.05400902
1636311600000.0,2021-11-07 19:00:00,ETH/BTC,0.0738625,0.074035,0.073835,0.0739375,103.0600873372781,7.6200052075
1636308000000.0,2021-11-07 18:00:00,ETH/BTC,0.0738275,0.0739575,0.073775,0.0738625,288.48002792350655,21.3078560625
1636304400000.0,2021-11-07 17:00:00,ETH/BTC,0.0740225,0.07408,0.073795,0.0738275,165.8989994920592,12.247908385
1636300800000.0,2021-11-07 16:00:00,ETH/BTC,0.074325,0.0743675,0.0739825,0.0740225,70.19959698064777,5.1963496675
1636297200000.0,2021-11-07 15:00:00,ETH/BTC,0.0744375,0.0744975,0.074115,0.0743225,152.1604369470887,11.308944075
1636293600000.0,2021-11-07 14:00:00,ETH/BTC,0.0744925,0.074765,0.074375,0.0744375,529.2254760369437,39.3942213725
1636290000000.0,2021-11-07 13:00:00,ETH/BTC,0.074365,0.07457,0.0742125,0.0744925,428.7815046481189,31.941006235
1636286400000.0,2021-11-07 12:00:00,ETH/BTC,0.0741725,0.0744175,0.0737925,0.074365,420.0851751832179,31.2396340525
1636282800000.0,2021-11-07 11:00:00,ETH/BTC,0.074165,0.0748675,0.0740775,0.0741725,309.8297568505848,22.98084764
1636279200000.0,2021-11-07 10:00:00,ETH/BTC,0.0739375,0.074245,0.07385,0.074165,415.2272080159105,30.7953258825
1636275600000.0,2021-11-07 09:00:00,ETH/BTC,0.0736575,0.07399,0.0735,0.0739375,482.8644174471682,35.701787865
1636272000000.0,2021-11-07 08:00:00,ETH/BTC,0.0735425,0.0737325,0.07354,0.0736575,93.11091043003088,6.858316885
1636268400000.0,2021-11-07 07:00:00,ETH/BTC,0.0735425,0.073615,0.0735025,0.0735425,40.44270612231023,2.974257715
1636264800000.0,2021-11-07 06:00:00,ETH/BTC,0.073375,0.0735625,0.0733425,0.0735425,36.40778903355203,2.677519825
1636261200000.0,2021-11-07 05:00:00,ETH/BTC,0.073165,0.073375,0.0731,0.073375,74.86189117546849,5.492991265
1636257600000.0,2021-11-07 04:00:00,ETH/BTC,0.0732275,0.0734125,0.073145,0.073165,40.39134203512609,2.95523254
1636254000000.0,2021-11-07 03:00:00,ETH/BTC,0.0734075,0.07348,0.0731975,0.0732275,46.42128592400396,3.399314715
1636250400000.0,2021-11-07 02:00:00,ETH/BTC,0.0736,0.0736775,0.07332,0.0734075,50.70353761536627,3.7220199375
1636246800000.0,2021-11-07 01:00:00,ETH/BTC,0.0734225,0.07365,0.073135,0.0736,264.7744573709239,19.4874000625
1636243200000.0,2021-11-07 00:00:00,ETH/BTC,0.0735,0.07383,0.07332,0.0734225,274.87510170588035,20.182017155
1636239600000.0,2021-11-06 23:00:00,ETH/BTC,0.0733625,0.0735,0.0733525,0.0735,77.53755581632653,5.6990103525
1636236000000.0,2021-11-06 22:00:00,ETH/BTC,0.07348,0.07351,0.0733075,0.0733625,175.669712216732,12.8875692625
1636232400000.0,2021-11-06 21:00:00,ETH/BTC,0.07331,0.0737,0.0732475,0.07348,147.28726374523677,10.82266814
1636228800000.0,2021-11-06 20:00:00,ETH/BTC,0.07346,0.07376,0.0732775,0.07331,491.26293445641795,36.014485725
1636225200000.0,2021-11-06 19:00:00,ETH/BTC,0.073095,0.0734675,0.07304,0.07346,246.23852235910698,18.0886818525
1636221600000.0,2021-11-06 18:00:00,ETH/BTC,0.0727725,0.0731325,0.0727725,0.073095,96.18576380053356,7.030698405
1636218000000.0,2021-11-06 17:00:00,ETH/BTC,0.0727175,0.073035,0.072675,0.0727725,294.470894671751,21.4293831825
1636214400000.0,2021-11-06 16:00:00,ETH/BTC,0.0725375,0.0727175,0.0724325,0.0727175,101.01196586103757,7.3453376275
1636210800000.0,2021-11-06 15:00:00,ETH/BTC,0.0725725,0.0725975,0.07242,0.0725375,171.43219172841634,12.4352626075
1636207200000.0,2021-11-06 14:00:00,ETH/BTC,0.0723775,0.07264,0.072285,0.0725725,886.2284369423679,64.31581324
1636203600000.0,2021-11-06 13:00:00,ETH/BTC,0.07239,0.0726075,0.0723525,0.0723775,203.25764101412733,14.7112799125
1636200000000.0,2021-11-06 12:00:00,ETH/BTC,0.07244,0.07244,0.071955,0.07239,423.8190925542202,30.68026411
1636196400000.0,2021-11-06 11:00:00,ETH/BTC,0.072605,0.0726325,0.07223,0.07244,584.4541343525676,42.3378574925
1636192800000.0,2021-11-06 10:00:00,ETH/BTC,0.0732375,0.073335,0.072345,0.072605,888.1761936850079,64.4860325425
1636189200000.0,2021-11-06 09:00:00,ETH/BTC,0.073285,0.07339,0.0732,0.0732375,53.01413377709507,3.8826226225
1636185600000.0,2021-11-06 08:00:00,ETH/BTC,0.0735375,0.0735575,0.07324,0.073285,166.57059797366446,12.2071262725
1636182000000.0,2021-11-06 07:00:00,ETH/BTC,0.0732925,0.07367,0.0732275,0.0735375,94.14645368009519,6.9232948375
1636178400000.0,2021-11-06 06:00:00,ETH/BTC,0.07336,0.0733825,0.0732125,0.0732925,210.33379987720437,15.4158900275
1636174800000.0,2021-11-06 05:00:00,ETH/BTC,0.073445,0.0734725,0.0733075,0.0733575,33.86880550727601,2.4845309
1636171200000.0,2021-11-06 04:00:00,ETH/BTC,0.073505,0.0735175,0.0733525,0.073445,34.5507182925999,2.537577505
1636167600000.0,2021-11-06 03:00:00,ETH/BTC,0.07351,0.073565,0.0733525,0.073505,96.2865136045167,7.0775401825
1636164000000.0,2021-11-06 02:00:00,ETH/BTC,0.0735075,0.0735825,0.0734975,0.07351,140.9798303292069,10.3634273275
1636160400000.0,2021-11-06 01:00:00,ETH/BTC,0.07355,0.0736875,0.0733425,0.0735075,283.3052273577526,20.825059
1636156800000.0,2021-11-06 00:00:00,ETH/BTC,0.0733975,0.0735725,0.073105,0.07355,626.7384613528211,46.0966138325
1636153200000.0,2021-11-05 23:00:00,ETH/BTC,0.0733625,0.0734775,0.07325,0.0733975,739.1195048877686,54.24952386
1636149600000.0,2021-11-05 22:00:00,ETH/BTC,0.0730525,0.0733875,0.0729875,0.0733625,79.89858282501278,5.8615597825
1636146000000.0,2021-11-05 21:00:00,ETH/BTC,0.073045,0.07331,0.0729725,0.0730525,76.27828609561617,5.572319495
1636142400000.0,2021-11-05 20:00:00,ETH/BTC,0.0735675,0.07366,0.073045,0.073045,94.31349719351086,6.8891294025
1636138800000.0,2021-11-05 19:00:00,ETH/BTC,0.0735525,0.0736425,0.073435,0.0735675,551.7184997111497,40.5885507275
1636135200000.0,2021-11-05 18:00:00,ETH/BTC,0.0735275,0.0737175,0.07348,0.0735525,381.92773080452736,28.09173942
1636131600000.0,2021-11-05 17:00:00,ETH/BTC,0.07364,0.0737775,0.0734675,0.0735275,82.73074733943083,6.082985025
1636128000000.0,2021-11-05 16:00:00,ETH/BTC,0.07339,0.07364,0.07336,0.07364,111.23030883351439,8.1909999425
1636124400000.0,2021-11-05 15:00:00,ETH/BTC,0.0732125,0.0734425,0.073015,0.07339,158.15199962528956,11.6067752525
1636120800000.0,2021-11-05 14:00:00,ETH/BTC,0.07313,0.073355,0.0731275,0.0732125,106.44259037049683,7.7929281475
1636117200000.0,2021-11-05 13:00:00,ETH/BTC,0.0730975,0.07331,0.0730725,0.07313,137.6464575413647,10.06608544
1636113600000.0,2021-11-05 12:00:00,ETH/BTC,0.0730075,0.07313,0.0728575,0.0730975,278.9650006840179,20.3916441375
1636110000000.0,2021-11-05 11:00:00,ETH/BTC,0.073075,0.0731975,0.07295,0.0730075,399.35491692634315,29.1559040975
1636106400000.0,2021-11-05 10:00:00,ETH/BTC,0.0730625,0.0731875,0.0730475,0.073075,284.78820431063974,20.81089803
1636102800000.0,2021-11-05 09:00:00,ETH/BTC,0.072995,0.07322,0.0729575,0.0730625,128.06053252352436,9.3564226575
1636099200000.0,2021-11-05 08:00:00,ETH/BTC,0.0729075,0.0730225,0.0728625,0.072995,156.97210130830877,11.458178535
1636095600000.0,2021-11-05 07:00:00,ETH/BTC,0.072845,0.072965,0.0727525,0.0729075,142.31799526797656,10.37604924
1636092000000.0,2021-11-05 06:00:00,ETH/BTC,0.073005,0.07316,0.07283,0.072845,55.180125849406274,4.0195962675
1636088400000.0,2021-11-05 05:00:00,ETH/BTC,0.072945,0.07307,0.07286,0.073005,104.59732062872405,7.6361273925
1636084800000.0,2021-11-05 04:00:00,ETH/BTC,0.0730275,0.073035,0.0727775,0.072945,60.709084789910214,4.42842419
1636081200000.0,2021-11-05 03:00:00,ETH/BTC,0.07307,0.07325,0.0728925,0.0730275,46.82588583068023,3.4195773775
1636077600000.0,2021-11-05 02:00:00,ETH/BTC,0.0732725,0.0733875,0.07307,0.07307,186.46137833584234,13.624732915
1636074000000.0,2021-11-05 01:00:00,ETH/BTC,0.073475,0.0735025,0.0732375,0.0732725,155.57996526664164,11.399733005
1636070400000.0,2021-11-05 00:00:00,ETH/BTC,0.0738325,0.07386,0.073455,0.073475,61.084521946240216,4.48818525
1636066800000.0,2021-11-04 23:00:00,ETH/BTC,0.0738675,0.0739975,0.07376,0.0738325,61.287267091050694,4.5249921475
1636063200000.0,2021-11-04 22:00:00,ETH/BTC,0.07371,0.07395,0.07365,0.0738675,195.4463664331404,14.4371344725
1636059600000.0,2021-11-04 21:00:00,ETH/BTC,0.0735775,0.0737775,0.07341,0.07371,270.3755472459639,19.9293815875
1636056000000.0,2021-11-04 20:00:00,ETH/BTC,0.07331,0.0736375,0.0732275,0.0735775,135.45795063028777,9.9666573625
1636052400000.0,2021-11-04 19:00:00,ETH/BTC,0.0731275,0.07331,0.0730125,0.07331,131.63416321102167,9.650100505
1636048800000.0,2021-11-04 18:00:00,ETH/BTC,0.0730075,0.073235,0.07272,0.0731275,187.27478619534375,13.6949369275
1636045200000.0,2021-11-04 17:00:00,ETH/BTC,0.0730725,0.0732475,0.07299,0.0730075,233.95918333732834,17.0807750775
1636041600000.0,2021-11-04 16:00:00,ETH/BTC,0.0734,0.07342,0.072925,0.0730725,463.6560688357453,33.88050809
1636038000000.0,2021-11-04 15:00:00,ETH/BTC,0.07338,0.07353,0.07322,0.0734,433.7106441757493,31.8343612825
1636034400000.0,2021-11-04 14:00:00,ETH/BTC,0.0732325,0.0736225,0.0732325,0.07338,264.78309781275556,19.4297837175
1636030800000.0,2021-11-04 13:00:00,ETH/BTC,0.07334,0.073355,0.07314,0.0732325,207.8404103710784,15.2206728525
1636027200000.0,2021-11-04 12:00:00,ETH/BTC,0.07336,0.0735,0.07333,0.07334,168.3258907144805,12.345020825
1636023600000.0,2021-11-04 11:00:00,ETH/BTC,0.0732575,0.073415,0.073185,0.07336,319.71916429253,23.4545978925
1636020000000.0,2021-11-04 10:00:00,ETH/BTC,0.0732,0.07336,0.072995,0.0732575,336.3581784117667,24.640759255
1636016400000.0,2021-11-04 09:00:00,ETH/BTC,0.0730775,0.07336,0.073015,0.0732,1288.5405370560109,94.3211673125
1636012800000.0,2021-11-04 08:00:00,ETH/BTC,0.0730075,0.0733,0.07298,0.0730775,348.69461903458654,25.4817310225
1636009200000.0,2021-11-04 07:00:00,ETH/BTC,0.073195,0.07321,0.072965,0.0730075,169.2337381433414,12.3553321375
1636005600000.0,2021-11-04 06:00:00,ETH/BTC,0.0727775,0.073235,0.0727225,0.073195,96.57323608169958,7.068678015
1636002000000.0,2021-11-04 05:00:00,ETH/BTC,0.0730375,0.07305,0.0727275,0.0727775,69.88774600666416,5.086255435
1635998400000.0,2021-11-04 04:00:00,ETH/BTC,0.073,0.0730375,0.0728975,0.0730375,59.46695225055621,4.343317525
1635994800000.0,2021-11-04 03:00:00,ETH/BTC,0.0729775,0.07303,0.0728875,0.073,96.20318181506849,7.0228322725
1635991200000.0,2021-11-04 02:00:00,ETH/BTC,0.07308,0.0733525,0.07297,0.0729775,774.973962419924,56.5556623425
1635987600000.0,2021-11-04 01:00:00,ETH/BTC,0.0728025,0.073225,0.07266,0.07308,950.2954539887793,69.4475917775
1635984000000.0,2021-11-04 00:00:00,ETH/BTC,0.0731575,0.0731925,0.072605,0.0728025,259.9393740599567,18.92423628
1635980400000.0,2021-11-03 23:00:00,ETH/BTC,0.0730975,0.07318,0.072875,0.0731575,80.269508560298,5.8723165725
1635976800000.0,2021-11-03 22:00:00,ETH/BTC,0.073005,0.0731075,0.07266,0.0730975,549.0840488046787,40.1366712575
1635973200000.0,2021-11-03 21:00:00,ETH/BTC,0.0735625,0.073595,0.0729825,0.073005,236.9767482706664,17.3004875075
1635969600000.0,2021-11-03 20:00:00,ETH/BTC,0.0736175,0.0736975,0.0733725,0.0735625,219.02619972812235,16.1121148175
1635966000000.0,2021-11-03 19:00:00,ETH/BTC,0.073695,0.0737425,0.0732675,0.0736175,405.83392987401095,29.8764793325
1635962400000.0,2021-11-03 18:00:00,ETH/BTC,0.0728025,0.07452,0.072795,0.073695,1821.7683228170163,134.25521655
1635958800000.0,2021-11-03 17:00:00,ETH/BTC,0.07278,0.0728775,0.072715,0.0728025,110.084250197452,8.014408625
1635955200000.0,2021-11-03 16:00:00,ETH/BTC,0.0730975,0.07311,0.072665,0.07278,215.32540220527616,15.6713827725
1635951600000.0,2021-11-03 15:00:00,ETH/BTC,0.072815,0.0731,0.0727775,0.0730975,251.22275638701737,18.363755435
1635948000000.0,2021-11-03 14:00:00,ETH/BTC,0.07251,0.0728175,0.0722725,0.072815,318.1379272127996,23.16521317
1635944400000.0,2021-11-03 13:00:00,ETH/BTC,0.0724025,0.072685,0.0722875,0.07251,425.2819363880844,30.8371932075
1635940800000.0,2021-11-03 12:00:00,ETH/BTC,0.0725425,0.0725425,0.072235,0.0724025,198.33073505749113,14.359641045
1635937200000.0,2021-11-03 11:00:00,ETH/BTC,0.0725025,0.0725725,0.0723125,0.0725425,165.51734683116794,12.0070421325
1635933600000.0,2021-11-03 10:00:00,ETH/BTC,0.0726,0.07281,0.0724525,0.0725025,186.5597616978725,13.5260491225
1635930000000.0,2021-11-03 09:00:00,ETH/BTC,0.07274,0.072895,0.07257,0.0726,229.11684855371902,16.633883205
1635926400000.0,2021-11-03 08:00:00,ETH/BTC,0.072715,0.0728525,0.07267,0.07274,183.0403264022546,13.3143533425
1635922800000.0,2021-11-03 07:00:00,ETH/BTC,0.07252,0.0728975,0.0725,0.072715,842.5440407068692,61.26558992
1635919200000.0,2021-11-03 06:00:00,ETH/BTC,0.07232,0.0725475,0.07232,0.07252,841.7923680364038,61.04678253
1635915600000.0,2021-11-03 05:00:00,ETH/BTC,0.0722975,0.0725375,0.072225,0.07232,206.45642225525444,14.9309284575
1635912000000.0,2021-11-03 04:00:00,ETH/BTC,0.07259,0.0726575,0.07227,0.0722975,151.8329236488122,10.9771407975
1635908400000.0,2021-11-03 03:00:00,ETH/BTC,0.07281,0.072845,0.072525,0.07259,222.11275,16.1231645225
1635904800000.0,2021-11-03 02:00:00,ETH/BTC,0.07303,0.07303,0.072725,0.07281,186.17250284988327,13.5552199325
1635901200000.0,2021-11-03 01:00:00,ETH/BTC,0.07296,0.0732025,0.0728775,0.07303,432.8547889223607,31.611385235
1635897600000.0,2021-11-03 00:00:00,ETH/BTC,0.0725925,0.07308,0.07237,0.07296,190.58084748492325,13.9047786325
1635894000000.0,2021-11-02 23:00:00,ETH/BTC,0.072215,0.07306,0.0721925,0.0725925,1104.6937800048215,80.192483225
1635890400000.0,2021-11-02 22:00:00,ETH/BTC,0.07185,0.0723875,0.07177,0.072215,796.523649518798,57.52095535
1635886800000.0,2021-11-02 21:00:00,ETH/BTC,0.071325,0.072,0.0711725,0.07185,582.205354940849,41.8314547525
1635883200000.0,2021-11-02 20:00:00,ETH/BTC,0.0709375,0.07159,0.0709375,0.071325,1139.6674675779882,81.286782125
1635879600000.0,2021-11-02 19:00:00,ETH/BTC,0.071115,0.071265,0.0709375,0.0709375,848.7350982202643,60.20714603
1635876000000.0,2021-11-02 18:00:00,ETH/BTC,0.070545,0.0711525,0.07053,0.071115,638.6447175349786,45.4172190875
1635872400000.0,2021-11-02 17:00:00,ETH/BTC,0.0706975,0.0707025,0.07051,0.070545,788.4709047770926,55.6226799775
1635868800000.0,2021-11-02 16:00:00,ETH/BTC,0.070475,0.07081,0.070205,0.0706975,937.9718478022561,66.31226471
1635865200000.0,2021-11-02 15:00:00,ETH/BTC,0.07054,0.070905,0.07031,0.070475,478.69521479247965,33.7360452625
1635861600000.0,2021-11-02 14:00:00,ETH/BTC,0.070815,0.070875,0.070345,0.07054,777.6725393393818,54.857020925
1635858000000.0,2021-11-02 13:00:00,ETH/BTC,0.0704075,0.0708375,0.0704075,0.070815,887.2280519663913,62.8290545
1635854400000.0,2021-11-02 12:00:00,ETH/BTC,0.0701375,0.0704775,0.07011,0.0704075,678.9999278841033,47.8066874225
1635850800000.0,2021-11-02 11:00:00,ETH/BTC,0.0703,0.0704375,0.070115,0.0701375,330.4138506505079,23.17440145
1635847200000.0,2021-11-02 10:00:00,ETH/BTC,0.0702,0.07071,0.0699725,0.0703,620.9585440967282,43.65338565
1635843600000.0,2021-11-02 09:00:00,ETH/BTC,0.0706525,0.0707675,0.06997,0.0702,354.0346710826211,24.85323391
1635840000000.0,2021-11-02 08:00:00,ETH/BTC,0.07054,0.0708075,0.07054,0.0706525,61.178058632037086,4.3223827875
1635836400000.0,2021-11-02 07:00:00,ETH/BTC,0.07085,0.0708975,0.0704975,0.07054,96.44366607598525,6.803136205
1635832800000.0,2021-11-02 06:00:00,ETH/BTC,0.0706725,0.0710175,0.070635,0.07085,479.2629368736768,33.9557790775
1635829200000.0,2021-11-02 05:00:00,ETH/BTC,0.07103,0.0710975,0.0705375,0.0706725,148.70403997311544,10.509286265
1635825600000.0,2021-11-02 04:00:00,ETH/BTC,0.0707175,0.071105,0.0705825,0.07103,103.18015669435451,7.32888653
1635822000000.0,2021-11-02 03:00:00,ETH/BTC,0.0707075,0.070835,0.0706075,0.0707175,28.605517764344043,2.0229107025
1635818400000.0,2021-11-02 02:00:00,ETH/BTC,0.0704525,0.0707275,0.0704525,0.0707075,49.2486811865785,3.482251125
1635814800000.0,2021-11-02 01:00:00,ETH/BTC,0.070725,0.0708,0.07041,0.0704525,171.31290124552,12.069422175
1635811200000.0,2021-11-02 00:00:00,ETH/BTC,0.0709175,0.07099,0.0706,0.0707325,140.0892034425476,9.9088595825
1635807600000.0,2021-11-01 23:00:00,ETH/BTC,0.0704575,0.0709375,0.0704575,0.0709175,128.47398558183806,9.1110538725
1635804000000.0,2021-11-01 22:00:00,ETH/BTC,0.0707225,0.0709125,0.0704075,0.0704575,176.66738441613737,12.4475422375
1635800400000.0,2021-11-01 21:00:00,ETH/BTC,0.07098,0.071015,0.070575,0.0707225,168.40374753437732,11.909934035
1635796800000.0,2021-11-01 20:00:00,ETH/BTC,0.071045,0.0713275,0.0709425,0.07098,499.2083283671456,35.4338071475
1635793200000.0,2021-11-01 19:00:00,ETH/BTC,0.0709625,0.0712075,0.0708225,0.071045,419.0072022309804,29.7683666825
1635789600000.0,2021-11-01 18:00:00,ETH/BTC,0.0705025,0.0709675,0.070425,0.0709625,803.1657882684517,56.99465225
1635786000000.0,2021-11-01 17:00:00,ETH/BTC,0.07039,0.07054,0.0703075,0.0705025,205.03648952164818,14.4555851025
1635782400000.0,2021-11-01 16:00:00,ETH/BTC,0.07066,0.0708325,0.070375,0.07039,263.1751161386561,18.524896425
1635778800000.0,2021-11-01 15:00:00,ETH/BTC,0.07043,0.0707075,0.0704175,0.07066,219.09691168978205,15.48138778
1635775200000.0,2021-11-01 14:00:00,ETH/BTC,0.070615,0.070655,0.0703475,0.0704275,373.6459717084945,26.3149516725
1635771600000.0,2021-11-01 13:00:00,ETH/BTC,0.07027,0.070615,0.0702325,0.070615,1140.4896228846562,80.53567472
1635768000000.0,2021-11-01 12:00:00,ETH/BTC,0.0698175,0.0704725,0.0698175,0.07027,520.5009005265405,36.57559828
1635764400000.0,2021-11-01 11:00:00,ETH/BTC,0.06952,0.07009,0.06952,0.0698175,352.78089576395604,24.63028019
1635760800000.0,2021-11-01 10:00:00,ETH/BTC,0.069685,0.069865,0.06949,0.06952,462.87691883630606,32.1792033975
1635757200000.0,2021-11-01 09:00:00,ETH/BTC,0.069625,0.0699025,0.069625,0.069685,388.90325895099375,27.1007236
1635753600000.0,2021-11-01 08:00:00,ETH/BTC,0.0691875,0.069755,0.0691475,0.069625,572.0950183123878,39.83211565
1635750000000.0,2021-11-01 07:00:00,ETH/BTC,0.0698075,0.069885,0.0691475,0.0691875,517.3970351580849,35.79740737
1635746400000.0,2021-11-01 06:00:00,ETH/BTC,0.0696925,0.069905,0.069605,0.0698075,211.5674668552806,14.7689959425
1635742800000.0,2021-11-01 05:00:00,ETH/BTC,0.06987,0.0700025,0.0696625,0.0696925,172.04455626502133,11.9902152375
1635739200000.0,2021-11-01 04:00:00,ETH/BTC,0.0699425,0.0699725,0.0696025,0.06987,249.33129694432515,17.4207777175
1635735600000.0,2021-11-01 03:00:00,ETH/BTC,0.0699625,0.0700625,0.06976,0.0699425,232.49764338563818,16.2614664225
1635732000000.0,2021-11-01 02:00:00,ETH/BTC,0.070065,0.0707475,0.0698475,0.0699625,425.5027097373593,29.76923333
1635728400000.0,2021-11-01 01:00:00,ETH/BTC,0.070125,0.0701575,0.069875,0.070065,101.03685813173482,7.079147465
1635724800000.0,2021-11-01 00:00:00,ETH/BTC,0.0699125,0.0701675,0.0699125,0.070125,121.98665183600711,8.55431396
1635721200000.0,2021-10-31 23:00:00,ETH/BTC,0.06995,0.069985,0.069765,0.0699125,113.48383075272662,7.9339383175
1635717600000.0,2021-10-31 22:00:00,ETH/BTC,0.0701,0.070165,0.06995,0.06995,142.35190646890638,9.9575158575
1635714000000.0,2021-10-31 21:00:00,ETH/BTC,0.0699925,0.0703775,0.06981,0.0700975,310.90203131352763,21.79345514
1635710400000.0,2021-10-31 20:00:00,ETH/BTC,0.06998,0.0700775,0.069805,0.0699925,160.9175427010037,11.2630211075
1635706800000.0,2021-10-31 19:00:00,ETH/BTC,0.07001,0.07014,0.06995,0.06998,118.09589450557301,8.2643506975
1635703200000.0,2021-10-31 18:00:00,ETH/BTC,0.0699475,0.0700175,0.06978,0.07001,174.2500913440937,12.199248895
1635699600000.0,2021-10-31 17:00:00,ETH/BTC,0.069815,0.070045,0.0698025,0.0699475,350.14443396833343,24.491727795
1635696000000.0,2021-10-31 16:00:00,ETH/BTC,0.069685,0.0699475,0.069595,0.069815,551.1043630308673,38.475351105
1635692400000.0,2021-10-31 15:00:00,ETH/BTC,0.0695725,0.06977,0.0694675,0.069685,292.2057100882543,20.3623549075
1635688800000.0,2021-10-31 14:00:00,ETH/BTC,0.0696575,0.06988,0.0695025,0.0695725,355.84906284810813,24.757308925
1635685200000.0,2021-10-31 13:00:00,ETH/BTC,0.06945,0.06968,0.0694175,0.0696575,211.6639492516958,14.743981545
1635681600000.0,2021-10-31 12:00:00,ETH/BTC,0.0695775,0.0696825,0.068925,0.06945,529.7469740460764,36.7909273475
1635678000000.0,2021-10-31 11:00:00,ETH/BTC,0.0699225,0.070045,0.06948,0.0695775,499.54565743235963,34.75713798
1635674400000.0,2021-10-31 10:00:00,ETH/BTC,0.07023,0.070245,0.0698775,0.0699225,163.78753083771318,11.452433625
1635670800000.0,2021-10-31 09:00:00,ETH/BTC,0.0702925,0.07034,0.07005,0.07023,159.8283911077887,11.2247479075
1635667200000.0,2021-10-31 08:00:00,ETH/BTC,0.0703725,0.070595,0.0702125,0.0702925,237.24433890528863,16.6764976925
1635663600000.0,2021-10-31 07:00:00,ETH/BTC,0.0704325,0.070625,0.0703,0.0703725,124.73995236065223,8.7782622975
1635660000000.0,2021-10-31 06:00:00,ETH/BTC,0.0706325,0.0706925,0.0702875,0.0704325,117.26022496716715,8.258930795
1635656400000.0,2021-10-31 05:00:00,ETH/BTC,0.0711375,0.0711825,0.070485,0.0706325,217.77550061940326,15.3820280475
1635652800000.0,2021-10-31 04:00:00,ETH/BTC,0.07081,0.0712125,0.07079,0.0711375,178.89333871024425,12.7260248825
1635649200000.0,2021-10-31 03:00:00,ETH/BTC,0.0707,0.0709375,0.0705575,0.07081,228.7283547874594,16.1962548025
1635645600000.0,2021-10-31 02:00:00,ETH/BTC,0.070185,0.07072,0.070175,0.0707025,180.68823082634984,12.77510964
1635642000000.0,2021-10-31 01:00:00,ETH/BTC,0.0702925,0.07046,0.069965,0.070185,242.75374955474817,17.0376719125
1635638400000.0,2021-10-31 00:00:00,ETH/BTC,0.0698625,0.0704775,0.0695775,0.0702925,267.56460219795855,18.8077848
1635634800000.0,2021-10-30 23:00:00,ETH/BTC,0.0696525,0.07001,0.0695425,0.0698625,190.597400930399,13.3156109225
1635631200000.0,2021-10-30 22:00:00,ETH/BTC,0.0697425,0.0697775,0.0693575,0.0696525,323.53159865044324,22.534784675
1635627600000.0,2021-10-30 21:00:00,ETH/BTC,0.069905,0.0699575,0.0695625,0.0697425,605.4918049252608,42.228512205
1635624000000.0,2021-10-30 20:00:00,ETH/BTC,0.070245,0.07027,0.0697725,0.069905,473.213084900937,33.0799607
1635620400000.0,2021-10-30 19:00:00,ETH/BTC,0.0702075,0.0703325,0.0701425,0.070245,115.79531724677913,8.13404206
1635616800000.0,2021-10-30 18:00:00,ETH/BTC,0.0700725,0.070215,0.0699625,0.0702075,132.63844589253284,9.31221369
1635613200000.0,2021-10-30 17:00:00,ETH/BTC,0.0699775,0.0702175,0.0699,0.0700725,417.2544397231439,29.2380617275
1635609600000.0,2021-10-30 16:00:00,ETH/BTC,0.0697875,0.070055,0.0697175,0.0699775,115.5072176771105,8.082906325
1635606000000.0,2021-10-30 15:00:00,ETH/BTC,0.069915,0.0700375,0.0697325,0.0697875,196.6430340318825,13.7232257375
1635602400000.0,2021-10-30 14:00:00,ETH/BTC,0.0700475,0.07036,0.0697525,0.069915,359.673274547665,25.14655699
1635598800000.0,2021-10-30 13:00:00,ETH/BTC,0.0701725,0.0701725,0.0698,0.0700475,185.70002241336238,13.00782232
1635595200000.0,2021-10-30 12:00:00,ETH/BTC,0.070335,0.07043,0.07013,0.0701725,135.02190038832876,9.474824305
1635591600000.0,2021-10-30 11:00:00,ETH/BTC,0.0703,0.070385,0.07024,0.070335,116.41705825691335,8.1881937925
1635588000000.0,2021-10-30 10:00:00,ETH/BTC,0.0703225,0.0703625,0.070225,0.0703,58.05661792318634,4.08138024
1635584400000.0,2021-10-30 09:00:00,ETH/BTC,0.07043,0.070475,0.0702375,0.0703225,350.75347541682964,24.665861275
1635580800000.0,2021-10-30 08:00:00,ETH/BTC,0.0706125,0.070675,0.070215,0.07043,191.03854930427372,13.4548450275
1635577200000.0,2021-10-30 07:00:00,ETH/BTC,0.07062,0.070735,0.0704725,0.0706125,100.4698946716233,7.0944304375
1635573600000.0,2021-10-30 06:00:00,ETH/BTC,0.0707875,0.070865,0.0706175,0.07062,411.3961177782498,29.0527938375
1635570000000.0,2021-10-30 05:00:00,ETH/BTC,0.07052,0.07081,0.07052,0.0707875,124.40326279357231,8.806195965
1635566400000.0,2021-10-30 04:00:00,ETH/BTC,0.0703825,0.0706275,0.07034,0.07052,67.61805048213273,4.76842492
1635562800000.0,2021-10-30 03:00:00,ETH/BTC,0.0704325,0.0704775,0.070235,0.0703825,73.99752942848008,5.208131115
1635559200000.0,2021-10-30 02:00:00,ETH/BTC,0.070315,0.070465,0.07018,0.0704325,84.94979221240195,5.98322624
1635555600000.0,2021-10-30 01:00:00,ETH/BTC,0.07066,0.070705,0.070315,0.070315,150.96796586788025,10.61531252
1635552000000.0,2021-10-30 00:00:00,ETH/BTC,0.0709575,0.07109,0.0704775,0.07066,318.71215111095387,22.5202005975
1635548400000.0,2021-10-29 23:00:00,ETH/BTC,0.07089,0.0710025,0.07077,0.0709575,270.687439770285,19.2073040075
1635544800000.0,2021-10-29 22:00:00,ETH/BTC,0.07084,0.070905,0.07064,0.07089,109.77783925800537,7.782151025
1635541200000.0,2021-10-29 21:00:00,ETH/BTC,0.0705525,0.07084,0.07053,0.07084,123.03940549124789,8.716111485
1635537600000.0,2021-10-29 20:00:00,ETH/BTC,0.0704175,0.0707575,0.0704025,0.0705525,301.77292579993616,21.2908343475
1635534000000.0,2021-10-29 19:00:00,ETH/BTC,0.07046,0.070675,0.0702,0.0704175,182.93952060922356,12.8821436925
1635530400000.0,2021-10-29 18:00:00,ETH/BTC,0.0708,0.070815,0.07031,0.07046,496.813504577065,35.0054795325
1635526800000.0,2021-10-29 17:00:00,ETH/BTC,0.0706825,0.0709375,0.070635,0.0708,637.4199526836159,45.12933265
1635523200000.0,2021-10-29 16:00:00,ETH/BTC,0.07128,0.07131,0.07041,0.0706825,589.8189661868214,41.6898790775
1635519600000.0,2021-10-29 15:00:00,ETH/BTC,0.07094,0.071365,0.0705225,0.07128,1166.300848063973,83.13392445
1635516000000.0,2021-10-29 14:00:00,ETH/BTC,0.071275,0.071415,0.07091,0.07094,334.01537211023395,23.6950504975
1635512400000.0,2021-10-29 13:00:00,ETH/BTC,0.0707825,0.0713775,0.070665,0.071275,566.0191663626797,40.3430160825
1635508800000.0,2021-10-29 12:00:00,ETH/BTC,0.0708725,0.0709475,0.0706125,0.0707825,430.0862877476778,30.4425826625
1635505200000.0,2021-10-29 11:00:00,ETH/BTC,0.070985,0.0710075,0.07069,0.0708725,478.36241740449395,33.9027404275
1635501600000.0,2021-10-29 10:00:00,ETH/BTC,0.071165,0.0713975,0.0709525,0.070985,422.33631598224974,29.97954339
1635498000000.0,2021-10-29 09:00:00,ETH/BTC,0.07125,0.0715175,0.071115,0.071165,1051.4155366050727,74.8239866625
1635494400000.0,2021-10-29 08:00:00,ETH/BTC,0.0711775,0.07131,0.0685225,0.07125,1225.7805970877193,87.3368675425
1635490800000.0,2021-10-29 07:00:00,ETH/BTC,0.07078,0.07129,0.07076,0.0711775,1018.8928430683852,72.5222453375
1635487200000.0,2021-10-29 06:00:00,ETH/BTC,0.070845,0.0710575,0.070745,0.07078,936.9968944617125,66.32064019
1635483600000.0,2021-10-29 05:00:00,ETH/BTC,0.0707825,0.071085,0.07064,0.070845,491.793152727786,34.841085905
1635480000000.0,2021-10-29 04:00:00,ETH/BTC,0.0710325,0.0712175,0.0700725,0.0707825,1710.4778951011904,121.07190161
1635476400000.0,2021-10-29 03:00:00,ETH/BTC,0.0708175,0.071285,0.0707975,0.0710325,830.1603876042657,58.9683677325
1635472800000.0,2021-10-29 02:00:00,ETH/BTC,0.070905,0.0712075,0.0707675,0.0708175,379.0430335722102,26.84288003
1635469200000.0,2021-10-29 01:00:00,ETH/BTC,0.07095,0.071765,0.070595,0.070905,1506.5795309569144,106.8240216425
1635465600000.0,2021-10-29 00:00:00,ETH/BTC,0.070745,0.07155,0.07063,0.07095,1327.8820758280478,94.21323328
1635462000000.0,2021-10-28 23:00:00,ETH/BTC,0.07024,0.0707575,0.070195,0.070745,1051.1847146088064,74.366062635
1635458400000.0,2021-10-28 22:00:00,ETH/BTC,0.0700225,0.0703975,0.069885,0.07024,477.82404224800683,33.5623607275
1635454800000.0,2021-10-28 21:00:00,ETH/BTC,0.0692675,0.07005,0.06926,0.0700225,726.6843337498661,50.88425376
1635451200000.0,2021-10-28 20:00:00,ETH/BTC,0.0694575,0.0695875,0.0687925,0.0692675,1009.8885380228825,69.9524543075
1635447600000.0,2021-10-28 19:00:00,ETH/BTC,0.0695075,0.070295,0.0694375,0.0694575,1225.4255885613504,85.1149978175
1635444000000.0,2021-10-28 18:00:00,ETH/BTC,0.0690875,0.0714,0.06882,0.06953,2164.246218323026,150.48003956
1635440400000.0,2021-10-28 17:00:00,ETH/BTC,0.0684,0.0695,0.0684,0.0690875,2181.9954414329654,150.74861006
1635436800000.0,2021-10-28 16:00:00,ETH/BTC,0.0679075,0.0684625,0.06788,0.0684,203.08138245614035,13.89076656
1635433200000.0,2021-10-28 15:00:00,ETH/BTC,0.068075,0.068185,0.0678525,0.0679075,264.3036199241616,17.94819807
1635429600000.0,2021-10-28 14:00:00,ETH/BTC,0.0680825,0.068085,0.06788,0.068075,120.80298075651855,8.223662915
1635426000000.0,2021-10-28 13:00:00,ETH/BTC,0.068325,0.0683425,0.0679375,0.0680825,370.8383730400617,25.2476035325
1635422400000.0,2021-10-28 12:00:00,ETH/BTC,0.0681,0.0684,0.067955,0.068325,282.5946432125869,19.3082789975
1635418800000.0,2021-10-28 11:00:00,ETH/BTC,0.067965,0.068165,0.0677475,0.0681,158.9284894640235,10.8230301325
1635415200000.0,2021-10-28 10:00:00,ETH/BTC,0.068195,0.06839,0.0679325,0.067965,1349.1766550062532,91.6967913575
1635411600000.0,2021-10-28 09:00:00,ETH/BTC,0.0682975,0.0683575,0.06768,0.068195,889.090644328763,60.63153649
1635408000000.0,2021-10-28 08:00:00,ETH/BTC,0.0679575,0.0686275,0.0679325,0.0682975,672.5121164757129,45.930896275
1635404400000.0,2021-10-28 07:00:00,ETH/BTC,0.0681075,0.068265,0.0679425,0.0679575,277.792401022698,18.8780770925
1635400800000.0,2021-10-28 06:00:00,ETH/BTC,0.06808,0.068195,0.06778,0.0681075,282.79997059795176,19.2607989975
1635397200000.0,2021-10-28 05:00:00,ETH/BTC,0.067935,0.0680825,0.067865,0.06808,228.91146474735604,15.58429252
1635393600000.0,2021-10-28 04:00:00,ETH/BTC,0.0678975,0.068,0.0677625,0.0679375,400.2877809383625,27.1945511175
1635390000000.0,2021-10-28 03:00:00,ETH/BTC,0.0678575,0.0680025,0.0676825,0.0678975,404.04373345852207,27.4335593925
1635386400000.0,2021-10-28 02:00:00,ETH/BTC,0.0677925,0.0678625,0.0676425,0.06786,359.6810325302092,24.4079548675
1635382800000.0,2021-10-28 01:00:00,ETH/BTC,0.0671775,0.067795,0.067,0.0677925,492.41955474425635,33.382352665
1635379200000.0,2021-10-28 00:00:00,ETH/BTC,0.06713,0.0674225,0.0670675,0.0671825,661.0758452722063,44.412727975
1635375600000.0,2021-10-27 23:00:00,ETH/BTC,0.06765,0.067765,0.06701,0.06713,592.6088881647551,39.7818346625
1635372000000.0,2021-10-27 22:00:00,ETH/BTC,0.0679775,0.0679925,0.06765,0.06765,401.14580284552846,27.1375135625
1635368400000.0,2021-10-27 21:00:00,ETH/BTC,0.06759,0.06803,0.06758,0.0679775,76.7097482255158,5.21453691
1635364800000.0,2021-10-27 20:00:00,ETH/BTC,0.06767,0.067755,0.067485,0.06759,580.3339459979287,39.22477141
1635361200000.0,2021-10-27 19:00:00,ETH/BTC,0.0675275,0.06804,0.0672625,0.06767,788.5395872247673,53.3604738675
1635357600000.0,2021-10-27 18:00:00,ETH/BTC,0.0676875,0.0679225,0.0671425,0.0675275,216.36130569027432,14.61033807
1635354000000.0,2021-10-27 17:00:00,ETH/BTC,0.0675725,0.067845,0.0675425,0.0676875,247.36147711911357,16.7432799825
1635350400000.0,2021-10-27 16:00:00,ETH/BTC,0.0679025,0.06804,0.0674675,0.0675725,347.55408320692595,23.4850982875
1635346800000.0,2021-10-27 15:00:00,ETH/BTC,0.06785,0.0680175,0.0677,0.0679025,111.25364125032215,7.554400375
1635343200000.0,2021-10-27 14:00:00,ETH/BTC,0.0676525,0.0680775,0.06754,0.06785,446.08151521739137,30.2666308075
1635339600000.0,2021-10-27 13:00:00,ETH/BTC,0.06797,0.068085,0.0676475,0.0676525,1694.8360295258858,114.6598944875
1635336000000.0,2021-10-27 12:00:00,ETH/BTC,0.06815,0.068245,0.0678775,0.06797,180.39601246873622,12.2615169675
1635332400000.0,2021-10-27 11:00:00,ETH/BTC,0.06822,0.068375,0.068075,0.06815,402.3701747248716,27.4215274075
1635328800000.0,2021-10-27 10:00:00,ETH/BTC,0.0681725,0.068245,0.067795,0.06822,578.1351288844913,39.4403784925
1635325200000.0,2021-10-27 09:00:00,ETH/BTC,0.06831,0.06832,0.06761,0.0681725,922.5271260405589,62.8909805
1635321600000.0,2021-10-27 08:00:00,ETH/BTC,0.06899,0.0692575,0.06775,0.06831,2026.3859167398623,138.4224219725
1635318000000.0,2021-10-27 07:00:00,ETH/BTC,0.0698375,0.0698375,0.06899,0.06899,965.0876099797073,66.5813942125
1635314400000.0,2021-10-27 06:00:00,ETH/BTC,0.070145,0.07033,0.06968,0.0698375,770.5546204403079,53.813608305
1635310800000.0,2021-10-27 05:00:00,ETH/BTC,0.0701275,0.070615,0.06984,0.070145,2294.2930717086033,160.933187515
1635307200000.0,2021-10-27 04:00:00,ETH/BTC,0.0693575,0.070555,0.069355,0.0702925,4937.553973574706,347.0730126875
1635303600000.0,2021-10-27 03:00:00,ETH/BTC,0.069185,0.06954,0.0690675,0.0693575,973.259232815485,67.50282724
1635300000000.0,2021-10-27 02:00:00,ETH/BTC,0.0685475,0.0692525,0.0685275,0.069185,512.3880601647757,35.4495679425
1635296400000.0,2021-10-27 01:00:00,ETH/BTC,0.0685275,0.0686775,0.0684175,0.0685475,381.62517400342824,26.159451615
1635292800000.0,2021-10-27 00:00:00,ETH/BTC,0.0684775,0.068565,0.0682675,0.0685275,107.57570344022471,7.3718940175
1635289200000.0,2021-10-26 23:00:00,ETH/BTC,0.06834,0.0684975,0.06809,0.0684775,1076.4921658939068,73.71549229
1635285600000.0,2021-10-26 22:00:00,ETH/BTC,0.0691475,0.069365,0.06829,0.06834,778.3692262584138,53.1937529225
1635282000000.0,2021-10-26 21:00:00,ETH/BTC,0.0686625,0.069365,0.0686625,0.0691475,934.4761344227918,64.616688505
1635278400000.0,2021-10-26 20:00:00,ETH/BTC,0.0679375,0.0691325,0.0679375,0.06866,916.6978684095543,62.940475645
1635274800000.0,2021-10-26 19:00:00,ETH/BTC,0.06757,0.0680575,0.06757,0.0679375,585.6754795216192,39.78932789
1635271200000.0,2021-10-26 18:00:00,ETH/BTC,0.067505,0.06776,0.0673575,0.06757,275.45101920230866,18.6122253675
1635267600000.0,2021-10-26 17:00:00,ETH/BTC,0.06716,0.0675125,0.06702,0.067505,116.96964395229985,7.896035815
1635264000000.0,2021-10-26 16:00:00,ETH/BTC,0.0669675,0.06718,0.0668425,0.06716,147.57161584276355,9.91090972
1635260400000.0,2021-10-26 15:00:00,ETH/BTC,0.067025,0.06709,0.06681,0.0669675,193.65759327285625,12.9687648775
1635256800000.0,2021-10-26 14:00:00,ETH/BTC,0.0673025,0.0673025,0.0668,0.067025,526.8845668034315,35.31443809
1635253200000.0,2021-10-26 13:00:00,ETH/BTC,0.067065,0.06742,0.067035,0.0673025,603.7159874818915,40.6315952475
1635249600000.0,2021-10-26 12:00:00,ETH/BTC,0.06715,0.067185,0.06702,0.067065,125.95033918586446,8.4468594975
1635246000000.0,2021-10-26 11:00:00,ETH/BTC,0.0671,0.06715,0.06698,0.06715,191.89833797468356,12.885973395
1635242400000.0,2021-10-26 10:00:00,ETH/BTC,0.067145,0.0671875,0.06698,0.0671,105.2185145305514,7.060162325
1635238800000.0,2021-10-26 09:00:00,ETH/BTC,0.0670625,0.067205,0.06698,0.067145,157.08230125102392,10.5472911175
1635235200000.0,2021-10-26 08:00:00,ETH/BTC,0.0672575,0.06728,0.0669425,0.0670625,104.47825595526562,7.00657304
1635231600000.0,2021-10-26 07:00:00,ETH/BTC,0.0672025,0.0672875,0.0671575,0.0672575,91.77596859086347,6.1726222075
1635228000000.0,2021-10-26 06:00:00,ETH/BTC,0.067305,0.0673675,0.0671475,0.0672025,178.69069391019679,12.0084613575
1635224400000.0,2021-10-26 05:00:00,ETH/BTC,0.0673675,0.0674175,0.0673025,0.067305,81.67914857737166,5.497415095
1635220800000.0,2021-10-26 04:00:00,ETH/BTC,0.0673125,0.0674875,0.0672425,0.0673675,162.4957679519056,10.9469336475
1635217200000.0,2021-10-26 03:00:00,ETH/BTC,0.067485,0.0675675,0.06729,0.0673125,85.84153147632313,5.7782080875
1635213600000.0,2021-10-26 02:00:00,ETH/BTC,0.067275,0.0675675,0.0672725,0.067485,446.32622964362446,30.1203256075
1635210000000.0,2021-10-26 01:00:00,ETH/BTC,0.0671725,0.0673475,0.0671175,0.067275,56.735957599405424,3.8169115475
1635206400000.0,2021-10-26 00:00:00,ETH/BTC,0.066905,0.06759,0.066845,0.0671725,412.75890717927723,27.7260476925
1635202800000.0,2021-10-25 23:00:00,ETH/BTC,0.06698,0.0669925,0.0667375,0.066905,141.1167425454002,9.44141566
1635199200000.0,2021-10-25 22:00:00,ETH/BTC,0.06669,0.06714,0.0666525,0.06698,121.00940138847417,8.105209705
1635195600000.0,2021-10-25 21:00:00,ETH/BTC,0.06682,0.06684,0.0664425,0.06669,404.0803385814965,26.94811778
1635192000000.0,2021-10-25 20:00:00,ETH/BTC,0.06672,0.0669775,0.066715,0.06682,445.06230252918283,29.739063055
1635188400000.0,2021-10-25 19:00:00,ETH/BTC,0.066695,0.0667575,0.06652,0.06672,425.4927417565947,28.38887573
1635184800000.0,2021-10-25 18:00:00,ETH/BTC,0.066325,0.066765,0.0663125,0.066695,285.8794859809581,19.0667323175
1635181200000.0,2021-10-25 17:00:00,ETH/BTC,0.0664875,0.0665975,0.06631,0.066325,243.98689551451187,16.182430845
1635177600000.0,2021-10-25 16:00:00,ETH/BTC,0.0662,0.0665325,0.06608,0.0664875,869.6429213385974,57.8203837325
1635174000000.0,2021-10-25 15:00:00,ETH/BTC,0.0655625,0.0662,0.065315,0.0662,1175.2683431646528,77.8027643175
1635170400000.0,2021-10-25 14:00:00,ETH/BTC,0.0657675,0.065935,0.0655375,0.0655625,293.3011490181125,19.2295565825
1635166800000.0,2021-10-25 13:00:00,ETH/BTC,0.0657,0.0658225,0.0655,0.0657675,187.3660098452883,12.3225940525
1635163200000.0,2021-10-25 12:00:00,ETH/BTC,0.0657525,0.0658325,0.0655775,0.0657,234.7857430365297,15.4254233175
1635159600000.0,2021-10-25 11:00:00,ETH/BTC,0.0657875,0.06581,0.065635,0.0657525,287.1893975514239,18.8834208625
1635156000000.0,2021-10-25 10:00:00,ETH/BTC,0.065905,0.0660225,0.0656925,0.0657875,484.7749219456584,31.8921301775
1635152400000.0,2021-10-25 09:00:00,ETH/BTC,0.06575,0.065935,0.06572,0.065905,533.5481515059555,35.163490925
1635148800000.0,2021-10-25 08:00:00,ETH/BTC,0.06622,0.0662225,0.0657225,0.06575,601.720918365019,39.5631503825
1635145200000.0,2021-10-25 07:00:00,ETH/BTC,0.0664775,0.0665275,0.06618,0.06622,404.74774229839926,26.802395495
1635141600000.0,2021-10-25 06:00:00,ETH/BTC,0.0666975,0.0667625,0.06617,0.0664775,466.2446402918281,30.994778075
1635138000000.0,2021-10-25 05:00:00,ETH/BTC,0.0668425,0.066865,0.0665575,0.0666975,77.33718272798829,5.158196745
1635134400000.0,2021-10-25 04:00:00,ETH/BTC,0.0666075,0.066945,0.066565,0.0668425,154.23523577813518,10.3094687475
1635130800000.0,2021-10-25 03:00:00,ETH/BTC,0.0666975,0.06679,0.0665,0.0666075,138.62996978568478,9.2337957125
1635127200000.0,2021-10-25 02:00:00,ETH/BTC,0.0667025,0.066795,0.0666,0.0666975,109.01261130477153,7.2708686425
1635123600000.0,2021-10-25 01:00:00,ETH/BTC,0.06683,0.066855,0.06659,0.0667025,762.535099733893,50.86299749
1635120000000.0,2021-10-25 00:00:00,ETH/BTC,0.067095,0.06723,0.0668,0.0668275,237.39461363211254,15.8644885425
1635116400000.0,2021-10-24 23:00:00,ETH/BTC,0.0668825,0.0671,0.0668,0.067095,122.57047820254861,8.223866235
1635112800000.0,2021-10-24 22:00:00,ETH/BTC,0.0669125,0.0670875,0.066745,0.0668825,145.95388909654994,9.7617609875
1635109200000.0,2021-10-24 21:00:00,ETH/BTC,0.06647,0.0670875,0.06647,0.0669125,300.9711210536148,20.1387301375
1635105600000.0,2021-10-24 20:00:00,ETH/BTC,0.066675,0.0668075,0.0663025,0.06647,223.84015074469684,14.87865482
1635102000000.0,2021-10-24 19:00:00,ETH/BTC,0.0664725,0.0667775,0.0663575,0.066675,303.01207337832767,20.2033299925
1635098400000.0,2021-10-24 18:00:00,ETH/BTC,0.0667,0.0667,0.0662025,0.0664725,493.0308686298845,32.772994415
1635094800000.0,2021-10-24 17:00:00,ETH/BTC,0.06676,0.066785,0.066645,0.0667,173.80214100449777,11.592602805
1635091200000.0,2021-10-24 16:00:00,ETH/BTC,0.066825,0.066825,0.0665925,0.06676,987.4929193753744,65.9250272975
1635087600000.0,2021-10-24 15:00:00,ETH/BTC,0.0669125,0.0671225,0.06656,0.066825,242.72893221099886,16.220360895
1635084000000.0,2021-10-24 14:00:00,ETH/BTC,0.06686,0.0670025,0.0668275,0.0669125,229.56906370259668,15.361039975
1635080400000.0,2021-10-24 13:00:00,ETH/BTC,0.0668575,0.0670475,0.06677,0.06686,38.67474368082561,2.5857933625
1635076800000.0,2021-10-24 12:00:00,ETH/BTC,0.0668,0.0669975,0.0667125,0.0668575,591.9307722394645,39.575011605
1635073200000.0,2021-10-24 11:00:00,ETH/BTC,0.0671325,0.0671325,0.066725,0.0668,577.8045186751497,38.5973418475
1635069600000.0,2021-10-24 10:00:00,ETH/BTC,0.06731,0.0673575,0.0671275,0.0671325,97.40344643056643,6.5389368675
1635066000000.0,2021-10-24 09:00:00,ETH/BTC,0.06728,0.0674275,0.06709,0.06731,173.00657955727235,11.64507287
1635062400000.0,2021-10-24 08:00:00,ETH/BTC,0.0674625,0.067525,0.06726,0.0672825,127.24523646564859,8.5613776225
1635058800000.0,2021-10-24 07:00:00,ETH/BTC,0.067365,0.0675125,0.067305,0.0674625,121.56642086344266,8.2011746675
1635055200000.0,2021-10-24 06:00:00,ETH/BTC,0.067505,0.0676175,0.0671925,0.067365,214.44235790098716,14.44590944
1635051600000.0,2021-10-24 05:00:00,ETH/BTC,0.0673425,0.06757,0.0673075,0.067505,47.49042363528628,3.2058410475
1635048000000.0,2021-10-24 04:00:00,ETH/BTC,0.0675125,0.06755,0.0673,0.0673425,483.3551481233991,32.5503440625
1635044400000.0,2021-10-24 03:00:00,ETH/BTC,0.0676675,0.0676725,0.0674925,0.0675125,136.09352797630066,9.1880143075
1635040800000.0,2021-10-24 02:00:00,ETH/BTC,0.067735,0.0678175,0.06763,0.0676675,52.90860228322311,3.580192845
1635037200000.0,2021-10-24 01:00:00,ETH/BTC,0.0677975,0.0678375,0.06756,0.067735,178.2174821362663,12.0715611525
1635033600000.0,2021-10-24 00:00:00,ETH/BTC,0.0679925,0.0681675,0.0677025,0.0677975,572.8169296065489,38.835555785
1635030000000.0,2021-10-23 23:00:00,ETH/BTC,0.067485,0.0680525,0.0674375,0.0679925,405.8377506710299,27.5939232625
1635026400000.0,2021-10-23 22:00:00,ETH/BTC,0.067025,0.0675125,0.0670175,0.067485,153.95058601911535,10.3893552975
1635022800000.0,2021-10-23 21:00:00,ETH/BTC,0.0668875,0.06716,0.0668875,0.067025,206.0303509138381,13.80918427
1635019200000.0,2021-10-23 20:00:00,ETH/BTC,0.0669525,0.0670475,0.0668375,0.0668875,239.41981509998132,16.0141928825
1635015600000.0,2021-10-23 19:00:00,ETH/BTC,0.06708,0.0671475,0.0669525,0.0669525,245.3239492550689,16.4250517125
1635012000000.0,2021-10-23 18:00:00,ETH/BTC,0.0670625,0.0708,0.06691,0.06708,1312.8010522883126,88.0626945875
1635008400000.0,2021-10-23 17:00:00,ETH/BTC,0.06683,0.067115,0.0668075,0.0670625,297.43457215284246,19.946705995
1635004800000.0,2021-10-23 16:00:00,ETH/BTC,0.066485,0.067115,0.066485,0.06683,789.6166427502619,52.770080235
1635001200000.0,2021-10-23 15:00:00,ETH/BTC,0.06595,0.066675,0.0659425,0.066485,704.725774009175,46.853693085
1634997600000.0,2021-10-23 14:00:00,ETH/BTC,0.065675,0.0659875,0.0656675,0.06595,76.53232850644429,5.047307065
1634994000000.0,2021-10-23 13:00:00,ETH/BTC,0.0656525,0.065725,0.06555,0.065675,248.57054293871337,16.3248704075
1634990400000.0,2021-10-23 12:00:00,ETH/BTC,0.06562,0.0658175,0.065555,0.0656525,643.9201400555958,42.274966995
1634986800000.0,2021-10-23 11:00:00,ETH/BTC,0.065805,0.0659925,0.065515,0.0656175,488.9406089838839,32.08306041
1634983200000.0,2021-10-23 10:00:00,ETH/BTC,0.0659075,0.0659225,0.0657275,0.065805,122.14488199984804,8.03774396
1634979600000.0,2021-10-23 09:00:00,ETH/BTC,0.065865,0.0659925,0.0658325,0.0659075,45.017187345901455,2.966970275
1634976000000.0,2021-10-23 08:00:00,ETH/BTC,0.0659275,0.0659775,0.0658075,0.065865,228.22468344340695,15.032018775
1634972400000.0,2021-10-23 07:00:00,ETH/BTC,0.0660125,0.0660575,0.06586,0.0659325,575.9962847609297,37.976875045
1634968800000.0,2021-10-23 06:00:00,ETH/BTC,0.0658,0.0660575,0.0657225,0.0660125,98.20857053588335,6.4829932625
1634965200000.0,2021-10-23 05:00:00,ETH/BTC,0.0660175,0.0660525,0.065785,0.0658,227.5742394756839,14.9743849575
1634961600000.0,2021-10-23 04:00:00,ETH/BTC,0.0657,0.06608,0.06565,0.0660175,581.8746828871132,38.4139118775
1634958000000.0,2021-10-23 03:00:00,ETH/BTC,0.0658875,0.06597,0.0657,0.0657,43.36792157534247,2.8492724475
1634954400000.0,2021-10-23 02:00:00,ETH/BTC,0.0656975,0.066015,0.06565,0.0658875,273.3154039840638,18.00806868
1634950800000.0,2021-10-23 01:00:00,ETH/BTC,0.0654225,0.0656975,0.065345,0.0656975,294.1914521861562,19.32764293
1634947200000.0,2021-10-23 00:00:00,ETH/BTC,0.065425,0.0654875,0.06519,0.0654225,303.3543251557186,19.8461983375
1634943600000.0,2021-10-22 23:00:00,ETH/BTC,0.0654475,0.0655525,0.065395,0.065425,186.20905980129922,12.1827277375
1634940000000.0,2021-10-22 22:00:00,ETH/BTC,0.065385,0.0654675,0.0652875,0.0654475,115.97384285114022,7.59019808
1634936400000.0,2021-10-22 21:00:00,ETH/BTC,0.06548,0.06554,0.065205,0.065385,137.06283780683643,8.96185365
1634932800000.0,2021-10-22 20:00:00,ETH/BTC,0.06527,0.0656,0.065235,0.06548,205.25733655314602,13.4402503975
1634929200000.0,2021-10-22 19:00:00,ETH/BTC,0.0652875,0.06543,0.065235,0.06527,151.04337252949287,9.858600925
1634925600000.0,2021-10-22 18:00:00,ETH/BTC,0.0649875,0.0653525,0.0649025,0.0652875,172.59709396898336,11.2684327725
1634922000000.0,2021-10-22 17:00:00,ETH/BTC,0.064945,0.065115,0.064825,0.064985,135.28644187120105,8.791589425
1634918400000.0,2021-10-22 16:00:00,ETH/BTC,0.065365,0.0653725,0.0647075,0.064945,739.5914267072137,48.0327652075
1634914800000.0,2021-10-22 15:00:00,ETH/BTC,0.0653875,0.0656775,0.0653,0.065365,439.5440200795532,28.7307948725
1634911200000.0,2021-10-22 14:00:00,ETH/BTC,0.0651175,0.06546,0.0649375,0.0653875,514.0674481361116,33.613585265
1634907600000.0,2021-10-22 13:00:00,ETH/BTC,0.065035,0.0652,0.0648575,0.0651175,272.0159644104887,17.7129995625
1634904000000.0,2021-10-22 12:00:00,ETH/BTC,0.0650925,0.0651275,0.064945,0.065035,220.99533343584227,14.37243151
1634900400000.0,2021-10-22 11:00:00,ETH/BTC,0.065045,0.065215,0.0649575,0.0650925,97.14780834965627,6.323593715
1634896800000.0,2021-10-22 10:00:00,ETH/BTC,0.06513,0.0651875,0.06496,0.065045,284.10691794142514,18.4797344775
1634893200000.0,2021-10-22 09:00:00,ETH/BTC,0.0652275,0.06526,0.065065,0.06513,147.90721649009674,9.63319701
1634889600000.0,2021-10-22 08:00:00,ETH/BTC,0.06537,0.065385,0.065185,0.0652275,273.44832562952746,17.83635066
1634886000000.0,2021-10-22 07:00:00,ETH/BTC,0.0656525,0.0657425,0.06537,0.06537,209.31072319106624,13.682641975
1634882400000.0,2021-10-22 06:00:00,ETH/BTC,0.065575,0.0657425,0.0655425,0.0656525,50.330872815201246,3.3043476275
1634878800000.0,2021-10-22 05:00:00,ETH/BTC,0.06583,0.06584,0.06556,0.065575,197.27184677849792,12.9361013525
1634875200000.0,2021-10-22 04:00:00,ETH/BTC,0.0657175,0.0659525,0.0656275,0.06583,470.02633977669757,30.9418339475
1634871600000.0,2021-10-22 03:00:00,ETH/BTC,0.06545,0.0658,0.06545,0.0657175,284.8303374291475,18.7183377
1634868000000.0,2021-10-22 02:00:00,ETH/BTC,0.0655925,0.065635,0.06545,0.06545,429.1899310160428,28.090480985
1634864400000.0,2021-10-22 01:00:00,ETH/BTC,0.0655525,0.065795,0.0655,0.0655925,727.3111920189046,47.7061593625
1634860800000.0,2021-10-22 00:00:00,ETH/BTC,0.0651625,0.065645,0.0651525,0.0655525,497.89325555852184,32.638147635
1634857200000.0,2021-10-21 23:00:00,ETH/BTC,0.06514,0.06526,0.0650675,0.0651625,181.71826376366778,11.8412163625
1634853600000.0,2021-10-21 22:00:00,ETH/BTC,0.0652125,0.0652575,0.0650875,0.06514,338.72385650138165,22.0644720125
1634850000000.0,2021-10-21 21:00:00,ETH/BTC,0.0652725,0.0654375,0.0652125,0.0652125,498.42346244968365,32.503440045
1634846400000.0,2021-10-21 20:00:00,ETH/BTC,0.064965,0.0653175,0.064875,0.0652725,356.89184308093,23.2952228275
1634842800000.0,2021-10-21 19:00:00,ETH/BTC,0.064775,0.065065,0.06449,0.064965,359.1478145924729,23.332037775
1634839200000.0,2021-10-21 18:00:00,ETH/BTC,0.0647425,0.0651575,0.06457,0.064775,262.85105785411037,17.0261772725
1634835600000.0,2021-10-21 17:00:00,ETH/BTC,0.0646125,0.0650575,0.0645925,0.0647425,181.02623103062132,11.7200907625
1634832000000.0,2021-10-21 16:00:00,ETH/BTC,0.06492,0.06522,0.0646125,0.064615,624.5411153756867,40.35472417
1634828400000.0,2021-10-21 15:00:00,ETH/BTC,0.0646325,0.0649525,0.064105,0.06492,762.9559622612445,49.53110107
1634824800000.0,2021-10-21 14:00:00,ETH/BTC,0.065085,0.0653175,0.0644325,0.0646325,729.5260396085562,47.151091755
1634821200000.0,2021-10-21 13:00:00,ETH/BTC,0.0649375,0.0652925,0.0648825,0.065085,853.3274045863101,55.5388141275
1634817600000.0,2021-10-21 12:00:00,ETH/BTC,0.0649525,0.065095,0.06436,0.0649375,1071.6050547834457,69.587353245
1634814000000.0,2021-10-21 11:00:00,ETH/BTC,0.06565,0.0663025,0.0646575,0.0649475,2008.9989696678083,130.4794605825
1634810400000.0,2021-10-21 10:00:00,ETH/BTC,0.0649325,0.06571,0.0646125,0.06565,1545.8775675171364,101.4868623075
1634806800000.0,2021-10-21 09:00:00,ETH/BTC,0.063695,0.064935,0.0635075,0.0649325,1618.3913357332613,105.0861954075
1634803200000.0,2021-10-21 08:00:00,ETH/BTC,0.0639525,0.063955,0.0635625,0.063695,482.85643311876913,30.7555405075
1634799600000.0,2021-10-21 07:00:00,ETH/BTC,0.064265,0.06432,0.063915,0.0639525,164.41317004808258,10.5146332575
1634796000000.0,2021-10-21 06:00:00,ETH/BTC,0.0644175,0.0646275,0.0642025,0.064265,213.51928938769157,13.7218171325
1634792400000.0,2021-10-21 05:00:00,ETH/BTC,0.06407,0.0644625,0.06406,0.0644175,374.4841308650599,24.1233315
1634788800000.0,2021-10-21 04:00:00,ETH/BTC,0.0643,0.0644,0.063935,0.06407,537.2741391837053,34.4231540975
1634785200000.0,2021-10-21 03:00:00,ETH/BTC,0.06458,0.0646975,0.06414,0.0643,968.3410482892691,62.264329405
1634781600000.0,2021-10-21 02:00:00,ETH/BTC,0.06459,0.064875,0.0644325,0.0645775,1370.8590382486161,88.5266495425
1634778000000.0,2021-10-21 01:00:00,ETH/BTC,0.063815,0.0647775,0.063815,0.0645875,2250.352383472034,145.3446345675
1634774400000.0,2021-10-21 00:00:00,ETH/BTC,0.063055,0.0639175,0.0629175,0.063815,1411.2718611611692,90.06031382
1634770800000.0,2021-10-20 23:00:00,ETH/BTC,0.0626125,0.063205,0.0625125,0.063055,401.24824835461106,25.3007083
1634767200000.0,2021-10-20 22:00:00,ETH/BTC,0.062575,0.0626675,0.0624125,0.0626125,407.26909171491315,25.500136005
1634763600000.0,2021-10-20 21:00:00,ETH/BTC,0.06226,0.0628075,0.06226,0.062575,1024.114975749101,64.0839946075
1634760000000.0,2021-10-20 20:00:00,ETH/BTC,0.0617875,0.062315,0.0617875,0.06226,531.3126980404754,33.07952858
1634756400000.0,2021-10-20 19:00:00,ETH/BTC,0.0618575,0.06206,0.06174,0.0617875,609.3394163058871,37.649559185
1634752800000.0,2021-10-20 18:00:00,ETH/BTC,0.06141,0.064855,0.0613925,0.0618575,1961.3956883158874,121.32703379
1634749200000.0,2021-10-20 17:00:00,ETH/BTC,0.0613775,0.06153,0.06121,0.06141,452.5483900016284,27.79099663
1634745600000.0,2021-10-20 16:00:00,ETH/BTC,0.06103,0.061705,0.0608575,0.06138,1896.1926961958295,116.3883076925
1634742000000.0,2021-10-20 15:00:00,ETH/BTC,0.0607075,0.0610475,0.06048,0.06103,1071.2919223742422,65.3809460225
1634738400000.0,2021-10-20 14:00:00,ETH/BTC,0.060605,0.0611,0.0605,0.060705,997.3661161354089,60.54511008
1634734800000.0,2021-10-20 13:00:00,ETH/BTC,0.0611025,0.0614275,0.06033,0.0606025,1132.6951660822574,68.6441588025
1634731200000.0,2021-10-20 12:00:00,ETH/BTC,0.06053,0.0614175,0.0605025,0.0611025,991.8154214230187,60.6024017875
1634727600000.0,2021-10-20 11:00:00,ETH/BTC,0.0603675,0.0605725,0.060325,0.06053,99.79774810011564,6.0407576925
1634724000000.0,2021-10-20 10:00:00,ETH/BTC,0.0604525,0.0604775,0.0602975,0.0603675,236.79936667080798,14.2949857675
1634720400000.0,2021-10-20 09:00:00,ETH/BTC,0.06014,0.06049,0.06011,0.0604525,198.7516483189281,12.01503402
1634716800000.0,2021-10-20 08:00:00,ETH/BTC,0.0603,0.06036,0.0600875,0.06014,310.1317107582308,18.651321085
1634713200000.0,2021-10-20 07:00:00,ETH/BTC,0.0601375,0.060305,0.060115,0.0603,105.43937587064676,6.357994365
1634709600000.0,2021-10-20 06:00:00,ETH/BTC,0.060235,0.06027,0.0595,0.0601375,1099.8231082519226,66.1406121725
1634706000000.0,2021-10-20 05:00:00,ETH/BTC,0.06023,0.0604175,0.0602,0.060235,20.975476674690796,1.2634578375
1634702400000.0,2021-10-20 04:00:00,ETH/BTC,0.0602175,0.0603175,0.0601225,0.06023,36.69718205213349,2.210271275
1634698800000.0,2021-10-20 03:00:00,ETH/BTC,0.06032,0.0603975,0.0601825,0.0602175,37.6499586914103,2.2671863875
1634695200000.0,2021-10-20 02:00:00,ETH/BTC,0.06045,0.0604825,0.0602625,0.06032,42.32123184681698,2.552816705
1634691600000.0,2021-10-20 01:00:00,ETH/BTC,0.06041,0.0605975,0.0603325,0.06045,89.12618089330026,5.387677635
1634688000000.0,2021-10-20 00:00:00,ETH/BTC,0.0603275,0.060605,0.06026,0.06041,123.82216714947856,7.4800971175
1634684400000.0,2021-10-19 23:00:00,ETH/BTC,0.06053,0.0606,0.0599825,0.0603275,338.98636712113046,20.4502000625
1634680800000.0,2021-10-19 22:00:00,ETH/BTC,0.059495,0.06062,0.059435,0.06053,346.8564782752354,20.99522263
1634677200000.0,2021-10-19 21:00:00,ETH/BTC,0.0593675,0.05977,0.059355,0.059495,258.54000470627784,15.38183758
1634673600000.0,2021-10-19 20:00:00,ETH/BTC,0.0594475,0.0596,0.0593,0.0593675,832.3023173453489,49.411707825
1634670000000.0,2021-10-19 19:00:00,ETH/BTC,0.0600025,0.060125,0.059365,0.0594475,1431.8855009882668,85.12201332
1634666400000.0,2021-10-19 18:00:00,ETH/BTC,0.060115,0.0601925,0.059985,0.0600025,270.90794237740096,16.2551538125
1634662800000.0,2021-10-19 17:00:00,ETH/BTC,0.0602475,0.06036,0.0600875,0.060115,145.41175850453297,8.7414278625
1634659200000.0,2021-10-19 16:00:00,ETH/BTC,0.0605075,0.060615,0.0602275,0.0602475,402.50093061952776,24.2496748175
1634655600000.0,2021-10-19 15:00:00,ETH/BTC,0.0607875,0.06086,0.0604825,0.0605075,142.93134173449573,8.64841816
1634652000000.0,2021-10-19 14:00:00,ETH/BTC,0.06085,0.061115,0.0607675,0.0607875,320.619363726095,19.4896495725
1634648400000.0,2021-10-19 13:00:00,ETH/BTC,0.0610775,0.0611675,0.0605725,0.06084,464.05592320019724,28.2331623675
1634644800000.0,2021-10-19 12:00:00,ETH/BTC,0.0611275,0.0612775,0.061035,0.0610775,245.89536118046743,15.0186739225
1634641200000.0,2021-10-19 11:00:00,ETH/BTC,0.0609075,0.061385,0.06088,0.0611275,111.62458995542104,6.8233321225
1634637600000.0,2021-10-19 10:00:00,ETH/BTC,0.0610525,0.06107,0.060895,0.0609075,77.61888154168206,4.7275720275
1634634000000.0,2021-10-19 09:00:00,ETH/BTC,0.06093,0.0611675,0.06093,0.0610525,383.4612043323369,23.4112651775
1634630400000.0,2021-10-19 08:00:00,ETH/BTC,0.06114,0.061245,0.060905,0.06093,258.179461102905,15.730874565
1634626800000.0,2021-10-19 07:00:00,ETH/BTC,0.0609125,0.0612025,0.0608,0.061145,80.21872728759506,4.90497408
1634623200000.0,2021-10-19 06:00:00,ETH/BTC,0.0611,0.061295,0.06085,0.0609125,182.17402146521647,11.0966750825
1634619600000.0,2021-10-19 05:00:00,ETH/BTC,0.0611425,0.0613675,0.0610875,0.0611,578.5931813011457,35.3520433775
1634616000000.0,2021-10-19 04:00:00,ETH/BTC,0.06109,0.0613525,0.06109,0.0611425,209.89204264627713,12.8333242175
1634612400000.0,2021-10-19 03:00:00,ETH/BTC,0.0613375,0.06134,0.0606525,0.06109,279.08307182026516,17.0491848575
1634608800000.0,2021-10-19 02:00:00,ETH/BTC,0.061235,0.0614,0.061205,0.0613375,54.75141455064194,3.35831489
1634605200000.0,2021-10-19 01:00:00,ETH/BTC,0.060635,0.06142,0.060635,0.061235,1374.8437926430963,84.1885596425
1634601600000.0,2021-10-19 00:00:00,ETH/BTC,0.06039,0.06068,0.0603625,0.0606275,204.10686408807882,12.3744889025
1634598000000.0,2021-10-18 23:00:00,ETH/BTC,0.06037,0.060605,0.0602925,0.06039,425.44917987249545,25.6928759725
1634594400000.0,2021-10-18 22:00:00,ETH/BTC,0.060615,0.060615,0.060255,0.06037,173.96621318535696,10.50234029
1634590800000.0,2021-10-18 21:00:00,ETH/BTC,0.06085,0.0610075,0.060615,0.060615,193.05283791140806,11.70189777
1634587200000.0,2021-10-18 20:00:00,ETH/BTC,0.0609925,0.0612425,0.0608125,0.06085,330.40485805258834,20.1051356125
1634583600000.0,2021-10-18 19:00:00,ETH/BTC,0.060295,0.06112,0.060185,0.0609925,388.3943182358487,23.689140455
1634580000000.0,2021-10-18 18:00:00,ETH/BTC,0.0604025,0.06045,0.0602725,0.060295,287.1555681648561,17.3140449825
1634576400000.0,2021-10-18 17:00:00,ETH/BTC,0.0603325,0.0604925,0.06027,0.0604025,312.4555840817847,18.8730984175
1634572800000.0,2021-10-18 16:00:00,ETH/BTC,0.060655,0.060785,0.0602525,0.0603325,274.27946131852656,16.5479656
1634569200000.0,2021-10-18 15:00:00,ETH/BTC,0.06098,0.06098,0.0604875,0.060655,590.3408795235347,35.8071260475
1634565600000.0,2021-10-18 14:00:00,ETH/BTC,0.0615025,0.061595,0.060975,0.06098,823.3926680469007,50.2104848975
1634562000000.0,2021-10-18 13:00:00,ETH/BTC,0.0615175,0.061875,0.06132,0.0615025,466.3699394740051,28.6829172025
1634558400000.0,2021-10-18 12:00:00,ETH/BTC,0.0614425,0.0615525,0.0610775,0.0615175,412.8126868370789,25.3952044625
1634554800000.0,2021-10-18 11:00:00,ETH/BTC,0.061755,0.061775,0.061045,0.0614425,408.39528127924484,25.09282707
1634551200000.0,2021-10-18 10:00:00,ETH/BTC,0.062045,0.0621275,0.061645,0.061755,189.02201068739373,11.67305427
1634547600000.0,2021-10-18 09:00:00,ETH/BTC,0.061865,0.0621275,0.061735,0.0620475,314.9989961319957,19.5449002125
1634544000000.0,2021-10-18 08:00:00,ETH/BTC,0.0620125,0.06208,0.061745,0.061865,356.18874593873755,22.0356167675
1634540400000.0,2021-10-18 07:00:00,ETH/BTC,0.0620325,0.06213,0.0618125,0.0620125,374.27830743801655,23.20993354
1634536800000.0,2021-10-18 06:00:00,ETH/BTC,0.06214,0.0622275,0.062,0.0620325,114.18710059243139,7.0833113175
1634533200000.0,2021-10-18 05:00:00,ETH/BTC,0.0619675,0.06217,0.06179,0.06214,194.92634555037012,12.1127231125
1634529600000.0,2021-10-18 04:00:00,ETH/BTC,0.0620175,0.0621325,0.06194,0.0619675,145.28178262799045,9.002748865
1634526000000.0,2021-10-18 03:00:00,ETH/BTC,0.06218,0.0622325,0.061825,0.0620175,308.1551704760753,19.111013285
1634522400000.0,2021-10-18 02:00:00,ETH/BTC,0.06242,0.0624225,0.0621075,0.06218,328.9555052669669,20.4544533175
1634518800000.0,2021-10-18 01:00:00,ETH/BTC,0.06206,0.062445,0.0618675,0.06242,454.0530199855815,28.3419895075
1634515200000.0,2021-10-18 00:00:00,ETH/BTC,0.062525,0.062705,0.062055,0.06206,328.784557806961,20.4043696575
1634511600000.0,2021-10-17 23:00:00,ETH/BTC,0.0624625,0.06265,0.06229,0.062525,200.01188772491005,12.50574328
1634508000000.0,2021-10-17 22:00:00,ETH/BTC,0.0621225,0.062605,0.06191,0.0624625,386.15342089253556,24.1201080525
1634504400000.0,2021-10-17 21:00:00,ETH/BTC,0.062265,0.0623575,0.061975,0.0621225,149.69537003501148,9.299450625
1634500800000.0,2021-10-17 20:00:00,ETH/BTC,0.0622325,0.0625275,0.061725,0.062265,457.68412900505905,28.4977022925
1634497200000.0,2021-10-17 19:00:00,ETH/BTC,0.0624975,0.06253,0.0621675,0.0622325,109.15036620736753,6.792700165
1634493600000.0,2021-10-17 18:00:00,ETH/BTC,0.0623475,0.06255,0.0622975,0.0624975,115.281864474579,7.204828325
1634490000000.0,2021-10-17 17:00:00,ETH/BTC,0.062515,0.06252,0.062295,0.0623475,85.05732960423434,5.3031118575
1634486400000.0,2021-10-17 16:00:00,ETH/BTC,0.0623425,0.06261,0.062265,0.062515,208.28783395984962,13.02111394
1634482800000.0,2021-10-17 15:00:00,ETH/BTC,0.0631675,0.0631825,0.06221,0.0623425,621.3284884308457,38.73517129
1634479200000.0,2021-10-17 14:00:00,ETH/BTC,0.06327,0.06334,0.06314,0.0631675,79.92445961135077,5.0486283025
1634475600000.0,2021-10-17 13:00:00,ETH/BTC,0.0633,0.0634025,0.06311,0.06327,312.7006058558558,19.7845673325
1634472000000.0,2021-10-17 12:00:00,ETH/BTC,0.0633125,0.063325,0.0631525,0.0633,372.6377433254345,23.5879691525
1634468400000.0,2021-10-17 11:00:00,ETH/BTC,0.063535,0.0636,0.06331,0.0633125,225.3575681342547,14.2679510325
1634464800000.0,2021-10-17 10:00:00,ETH/BTC,0.0636225,0.06374,0.0634425,0.063535,375.98404548673966,23.88814633
1634461200000.0,2021-10-17 09:00:00,ETH/BTC,0.0640825,0.064105,0.06353,0.0636225,275.3862759243978,17.52076334
1634457600000.0,2021-10-17 08:00:00,ETH/BTC,0.0642775,0.0643475,0.064065,0.0640825,881.4437610111964,56.485119815
1634454000000.0,2021-10-17 07:00:00,ETH/BTC,0.06386,0.06443,0.0638275,0.0642775,433.0708434911127,27.8367111425
1634450400000.0,2021-10-17 06:00:00,ETH/BTC,0.0635725,0.06391,0.0635625,0.06386,151.42282418571875,9.6698615525
1634446800000.0,2021-10-17 05:00:00,ETH/BTC,0.0636025,0.06376,0.063505,0.0635725,536.5900187187856,34.112368965
1634443200000.0,2021-10-17 04:00:00,ETH/BTC,0.0634475,0.0638425,0.06344,0.0636025,499.5590089226052,31.773201865
1634439600000.0,2021-10-17 03:00:00,ETH/BTC,0.06302,0.06348,0.062895,0.0634475,348.3917174435557,22.1045834925
1634436000000.0,2021-10-17 02:00:00,ETH/BTC,0.0630225,0.063145,0.0629525,0.06302,195.40714765153916,12.314558445
1634432400000.0,2021-10-17 01:00:00,ETH/BTC,0.0630425,0.06328,0.06291,0.0630225,118.13611095243763,7.4452330525
1634428800000.0,2021-10-17 00:00:00,ETH/BTC,0.0629125,0.063045,0.062755,0.0630425,171.5865443549986,10.8172447225
1634425200000.0,2021-10-16 23:00:00,ETH/BTC,0.06293,0.063105,0.0627775,0.0629125,448.61917254122795,28.2237536925
1634421600000.0,2021-10-16 22:00:00,ETH/BTC,0.06288,0.06296,0.0627275,0.06293,166.66225715080247,10.4880558425
1634418000000.0,2021-10-16 21:00:00,ETH/BTC,0.06281,0.06295,0.062625,0.06288,207.1545391221374,13.02587742
1634414400000.0,2021-10-16 20:00:00,ETH/BTC,0.063105,0.06311,0.0628025,0.06281,601.0813905429071,37.75392214
1634410800000.0,2021-10-16 19:00:00,ETH/BTC,0.0633625,0.0633625,0.0630825,0.063105,182.15472827034307,11.4948741275
1634407200000.0,2021-10-16 18:00:00,ETH/BTC,0.0638775,0.0638775,0.063335,0.06334,242.32450027628673,15.3488338475
1634403600000.0,2021-10-16 17:00:00,ETH/BTC,0.064245,0.06425,0.06356,0.0638775,885.799279754217,56.5826434925
1634400000000.0,2021-10-16 16:00:00,ETH/BTC,0.06414,0.064285,0.0640825,0.064245,436.79957222351936,28.0621885175
1634396400000.0,2021-10-16 15:00:00,ETH/BTC,0.0640325,0.06416,0.06392,0.06414,875.8448620985345,56.176689455
1634392800000.0,2021-10-16 14:00:00,ETH/BTC,0.064225,0.0642925,0.0639775,0.0640325,344.07448729160967,22.0319496075
1634389200000.0,2021-10-16 13:00:00,ETH/BTC,0.0642175,0.06436,0.06401,0.064225,279.21739202024133,17.9327370025
1634385600000.0,2021-10-16 12:00:00,ETH/BTC,0.06423,0.064455,0.0639175,0.0642175,660.0110293922996,42.38425828
1634382000000.0,2021-10-16 11:00:00,ETH/BTC,0.063995,0.06431,0.0637125,0.06423,524.7802534251908,33.7066356775
1634378400000.0,2021-10-16 10:00:00,ETH/BTC,0.0640375,0.0648875,0.0636125,0.063995,1072.4226301273538,68.629686215
1634374800000.0,2021-10-16 09:00:00,ETH/BTC,0.0640175,0.0641225,0.063565,0.0640375,831.4505489752099,53.24401453
1634371200000.0,2021-10-16 08:00:00,ETH/BTC,0.0623975,0.0640725,0.062365,0.0640175,1841.2918061858086,117.8748982025
1634367600000.0,2021-10-16 07:00:00,ETH/BTC,0.062215,0.0623975,0.0620525,0.0623975,133.82440903081053,8.3503085625
1634364000000.0,2021-10-16 06:00:00,ETH/BTC,0.062055,0.06224,0.061985,0.062215,311.19135417503816,19.3607701
1634360400000.0,2021-10-16 05:00:00,ETH/BTC,0.062105,0.0622025,0.0619325,0.062055,159.93344694222867,9.92467005
1634356800000.0,2021-10-16 04:00:00,ETH/BTC,0.062345,0.06238,0.06207,0.062105,193.1535644875614,11.9958021225
1634353200000.0,2021-10-16 03:00:00,ETH/BTC,0.06254,0.0625425,0.06229,0.06234,161.00183433589993,10.0368543525
1634349600000.0,2021-10-16 02:00:00,ETH/BTC,0.062475,0.062605,0.062365,0.06254,226.1783552126639,14.145194335
1634346000000.0,2021-10-16 01:00:00,ETH/BTC,0.0625775,0.062675,0.06236,0.062475,117.35077711084433,7.3314898
1634342400000.0,2021-10-16 00:00:00,ETH/BTC,0.0627125,0.06291,0.062575,0.0625775,335.61723782509694,21.0020877
1634338800000.0,2021-10-15 23:00:00,ETH/BTC,0.062795,0.063175,0.0626675,0.0627125,418.8135675901933,26.2648458575
1634335200000.0,2021-10-15 22:00:00,ETH/BTC,0.06274,0.062795,0.06253,0.062795,186.14908336651007,11.68923169
1634331600000.0,2021-10-15 21:00:00,ETH/BTC,0.0620825,0.06287,0.0620825,0.06274,719.9981534905961,45.17268415
1634328000000.0,2021-10-15 20:00:00,ETH/BTC,0.06265,0.0628175,0.0619175,0.062085,1269.676531126681,78.827867435
1634324400000.0,2021-10-15 19:00:00,ETH/BTC,0.0629325,0.0629975,0.062615,0.06265,306.2682766959298,19.187707535
1634320800000.0,2021-10-15 18:00:00,ETH/BTC,0.06245,0.0630975,0.06245,0.0629325,377.44491415405395,23.75355206
1634317200000.0,2021-10-15 17:00:00,ETH/BTC,0.0628675,0.063,0.062375,0.06245,884.5512121697359,55.2402232
1634313600000.0,2021-10-15 16:00:00,ETH/BTC,0.06316,0.063275,0.0625975,0.0628675,1318.509129399133,82.8913726925
1634310000000.0,2021-10-15 15:00:00,ETH/BTC,0.06342,0.06362,0.0631175,0.06316,632.3624822276757,39.9400143775
1634306400000.0,2021-10-15 14:00:00,ETH/BTC,0.0636475,0.0637,0.0634175,0.06342,1131.6434994481235,71.768830735
1634302800000.0,2021-10-15 13:00:00,ETH/BTC,0.06358,0.06377,0.06333,0.0636475,618.3481962370872,39.35631682
1634299200000.0,2021-10-15 12:00:00,ETH/BTC,0.063495,0.063835,0.06341,0.06358,422.1425387700535,26.839822615
1634295600000.0,2021-10-15 11:00:00,ETH/BTC,0.0638025,0.063935,0.063495,0.063495,446.98653149854323,28.3814098175
1634292000000.0,2021-10-15 10:00:00,ETH/BTC,0.0637025,0.0638475,0.06352,0.0638025,562.6301026997376,35.8972071275
1634288400000.0,2021-10-15 09:00:00,ETH/BTC,0.06386,0.06387,0.0636225,0.0637025,286.22972249911703,18.2335488975
1634284800000.0,2021-10-15 08:00:00,ETH/BTC,0.0642425,0.064245,0.063745,0.06386,456.9830903538992,29.18294015
1634281200000.0,2021-10-15 07:00:00,ETH/BTC,0.0641525,0.0643875,0.064115,0.0642425,572.5606568471028,36.7827279975
1634277600000.0,2021-10-15 06:00:00,ETH/BTC,0.0646675,0.0647025,0.0640925,0.0641525,1031.0755905459648,66.1460768225
1634274000000.0,2021-10-15 05:00:00,ETH/BTC,0.0641425,0.0646825,0.06382,0.0646675,864.5028528240615,55.905238235
1634270400000.0,2021-10-15 04:00:00,ETH/BTC,0.064305,0.064325,0.0635225,0.0641425,1123.1639733406087,72.04254516
1634266800000.0,2021-10-15 03:00:00,ETH/BTC,0.0648175,0.064855,0.0642775,0.064305,870.0276544203406,55.9471283175
1634263200000.0,2021-10-15 02:00:00,ETH/BTC,0.06549,0.065545,0.0644175,0.0648175,527.3192065028734,34.1795126675
1634259600000.0,2021-10-15 01:00:00,ETH/BTC,0.0660125,0.0660675,0.06549,0.06549,108.75126492594289,7.12212034
1634256000000.0,2021-10-15 00:00:00,ETH/BTC,0.066095,0.0661925,0.0658575,0.0660125,287.89242651013063,19.004498805
1634252400000.0,2021-10-14 23:00:00,ETH/BTC,0.0656625,0.066095,0.0656625,0.066095,272.44433213556243,18.0072081325
1634248800000.0,2021-10-14 22:00:00,ETH/BTC,0.0653875,0.06573,0.0653725,0.0656625,279.3960078431373,18.345840365
1634245200000.0,2021-10-14 21:00:00,ETH/BTC,0.06543,0.06552,0.065265,0.0653875,164.3570001147008,10.746893345
1634241600000.0,2021-10-14 20:00:00,ETH/BTC,0.0655625,0.06564,0.0654025,0.06543,213.81906159254166,13.9901812
1634238000000.0,2021-10-14 19:00:00,ETH/BTC,0.06546,0.066145,0.0654225,0.0655625,647.569531973308,42.45627744
1634234400000.0,2021-10-14 18:00:00,ETH/BTC,0.06629,0.06631,0.0654,0.06546,1001.943304995417,65.587208745
1634230800000.0,2021-10-14 17:00:00,ETH/BTC,0.066255,0.066585,0.066215,0.06629,302.90525652436264,20.079589455
1634227200000.0,2021-10-14 16:00:00,ETH/BTC,0.0664375,0.068,0.0660475,0.066255,1354.9834752848844,89.774430155
1634223600000.0,2021-10-14 15:00:00,ETH/BTC,0.066085,0.0664375,0.0658525,0.0664375,1062.4810470366888,70.5885845625
1634220000000.0,2021-10-14 14:00:00,ETH/BTC,0.0656675,0.0662,0.0656675,0.066085,1010.9436731860482,66.8082126425
1634216400000.0,2021-10-14 13:00:00,ETH/BTC,0.064875,0.0658275,0.064775,0.0656675,1562.6071836905621,102.612507235
1634212800000.0,2021-10-14 12:00:00,ETH/BTC,0.064825,0.06507,0.0647725,0.064875,793.4948210404624,51.477976515
1634209200000.0,2021-10-14 11:00:00,ETH/BTC,0.0631225,0.0649,0.0631225,0.064825,2604.2551153104514,168.82083785
1634205600000.0,2021-10-14 10:00:00,ETH/BTC,0.0632525,0.0633225,0.06305,0.0631225,163.14316487781696,10.298004425
1634202000000.0,2021-10-14 09:00:00,ETH/BTC,0.0634225,0.0634975,0.06311,0.0632525,155.73398616655467,9.85056396
1634198400000.0,2021-10-14 08:00:00,ETH/BTC,0.0632875,0.0634425,0.063095,0.0634225,685.3379732350506,43.4658476075
1634194800000.0,2021-10-14 07:00:00,ETH/BTC,0.0628625,0.063295,0.06278,0.0632875,186.2366238988742,11.786450335
1634191200000.0,2021-10-14 06:00:00,ETH/BTC,0.06271,0.062885,0.0626275,0.0628625,263.97385945516004,16.59405674
1634187600000.0,2021-10-14 05:00:00,ETH/BTC,0.063005,0.06307,0.062665,0.06271,140.71193804815817,8.824045635
1634184000000.0,2021-10-14 04:00:00,ETH/BTC,0.0627575,0.0630575,0.0626025,0.063005,664.8478216808189,41.888737005
1634180400000.0,2021-10-14 03:00:00,ETH/BTC,0.062445,0.06278,0.06243,0.0627575,151.62324542883323,9.515495825
1634176800000.0,2021-10-14 02:00:00,ETH/BTC,0.0625525,0.0626675,0.06233,0.062445,273.6908716870846,17.0906264825
1634173200000.0,2021-10-14 01:00:00,ETH/BTC,0.0624375,0.06264,0.06204,0.0625525,619.2171118660325,38.73357839
1634169600000.0,2021-10-14 00:00:00,ETH/BTC,0.0628875,0.0632125,0.062415,0.0624375,380.0188124924925,23.727424605
1634166000000.0,2021-10-13 23:00:00,ETH/BTC,0.0628025,0.062955,0.0625175,0.0628825,464.4851758040791,29.2079890675
1634162400000.0,2021-10-13 22:00:00,ETH/BTC,0.0621075,0.06285,0.0621075,0.0628025,349.5498513594204,21.95260454
1634158800000.0,2021-10-13 21:00:00,ETH/BTC,0.062715,0.06281,0.062075,0.0621075,183.05972603952821,11.369381935
1634155200000.0,2021-10-13 20:00:00,ETH/BTC,0.061495,0.062885,0.061445,0.062715,609.526731483696,38.226468965
1634151600000.0,2021-10-13 19:00:00,ETH/BTC,0.0616525,0.06183,0.0614875,0.061495,163.38777904707698,10.0475314725
1634148000000.0,2021-10-13 18:00:00,ETH/BTC,0.061715,0.06197,0.0616525,0.0616525,288.21123385101987,17.768943095
1634144400000.0,2021-10-13 17:00:00,ETH/BTC,0.0613575,0.0618225,0.0612125,0.061715,462.8435623025196,28.5643904475
1634140800000.0,2021-10-13 16:00:00,ETH/BTC,0.06207,0.0621075,0.0613425,0.0613425,197.8704520520031,12.137868205
1634137200000.0,2021-10-13 15:00:00,ETH/BTC,0.0625125,0.0625325,0.06189,0.06207,367.63546040760434,22.8191330275
1634133600000.0,2021-10-13 14:00:00,ETH/BTC,0.0626975,0.0629925,0.062435,0.0625125,350.08260115976805,21.884538605
1634130000000.0,2021-10-13 13:00:00,ETH/BTC,0.06302,0.0630575,0.062565,0.0626975,222.3485038079668,13.9406953175
1634126400000.0,2021-10-13 12:00:00,ETH/BTC,0.0628375,0.063025,0.0627025,0.06302,326.8319535068232,20.59694971
1634122800000.0,2021-10-13 11:00:00,ETH/BTC,0.063125,0.06317,0.06273,0.0628375,396.18932249850803,24.8955465525
1634119200000.0,2021-10-13 10:00:00,ETH/BTC,0.0628475,0.06324,0.062825,0.063125,212.14047516831684,13.391367495
1634115600000.0,2021-10-13 09:00:00,ETH/BTC,0.062755,0.0630425,0.0627175,0.0628475,279.5795966824456,17.5708787025
1634112000000.0,2021-10-13 08:00:00,ETH/BTC,0.0627725,0.06295,0.06253,0.062755,345.0791729344275,21.6554434975
1634108400000.0,2021-10-13 07:00:00,ETH/BTC,0.0625575,0.0628975,0.0624975,0.0627725,493.9495262256562,31.006446635
1634104800000.0,2021-10-13 06:00:00,ETH/BTC,0.062725,0.062855,0.0624225,0.0625575,594.1111305998481,37.1661070525
1634101200000.0,2021-10-13 05:00:00,ETH/BTC,0.062565,0.0627875,0.062415,0.062725,457.8157315663611,28.7164917625
1634097600000.0,2021-10-13 04:00:00,ETH/BTC,0.062215,0.0625725,0.0621125,0.062565,629.2194291137217,39.3671135825
1634094000000.0,2021-10-13 03:00:00,ETH/BTC,0.062335,0.06235,0.06213,0.062215,100.29574953789279,6.2399000575
1634090400000.0,2021-10-13 02:00:00,ETH/BTC,0.0621625,0.0624025,0.06211,0.062335,53.37398203256597,3.32706717
1634086800000.0,2021-10-13 01:00:00,ETH/BTC,0.06241,0.06256,0.0621625,0.0621625,285.09772390910916,17.7223872625
1634083200000.0,2021-10-13 00:00:00,ETH/BTC,0.062325,0.0625775,0.062285,0.06241,109.33909393526679,6.8238528525
1634079600000.0,2021-10-12 23:00:00,ETH/BTC,0.062065,0.0623525,0.061865,0.0623375,159.8352735512332,9.963731365
1634076000000.0,2021-10-12 22:00:00,ETH/BTC,0.0621925,0.0623075,0.061935,0.062065,178.30062845404012,11.066228505
1634072400000.0,2021-10-12 21:00:00,ETH/BTC,0.0628325,0.0629325,0.0621325,0.0621925,236.38856108051615,14.701595585
1634068800000.0,2021-10-12 20:00:00,ETH/BTC,0.0626375,0.063375,0.062635,0.0628325,387.52847622647516,24.3493829825
1634065200000.0,2021-10-12 19:00:00,ETH/BTC,0.062745,0.0628925,0.0625275,0.0626375,101.7141976451806,6.371123055
1634061600000.0,2021-10-12 18:00:00,ETH/BTC,0.062355,0.0627575,0.062355,0.062745,156.91824193162802,9.84583509
1634058000000.0,2021-10-12 17:00:00,ETH/BTC,0.062865,0.062915,0.06227,0.062355,302.14863254751026,18.8404779825
1634054400000.0,2021-10-12 16:00:00,ETH/BTC,0.0622525,0.062895,0.0622425,0.062865,310.97664833373096,19.5495469975
1634050800000.0,2021-10-12 15:00:00,ETH/BTC,0.0617925,0.062255,0.06172,0.0622525,301.069828561102,18.7423495025
1634047200000.0,2021-10-12 14:00:00,ETH/BTC,0.061415,0.0623125,0.06135,0.0617925,746.3022684387264,46.1158829225
1634043600000.0,2021-10-12 13:00:00,ETH/BTC,0.0600775,0.061415,0.0600475,0.061415,1079.101365952943,66.27301039
1634040000000.0,2021-10-12 12:00:00,ETH/BTC,0.0603875,0.0603875,0.0599325,0.0600775,309.5632084390995,18.597783655
1634036400000.0,2021-10-12 11:00:00,ETH/BTC,0.060545,0.06057,0.0603375,0.0603875,249.16752978679364,15.046604205
1634032800000.0,2021-10-12 10:00:00,ETH/BTC,0.0603725,0.060575,0.0602325,0.060545,280.63450701957225,16.9910162275
1634029200000.0,2021-10-12 09:00:00,ETH/BTC,0.060865,0.0608825,0.0602175,0.0603725,187.3225771667564,11.30913229
1634025600000.0,2021-10-12 08:00:00,ETH/BTC,0.060725,0.0609375,0.06066,0.060865,291.5903282674772,17.74764533
1634022000000.0,2021-10-12 07:00:00,ETH/BTC,0.06082,0.0608475,0.06064,0.060725,290.15805977768633,17.61984818
1634018400000.0,2021-10-12 06:00:00,ETH/BTC,0.0611325,0.0611325,0.06078,0.06082,383.32723232489315,23.31396227
1634014800000.0,2021-10-12 05:00:00,ETH/BTC,0.061385,0.0613875,0.0610025,0.0611325,848.3309475320002,51.86059165
1634011200000.0,2021-10-12 04:00:00,ETH/BTC,0.061465,0.0615125,0.061305,0.061385,217.50750806385926,13.3516983825
1634007600000.0,2021-10-12 03:00:00,ETH/BTC,0.0613325,0.0615075,0.061115,0.061465,89.61983889205239,5.5084833975
1634004000000.0,2021-10-12 02:00:00,ETH/BTC,0.0616325,0.0616525,0.06124,0.0613325,97.67757526596829,5.990809885
1634000400000.0,2021-10-12 01:00:00,ETH/BTC,0.0615275,0.06172,0.061395,0.0616325,91.40074169472275,5.6332562125
1633996800000.0,2021-10-12 00:00:00,ETH/BTC,0.061625,0.0617275,0.06124,0.0615275,249.27551420096705,15.3372992
1633993200000.0,2021-10-11 23:00:00,ETH/BTC,0.0614275,0.0616825,0.06126,0.061625,85.38917290060851,5.26210778
1633989600000.0,2021-10-11 22:00:00,ETH/BTC,0.0615475,0.06169,0.061395,0.0614275,371.9939455862602,22.8506580925
1633986000000.0,2021-10-11 21:00:00,ETH/BTC,0.06088,0.06163,0.06004,0.0615475,460.9163105325155,28.3682466225
1633982400000.0,2021-10-11 20:00:00,ETH/BTC,0.0611525,0.061385,0.06083,0.06088,566.1804230042708,34.4690641525
1633978800000.0,2021-10-11 19:00:00,ETH/BTC,0.0619375,0.0621175,0.0587975,0.0611525,1381.3018024610606,84.470058475
1633975200000.0,2021-10-11 18:00:00,ETH/BTC,0.062065,0.06208,0.06178,0.0619375,120.63870647830474,7.4720598825
1633971600000.0,2021-10-11 17:00:00,ETH/BTC,0.0624425,0.0624525,0.061955,0.062065,280.17990775799564,17.389365975
1633968000000.0,2021-10-11 16:00:00,ETH/BTC,0.0625125,0.0625775,0.062,0.0624425,491.1615058653962,30.66935233
1633964400000.0,2021-10-11 15:00:00,ETH/BTC,0.062625,0.0627075,0.0625075,0.0625125,201.27378684263147,12.5821276
1633960800000.0,2021-10-11 14:00:00,ETH/BTC,0.0627525,0.062795,0.0623625,0.062625,340.07028055888225,21.29690132
1633957200000.0,2021-10-11 13:00:00,ETH/BTC,0.0632225,0.06337,0.062715,0.0627525,915.3431760886019,57.4400726575
1633953600000.0,2021-10-11 12:00:00,ETH/BTC,0.0630825,0.0633925,0.063075,0.0632225,272.60925354897387,17.2350385325
1633950000000.0,2021-10-11 11:00:00,ETH/BTC,0.063335,0.063445,0.06302,0.0630825,102.83322617207624,6.48697699
1633946400000.0,2021-10-11 10:00:00,ETH/BTC,0.06335,0.06365,0.0633225,0.063335,798.7542808083998,50.589102375
1633942800000.0,2021-10-11 09:00:00,ETH/BTC,0.063685,0.0638275,0.0631625,0.06335,236.83537308603,15.003520885
1633939200000.0,2021-10-11 08:00:00,ETH/BTC,0.0629925,0.06398,0.0629925,0.063685,798.7775639082986,50.8701491575
1633935600000.0,2021-10-11 07:00:00,ETH/BTC,0.06209,0.0630275,0.0619025,0.06299,462.6212623035402,29.1405133125
1633932000000.0,2021-10-11 06:00:00,ETH/BTC,0.0623625,0.062405,0.062025,0.06209,168.09585996134643,10.437071945
1633928400000.0,2021-10-11 05:00:00,ETH/BTC,0.0623275,0.0624675,0.06224,0.0623625,38.54657442373221,2.4038607475
1633924800000.0,2021-10-11 04:00:00,ETH/BTC,0.062265,0.0624675,0.0621275,0.0623275,92.15377706469857,5.74371454
1633921200000.0,2021-10-11 03:00:00,ETH/BTC,0.0623025,0.062335,0.0619725,0.062265,288.08228828394766,17.93744368
1633917600000.0,2021-10-11 02:00:00,ETH/BTC,0.0623775,0.062595,0.0623025,0.0623025,33.828099353958514,2.10757516
1633914000000.0,2021-10-11 01:00:00,ETH/BTC,0.062435,0.06255,0.0622925,0.0623775,54.89468951144242,3.424193495
1633910400000.0,2021-10-11 00:00:00,ETH/BTC,0.06246,0.0626,0.0619225,0.062435,1021.3079676463522,63.76536296
1633906800000.0,2021-10-10 23:00:00,ETH/BTC,0.0631325,0.06315,0.06246,0.06246,118.61573739193084,7.4087389575
1633903200000.0,2021-10-10 22:00:00,ETH/BTC,0.06305,0.0631625,0.06288,0.0631325,120.83894400665268,7.6288646325
1633899600000.0,2021-10-10 21:00:00,ETH/BTC,0.06338,0.063415,0.0629475,0.06305,392.92685689928635,24.7740383275
1633896000000.0,2021-10-10 20:00:00,ETH/BTC,0.0636125,0.0637025,0.06294,0.06338,484.99794868254963,30.7391699875
1633892400000.0,2021-10-10 19:00:00,ETH/BTC,0.0637675,0.0637875,0.06361,0.0636125,127.05903407349183,8.082542805
1633888800000.0,2021-10-10 18:00:00,ETH/BTC,0.063675,0.063785,0.063605,0.0637675,45.74999898067197,2.91736306
1633885200000.0,2021-10-10 17:00:00,ETH/BTC,0.06394,0.06394,0.0635625,0.063675,247.22590318021201,15.742109385
1633881600000.0,2021-10-10 16:00:00,ETH/BTC,0.064235,0.06433,0.063905,0.06394,167.22340041445105,10.6922642225
1633878000000.0,2021-10-10 15:00:00,ETH/BTC,0.064395,0.064395,0.06416,0.064235,49.51041001790301,3.1803011875
1633874400000.0,2021-10-10 14:00:00,ETH/BTC,0.0642575,0.06457,0.0642525,0.064395,55.82928627999069,3.59512689
1633870800000.0,2021-10-10 13:00:00,ETH/BTC,0.0644825,0.0645275,0.0642575,0.0642575,80.98119694199121,5.2036492625
1633867200000.0,2021-10-10 12:00:00,ETH/BTC,0.0646225,0.06464,0.0643125,0.0644825,103.20687384174,6.6550372425
1633863600000.0,2021-10-10 11:00:00,ETH/BTC,0.06482,0.0648925,0.064595,0.0646225,46.2062863940578,2.9859657425
1633860000000.0,2021-10-10 10:00:00,ETH/BTC,0.0649775,0.065115,0.064795,0.06482,94.45078405584695,6.1222998225
1633856400000.0,2021-10-10 09:00:00,ETH/BTC,0.0645925,0.0650925,0.0645825,0.0649775,248.8794725481898,16.1715659275
1633852800000.0,2021-10-10 08:00:00,ETH/BTC,0.064345,0.0645925,0.0642325,0.0645925,182.97826353678835,11.8190234875
1633849200000.0,2021-10-10 07:00:00,ETH/BTC,0.06468,0.0647925,0.0642825,0.064345,116.41607603543399,7.4907924125
1633845600000.0,2021-10-10 06:00:00,ETH/BTC,0.0640825,0.0648175,0.0640775,0.06468,263.64526654298083,17.05257584
1633842000000.0,2021-10-10 05:00:00,ETH/BTC,0.06392,0.06419,0.063855,0.0640825,114.46690742402372,7.335325595
1633838400000.0,2021-10-10 04:00:00,ETH/BTC,0.0641225,0.06424,0.0637025,0.06392,200.54020983260324,12.8185302125
1633834800000.0,2021-10-10 03:00:00,ETH/BTC,0.0645475,0.0645575,0.0641,0.0641225,41.2783920620687,2.646873695
1633831200000.0,2021-10-10 02:00:00,ETH/BTC,0.064455,0.0645475,0.0642675,0.0645475,92.16104887873273,5.9487653025
1633827600000.0,2021-10-10 01:00:00,ETH/BTC,0.0649775,0.0650175,0.0635,0.064455,548.5785043829028,35.3586275
1633824000000.0,2021-10-10 00:00:00,ETH/BTC,0.06506,0.06506,0.064875,0.0649775,30.90429390943019,2.0080837575
1633820400000.0,2021-10-09 23:00:00,ETH/BTC,0.06536,0.0654,0.06499,0.06506,97.26234260682446,6.32788801
1633816800000.0,2021-10-09 22:00:00,ETH/BTC,0.065445,0.06545,0.0652525,0.06536,24.713995563035496,1.61530675
1633813200000.0,2021-10-09 21:00:00,ETH/BTC,0.065485,0.065485,0.0652525,0.065445,41.62106547482619,2.72389063
1633809600000.0,2021-10-09 20:00:00,ETH/BTC,0.0655525,0.0656225,0.065455,0.065485,41.138246468656945,2.69393807
1633806000000.0,2021-10-09 19:00:00,ETH/BTC,0.06551,0.065615,0.06545,0.0655525,28.72227321612448,1.882816815
1633802400000.0,2021-10-09 18:00:00,ETH/BTC,0.06544,0.0655625,0.0653875,0.06551,135.54494706914974,8.8795494825
1633798800000.0,2021-10-09 17:00:00,ETH/BTC,0.0654525,0.065615,0.0654075,0.06544,31.112889860941323,2.0360275125
1633795200000.0,2021-10-09 16:00:00,ETH/BTC,0.0654975,0.06555,0.065285,0.0654525,115.15830487758299,7.53739895
1633791600000.0,2021-10-09 15:00:00,ETH/BTC,0.06559,0.06563,0.065475,0.0654975,45.010621855796025,2.948083205
1633788000000.0,2021-10-09 14:00:00,ETH/BTC,0.0655575,0.0657225,0.0655525,0.06559,120.12101379783503,7.878737295
1633784400000.0,2021-10-09 13:00:00,ETH/BTC,0.065525,0.0656625,0.065275,0.0655575,47.881568012813176,3.138995895
1633780800000.0,2021-10-09 12:00:00,ETH/BTC,0.0656275,0.06563,0.065345,0.065525,85.03758096146508,5.5720874925
1633777200000.0,2021-10-09 11:00:00,ETH/BTC,0.065795,0.065865,0.06541,0.0656275,323.989671783932,21.262632185
1633773600000.0,2021-10-09 10:00:00,ETH/BTC,0.065495,0.0658675,0.06538,0.065795,101.26707150999314,6.66286697
1633770000000.0,2021-10-09 09:00:00,ETH/BTC,0.065455,0.065655,0.06541,0.065495,36.592824643102524,2.39664705
1633766400000.0,2021-10-09 08:00:00,ETH/BTC,0.06567,0.0656725,0.0654275,0.0654475,165.03097551472553,10.80086477
1633762800000.0,2021-10-09 07:00:00,ETH/BTC,0.06567,0.0657475,0.0655425,0.06567,33.092241891274554,2.173167525
1633759200000.0,2021-10-09 06:00:00,ETH/BTC,0.065675,0.066,0.0655175,0.06567,142.13601267702145,9.3340719525
1633755600000.0,2021-10-09 05:00:00,ETH/BTC,0.0655975,0.0657175,0.06552,0.0656725,23.767846967908945,1.56089393
1633752000000.0,2021-10-09 04:00:00,ETH/BTC,0.0656125,0.065625,0.065455,0.0655975,53.23902591562178,3.4923470025
1633748400000.0,2021-10-09 03:00:00,ETH/BTC,0.066,0.066,0.06549,0.0656125,104.1705830443894,6.83489238
1633744800000.0,2021-10-09 02:00:00,ETH/BTC,0.065895,0.066015,0.0658125,0.066,69.81462795454546,4.607765445
1633741200000.0,2021-10-09 01:00:00,ETH/BTC,0.066005,0.0661225,0.06585,0.065895,81.06815300857426,5.3419859425
1633737600000.0,2021-10-09 00:00:00,ETH/BTC,0.066025,0.0660575,0.065735,0.066005,36.3352308537232,2.3983069125
1633734000000.0,2021-10-08 23:00:00,ETH/BTC,0.0661425,0.0661425,0.0659625,0.066025,27.352056266565697,1.805919515
1633730400000.0,2021-10-08 22:00:00,ETH/BTC,0.0659925,0.06626,0.065905,0.0661425,81.58009430396491,5.3959113875
1633726800000.0,2021-10-08 21:00:00,ETH/BTC,0.06586,0.0661675,0.06571,0.0659925,38.19204133045422,2.5203882875
1633723200000.0,2021-10-08 20:00:00,ETH/BTC,0.066305,0.0663525,0.0656775,0.06586,346.87969594594597,22.845496775
1633719600000.0,2021-10-08 19:00:00,ETH/BTC,0.06649,0.0665025,0.06627,0.066305,43.72270586682754,2.8990340125
1633716000000.0,2021-10-08 18:00:00,ETH/BTC,0.0667625,0.06678,0.06638,0.06649,257.01417844788693,17.088872725
1633712400000.0,2021-10-08 17:00:00,ETH/BTC,0.06685,0.066905,0.0666525,0.0667625,127.32762018348623,8.5007102425
1633708800000.0,2021-10-08 16:00:00,ETH/BTC,0.066665,0.0669625,0.0666075,0.06685,319.0180077038145,21.326353815
1633705200000.0,2021-10-08 15:00:00,ETH/BTC,0.0668675,0.0669175,0.0665725,0.066665,238.5077312682817,15.900117905
1633701600000.0,2021-10-08 14:00:00,ETH/BTC,0.06636,0.0669725,0.0662775,0.0668675,628.9503107264367,42.0563349025
1633698000000.0,2021-10-08 13:00:00,ETH/BTC,0.0656425,0.066405,0.0656125,0.06636,280.07242800632906,18.5856063225
1633694400000.0,2021-10-08 12:00:00,ETH/BTC,0.0653575,0.0657775,0.0653275,0.0656425,144.56956072666335,9.48990739
1633690800000.0,2021-10-08 11:00:00,ETH/BTC,0.0653675,0.0657075,0.0653125,0.0653575,216.4937820066557,14.1494923575
1633687200000.0,2021-10-08 10:00:00,ETH/BTC,0.0656575,0.0656575,0.0653375,0.0653675,127.5697820017593,8.338917725
1633683600000.0,2021-10-08 09:00:00,ETH/BTC,0.0656375,0.0657475,0.0654,0.0656575,420.8809920801127,27.6339937375
1633680000000.0,2021-10-08 08:00:00,ETH/BTC,0.065715,0.0657425,0.065045,0.0656375,673.8429873167015,44.22936908
1633676400000.0,2021-10-08 07:00:00,ETH/BTC,0.0661625,0.0662075,0.0656725,0.065715,152.02758274366585,9.9904926
1633672800000.0,2021-10-08 06:00:00,ETH/BTC,0.066145,0.0662725,0.06595,0.0661625,68.70013720007556,4.5453728275
1633669200000.0,2021-10-08 05:00:00,ETH/BTC,0.066325,0.0663275,0.0660725,0.0661475,68.26843240485279,4.5157861325
1633665600000.0,2021-10-08 04:00:00,ETH/BTC,0.06642,0.066445,0.066265,0.066325,94.65643169996231,6.2780878325
1633662000000.0,2021-10-08 03:00:00,ETH/BTC,0.066275,0.0664225,0.0661025,0.06642,414.52562349442934,27.5327919125
1633658400000.0,2021-10-08 02:00:00,ETH/BTC,0.0664675,0.06656,0.06616,0.066275,135.5809145982648,8.985625115
1633654800000.0,2021-10-08 01:00:00,ETH/BTC,0.0665975,0.06668,0.066205,0.0664675,83.92381505999172,5.5782061775
1633651200000.0,2021-10-08 00:00:00,ETH/BTC,0.066675,0.06678,0.0664975,0.0665975,53.236624160066064,3.5454260775
1633647600000.0,2021-10-07 23:00:00,ETH/BTC,0.0669,0.066905,0.0663825,0.066675,108.54936344206975,7.2375288075
1633644000000.0,2021-10-07 22:00:00,ETH/BTC,0.066965,0.067025,0.06651,0.0669,147.92473494020928,9.8961647675
1633640400000.0,2021-10-07 21:00:00,ETH/BTC,0.0668875,0.0672325,0.0667375,0.066965,296.9353117300082,19.88427315
1633636800000.0,2021-10-07 20:00:00,ETH/BTC,0.0668125,0.06708,0.066785,0.0668875,133.42347819099234,8.9243628975
1633633200000.0,2021-10-07 19:00:00,ETH/BTC,0.066635,0.067,0.066635,0.0668125,198.3634220018709,13.2531561325
1633629600000.0,2021-10-07 18:00:00,ETH/BTC,0.06662,0.06679,0.066515,0.066635,257.4079343062955,17.1523777025
1633626000000.0,2021-10-07 17:00:00,ETH/BTC,0.0663775,0.066805,0.066335,0.06662,93.84077788201742,6.2516726225
1633622400000.0,2021-10-07 16:00:00,ETH/BTC,0.0665075,0.0666075,0.0663675,0.0663775,135.30136397875785,8.9809662875
1633618800000.0,2021-10-07 15:00:00,ETH/BTC,0.06616,0.06655,0.0661425,0.0665075,132.03883873999175,8.7815730675
1633615200000.0,2021-10-07 14:00:00,ETH/BTC,0.066515,0.0665525,0.0658225,0.06616,361.66388524032647,23.9276826475
1633611600000.0,2021-10-07 13:00:00,ETH/BTC,0.0660875,0.06681,0.06604,0.066515,341.7363437946328,22.7305929075
1633608000000.0,2021-10-07 12:00:00,ETH/BTC,0.06583,0.0661375,0.0657525,0.0660875,64.70529608473615,4.276211255
1633604400000.0,2021-10-07 11:00:00,ETH/BTC,0.06587,0.0661675,0.065795,0.06583,200.71723101169678,13.2132153175
1633600800000.0,2021-10-07 10:00:00,ETH/BTC,0.065645,0.06591,0.06562,0.06587,174.15867025960227,11.47183161
1633597200000.0,2021-10-07 09:00:00,ETH/BTC,0.0658025,0.0659875,0.0655675,0.065645,83.6636081575139,5.4920975575
1633593600000.0,2021-10-07 08:00:00,ETH/BTC,0.0659425,0.0661275,0.0656775,0.0658025,736.6132637817713,48.47099429
1633590000000.0,2021-10-07 07:00:00,ETH/BTC,0.0647425,0.0659475,0.064575,0.0659425,364.5111740910642,24.0367780975
1633586400000.0,2021-10-07 06:00:00,ETH/BTC,0.0646575,0.0648325,0.064585,0.0647425,290.9911422944743,18.83949403
1633582800000.0,2021-10-07 05:00:00,ETH/BTC,0.0643075,0.064725,0.0642875,0.0646575,126.61681402002861,8.1867266525
1633579200000.0,2021-10-07 04:00:00,ETH/BTC,0.06422,0.0643925,0.0641825,0.0643075,140.61200769739142,9.042406685
1633575600000.0,2021-10-07 03:00:00,ETH/BTC,0.0641375,0.064295,0.0640275,0.06422,358.0183573653067,22.99193891
1633572000000.0,2021-10-07 02:00:00,ETH/BTC,0.06419,0.064535,0.0641175,0.0641375,153.50822623270318,9.84563386
1633568400000.0,2021-10-07 01:00:00,ETH/BTC,0.06459,0.0647475,0.0640425,0.06419,351.17531130238353,22.5419432325
1633564800000.0,2021-10-07 00:00:00,ETH/BTC,0.0646275,0.064755,0.064435,0.06459,284.0736549001394,18.34831737
1633561200000.0,2021-10-06 23:00:00,ETH/BTC,0.0650725,0.0650725,0.0646275,0.0646275,282.0018808943561,18.2250765575
1633557600000.0,2021-10-06 22:00:00,ETH/BTC,0.0650625,0.0652125,0.0646475,0.0650725,143.34067344116175,9.3275359725
1633554000000.0,2021-10-06 21:00:00,ETH/BTC,0.0648375,0.0650625,0.06452,0.0650625,286.22360560999044,18.62242334
1633550400000.0,2021-10-06 20:00:00,ETH/BTC,0.0651725,0.065225,0.064635,0.064835,397.46401010256807,25.769579095
1633546800000.0,2021-10-06 19:00:00,ETH/BTC,0.0657125,0.06572,0.0650025,0.0651725,144.5867131458821,9.4230775625
1633543200000.0,2021-10-06 18:00:00,ETH/BTC,0.0655475,0.06572,0.0653925,0.0657125,94.73197530911166,6.2250749275
1633539600000.0,2021-10-06 17:00:00,ETH/BTC,0.06554,0.065635,0.065255,0.065545,147.56296559615532,9.67201458
1633536000000.0,2021-10-06 16:00:00,ETH/BTC,0.0656625,0.0659475,0.0654025,0.06554,342.2949303860238,22.4340097375
1633532400000.0,2021-10-06 15:00:00,ETH/BTC,0.06604,0.0664375,0.0655375,0.0656625,1225.5065385113269,80.469823085
1633528800000.0,2021-10-06 14:00:00,ETH/BTC,0.066315,0.06638,0.0656725,0.0660475,769.6923752223779,50.8362571525
1633525200000.0,2021-10-06 13:00:00,ETH/BTC,0.065535,0.0665225,0.064345,0.066315,2777.084073927467,184.1623303625
1633521600000.0,2021-10-06 12:00:00,ETH/BTC,0.0658775,0.0660225,0.0652675,0.065535,713.715690890364,46.7733578025
1633518000000.0,2021-10-06 11:00:00,ETH/BTC,0.06595,0.06622,0.06577,0.0658775,312.9030902432545,20.6132733275
1633514400000.0,2021-10-06 10:00:00,ETH/BTC,0.066335,0.0663625,0.0658275,0.06595,421.87501338134956,27.8226571325
1633510800000.0,2021-10-06 09:00:00,ETH/BTC,0.066665,0.066665,0.0663,0.066335,253.51175985527996,16.81670259
1633507200000.0,2021-10-06 08:00:00,ETH/BTC,0.0671525,0.0672075,0.06653,0.066665,716.744854758869,47.7817957425
1633503600000.0,2021-10-06 07:00:00,ETH/BTC,0.06773,0.06774,0.0671225,0.0671525,498.1819187669856,33.4541613
1633500000000.0,2021-10-06 06:00:00,ETH/BTC,0.0677725,0.0677725,0.067525,0.06773,113.89932932230917,7.714401575
1633496400000.0,2021-10-06 05:00:00,ETH/BTC,0.0676725,0.0677725,0.0673425,0.0677725,126.40977553579992,8.5671065125
1633492800000.0,2021-10-06 04:00:00,ETH/BTC,0.067675,0.06771,0.06754,0.0676725,199.9821158151391,13.5332897325
1633489200000.0,2021-10-06 03:00:00,ETH/BTC,0.067935,0.0679375,0.0676575,0.067675,326.7745615441448,22.1144684525
1633485600000.0,2021-10-06 02:00:00,ETH/BTC,0.068135,0.068195,0.0678925,0.067935,83.79955398542725,5.6929227
1633482000000.0,2021-10-06 01:00:00,ETH/BTC,0.0686575,0.0686575,0.0680375,0.068135,141.62212291773685,9.649423345
1633478400000.0,2021-10-06 00:00:00,ETH/BTC,0.068305,0.068795,0.0682875,0.0686575,345.6532712740779,23.7316894725
1633474800000.0,2021-10-05 23:00:00,ETH/BTC,0.06835,0.068385,0.0682375,0.068305,254.66667718322228,17.395007385
1633471200000.0,2021-10-05 22:00:00,ETH/BTC,0.068395,0.06851,0.0683,0.06835,256.629098683248,17.540598895
1633467600000.0,2021-10-05 21:00:00,ETH/BTC,0.06849,0.068535,0.0679575,0.068395,279.9886690182031,19.1498250175
1633464000000.0,2021-10-05 20:00:00,ETH/BTC,0.06819,0.06863,0.0679725,0.06849,977.8062973426779,66.969953305
1633460400000.0,2021-10-05 19:00:00,ETH/BTC,0.06831,0.06843,0.0679,0.06819,716.9135219240358,48.88633306
1633456800000.0,2021-10-05 18:00:00,ETH/BTC,0.0684525,0.0685525,0.06811,0.06831,218.5001722295418,14.925746765
1633453200000.0,2021-10-05 17:00:00,ETH/BTC,0.0685475,0.068585,0.0683075,0.0684525,366.61825886563673,25.095936365
1633449600000.0,2021-10-05 16:00:00,ETH/BTC,0.068665,0.06874,0.06852,0.0685475,214.53016926219047,14.7055067775
1633446000000.0,2021-10-05 15:00:00,ETH/BTC,0.0688425,0.0689,0.0686275,0.068665,80.26924313696934,5.51168758
1633442400000.0,2021-10-05 14:00:00,ETH/BTC,0.06884,0.069,0.06875,0.0688425,131.48463478229291,9.05173097
1633438800000.0,2021-10-05 13:00:00,ETH/BTC,0.069055,0.069085,0.0688,0.06884,261.02217108512497,17.9687662575
1633435200000.0,2021-10-05 12:00:00,ETH/BTC,0.069075,0.0691575,0.0688325,0.069055,357.26378672797046,24.6708507925
1633431600000.0,2021-10-05 11:00:00,ETH/BTC,0.068755,0.0691225,0.0687475,0.069075,102.72377423090843,7.095644705
1633428000000.0,2021-10-05 10:00:00,ETH/BTC,0.0686325,0.0690275,0.0686325,0.068755,204.24392375099993,14.0427909775
1633424400000.0,2021-10-05 09:00:00,ETH/BTC,0.068465,0.068635,0.06817,0.0686325,319.66645066112994,21.939507675
1633420800000.0,2021-10-05 08:00:00,ETH/BTC,0.0684825,0.0685675,0.0682575,0.068465,210.12656309793326,14.3863151425
1633417200000.0,2021-10-05 07:00:00,ETH/BTC,0.068625,0.06868,0.0684825,0.0684825,109.48587737743219,7.4978665975
1633413600000.0,2021-10-05 06:00:00,ETH/BTC,0.0686125,0.068735,0.0685375,0.068625,59.272285027322404,4.06756056
1633410000000.0,2021-10-05 05:00:00,ETH/BTC,0.068505,0.068675,0.0682725,0.0686125,881.4850670796137,60.480894165
1633406400000.0,2021-10-05 04:00:00,ETH/BTC,0.06869,0.0688725,0.0684225,0.068505,604.5469013575652,41.4144854775
1633402800000.0,2021-10-05 03:00:00,ETH/BTC,0.0687,0.0689075,0.0686325,0.06869,371.31836995923715,25.5058588325
1633399200000.0,2021-10-05 02:00:00,ETH/BTC,0.06878,0.068835,0.0685725,0.0687,228.9474366084425,15.728688895
1633395600000.0,2021-10-05 01:00:00,ETH/BTC,0.06877,0.06892,0.0687625,0.06878,53.65075109043327,3.69009866
1633392000000.0,2021-10-05 00:00:00,ETH/BTC,0.0687625,0.06886,0.06858,0.06877,223.31850396248365,15.3576135175
1633388400000.0,2021-10-04 23:00:00,ETH/BTC,0.0689475,0.0689775,0.0687225,0.0687625,149.77632874022905,10.298994805
1633384800000.0,2021-10-04 22:00:00,ETH/BTC,0.0694,0.06954,0.0689,0.0689475,63.613904746364994,4.3860196975
1633381200000.0,2021-10-04 21:00:00,ETH/BTC,0.069035,0.0694175,0.0688925,0.0694,117.88572341498558,8.181269205
1633377600000.0,2021-10-04 20:00:00,ETH/BTC,0.0691925,0.0693225,0.068955,0.069035,165.7030416093286,11.4393094775
1633374000000.0,2021-10-04 19:00:00,ETH/BTC,0.06938,0.069465,0.06917,0.0691925,68.52183762691043,4.74119725
1633370400000.0,2021-10-04 18:00:00,ETH/BTC,0.0692075,0.0694925,0.0691175,0.06938,265.08045358893054,18.39128187
1633366800000.0,2021-10-04 17:00:00,ETH/BTC,0.0692025,0.0693325,0.0689825,0.0692075,478.0886970704042,33.0873235025
1633363200000.0,2021-10-04 16:00:00,ETH/BTC,0.0695825,0.0697025,0.0691225,0.0692025,339.3789273870164,23.4858702225
1633359600000.0,2021-10-04 15:00:00,ETH/BTC,0.0699675,0.0700325,0.069545,0.0695825,323.3065399705385,22.4964773175
1633356000000.0,2021-10-04 14:00:00,ETH/BTC,0.070425,0.0706875,0.0698175,0.0699675,216.98009311466038,15.181554665
1633352400000.0,2021-10-04 13:00:00,ETH/BTC,0.0701125,0.0710375,0.0701075,0.070425,536.7199520766773,37.798502625
1633348800000.0,2021-10-04 12:00:00,ETH/BTC,0.0696425,0.0701425,0.0695025,0.0701125,288.32223512212516,20.21499271
1633345200000.0,2021-10-04 11:00:00,ETH/BTC,0.0702225,0.0702425,0.0696025,0.0696425,212.88435384284023,14.8257986125
1633341600000.0,2021-10-04 10:00:00,ETH/BTC,0.0702475,0.0703425,0.07007,0.0702225,140.6713446544911,9.8782935
1633338000000.0,2021-10-04 09:00:00,ETH/BTC,0.0702825,0.0704025,0.0701725,0.0702475,134.36596729420975,9.4388732875
1633334400000.0,2021-10-04 08:00:00,ETH/BTC,0.0706225,0.0706425,0.070245,0.0702825,361.01447472699465,25.37299982
1633330800000.0,2021-10-04 07:00:00,ETH/BTC,0.070155,0.0706625,0.0700475,0.0706225,107.75052685050798,7.6096115825
1633327200000.0,2021-10-04 06:00:00,ETH/BTC,0.07041,0.070445,0.070155,0.070155,94.45214075974629,6.626289935
1633323600000.0,2021-10-04 05:00:00,ETH/BTC,0.0702425,0.07044,0.0702425,0.07041,87.73464593097572,6.17739642
1633320000000.0,2021-10-04 04:00:00,ETH/BTC,0.0702775,0.0704725,0.0701525,0.0702425,289.72356881517595,20.3509077825
1633316400000.0,2021-10-04 03:00:00,ETH/BTC,0.070465,0.070465,0.070185,0.0702775,209.49555138557858,14.7228236125
1633312800000.0,2021-10-04 02:00:00,ETH/BTC,0.0705875,0.0706075,0.070335,0.070465,66.66037497339104,4.6972233225
1633309200000.0,2021-10-04 01:00:00,ETH/BTC,0.0703625,0.07066,0.07017,0.0705875,320.28733377014345,22.6082821725
1633305600000.0,2021-10-04 00:00:00,ETH/BTC,0.0708925,0.0710075,0.070335,0.0703625,171.45644007816665,12.064103765
1633302000000.0,2021-10-03 23:00:00,ETH/BTC,0.07101,0.0712,0.07089,0.0708925,208.74034136192122,14.79812465
1633298400000.0,2021-10-03 22:00:00,ETH/BTC,0.0710025,0.0712625,0.070945,0.07101,299.44856562455993,21.263842645
1633294800000.0,2021-10-03 21:00:00,ETH/BTC,0.0706625,0.0711225,0.0706425,0.0710025,143.38725118833844,10.1808533025
1633291200000.0,2021-10-03 20:00:00,ETH/BTC,0.07108,0.0711675,0.070645,0.07066,196.35737637984715,13.874612215
1633287600000.0,2021-10-03 19:00:00,ETH/BTC,0.070955,0.0712425,0.070915,0.07108,115.62744530810353,8.2187988125
1633284000000.0,2021-10-03 18:00:00,ETH/BTC,0.070835,0.0710625,0.07078,0.070955,177.45374554294975,12.591230515
1633280400000.0,2021-10-03 17:00:00,ETH/BTC,0.07119,0.07132,0.0704525,0.070835,584.0567325827628,41.3716586525
1633276800000.0,2021-10-03 16:00:00,ETH/BTC,0.0710975,0.071375,0.0710975,0.07119,121.39764837055765,8.6422985875
1633273200000.0,2021-10-03 15:00:00,ETH/BTC,0.071405,0.0714125,0.0709225,0.0710975,108.03571345687261,7.6810691375
1633269600000.0,2021-10-03 14:00:00,ETH/BTC,0.0715325,0.0715325,0.071335,0.071405,149.57106739724108,10.6801220675
1633266000000.0,2021-10-03 13:00:00,ETH/BTC,0.0710625,0.07163,0.071055,0.0715325,244.1962133296054,17.46796563
1633262400000.0,2021-10-03 12:00:00,ETH/BTC,0.0711625,0.07128,0.07105,0.0710625,36.645795004397534,2.6041418075
1633258800000.0,2021-10-03 11:00:00,ETH/BTC,0.07091,0.0712125,0.0708725,0.0711625,103.37587546109256,7.3564857375
1633255200000.0,2021-10-03 10:00:00,ETH/BTC,0.07089,0.071055,0.0707525,0.0709125,56.3115875903402,3.993195455
1633251600000.0,2021-10-03 09:00:00,ETH/BTC,0.0709225,0.0709425,0.07073,0.07089,96.1555686979828,6.816468265
1633248000000.0,2021-10-03 08:00:00,ETH/BTC,0.0708275,0.0711975,0.0707775,0.0709225,148.99895234234552,10.5673781975
1633244400000.0,2021-10-03 07:00:00,ETH/BTC,0.0711275,0.0711375,0.07082,0.0708275,128.83430118950972,9.1250114675
1633240800000.0,2021-10-03 06:00:00,ETH/BTC,0.071205,0.07121,0.071015,0.0711275,96.38382566517873,6.85554056
1633237200000.0,2021-10-03 05:00:00,ETH/BTC,0.07095,0.07125,0.0709275,0.071205,138.90082044800224,9.89043292
1633233600000.0,2021-10-03 04:00:00,ETH/BTC,0.0710675,0.0711275,0.0709425,0.07095,32.603466948555315,2.31321598
1633230000000.0,2021-10-03 03:00:00,ETH/BTC,0.0713875,0.0714025,0.070965,0.0710675,157.25045935202448,11.17539702
1633226400000.0,2021-10-03 02:00:00,ETH/BTC,0.0712975,0.0717825,0.071255,0.0713875,126.2247822097706,9.01087164
1633222800000.0,2021-10-03 01:00:00,ETH/BTC,0.0711775,0.07137,0.071165,0.0712975,64.77932960482485,4.6186042525
1633219200000.0,2021-10-03 00:00:00,ETH/BTC,0.071095,0.0713675,0.0709475,0.0711775,196.17337536440587,13.963130425
1633215600000.0,2021-10-02 23:00:00,ETH/BTC,0.071245,0.0713475,0.0706475,0.071095,192.96318960545747,13.718717965
1633212000000.0,2021-10-02 22:00:00,ETH/BTC,0.0716125,0.07185,0.07124,0.071245,76.17935598989403,5.4273982175
1633208400000.0,2021-10-02 21:00:00,ETH/BTC,0.0713775,0.07186,0.071365,0.0716125,212.2823507767499,15.202069845
1633204800000.0,2021-10-02 20:00:00,ETH/BTC,0.07186,0.0718725,0.071355,0.0713775,242.41707383279044,17.3031246875
1633201200000.0,2021-10-02 19:00:00,ETH/BTC,0.0718575,0.0719425,0.0715025,0.07186,142.28990091845256,10.22495228
1633197600000.0,2021-10-02 18:00:00,ETH/BTC,0.0716325,0.072155,0.07149,0.0718575,940.8377901402081,67.606251505
1633194000000.0,2021-10-02 17:00:00,ETH/BTC,0.0715375,0.0718,0.0714825,0.0716325,527.2559983945835,37.768665305
1633190400000.0,2021-10-02 16:00:00,ETH/BTC,0.07085,0.0715475,0.0707525,0.0715375,564.6504522103792,40.393681725
1633186800000.0,2021-10-02 15:00:00,ETH/BTC,0.070145,0.070945,0.07012,0.07085,616.6148679251941,43.6871633925
1633183200000.0,2021-10-02 14:00:00,ETH/BTC,0.06933,0.0701725,0.0692475,0.070145,631.9520702117043,44.328277965
1633179600000.0,2021-10-02 13:00:00,ETH/BTC,0.06915,0.0696025,0.0691425,0.06933,294.7667266695514,20.43617716
1633176000000.0,2021-10-02 12:00:00,ETH/BTC,0.069125,0.0692925,0.0690375,0.06915,130.70256091829356,9.0380820875
1633172400000.0,2021-10-02 11:00:00,ETH/BTC,0.06899,0.06917,0.0687975,0.069125,68.91588325497287,4.76381043
1633168800000.0,2021-10-02 10:00:00,ETH/BTC,0.069175,0.069175,0.068895,0.06899,115.70347648209886,7.9823828425
1633165200000.0,2021-10-02 09:00:00,ETH/BTC,0.068835,0.0692775,0.06879,0.069175,63.557390350560176,4.3965824775
1633161600000.0,2021-10-02 08:00:00,ETH/BTC,0.0687275,0.0689175,0.0686825,0.068835,344.3960209922278,23.706500105
1633158000000.0,2021-10-02 07:00:00,ETH/BTC,0.068675,0.068875,0.0686575,0.0687275,177.74451096722564,12.2159358775
1633154400000.0,2021-10-02 06:00:00,ETH/BTC,0.0687,0.0687725,0.0686125,0.068675,258.0765308336367,17.723405755
1633150800000.0,2021-10-02 05:00:00,ETH/BTC,0.068785,0.0690275,0.0686775,0.0687,161.58215767831152,11.1006942325
1633147200000.0,2021-10-02 04:00:00,ETH/BTC,0.0687475,0.06882,0.0686325,0.068785,159.8495934069928,10.9952542825
1633143600000.0,2021-10-02 03:00:00,ETH/BTC,0.0689675,0.0689675,0.0687375,0.0687475,85.35516815156915,5.8679544225
1633140000000.0,2021-10-02 02:00:00,ETH/BTC,0.0690525,0.06918,0.06893,0.0689675,299.9172931453221,20.684545915
1633136400000.0,2021-10-02 01:00:00,ETH/BTC,0.068875,0.069525,0.06877,0.0690575,493.10225424465125,34.0524089225
1633132800000.0,2021-10-02 00:00:00,ETH/BTC,0.0687325,0.0690275,0.0684325,0.068875,279.5762485662432,19.25581412
1633129200000.0,2021-10-01 23:00:00,ETH/BTC,0.0684625,0.0687325,0.0684275,0.0687325,55.142338558905905,3.790070785
1633125600000.0,2021-10-01 22:00:00,ETH/BTC,0.068765,0.068765,0.0684075,0.0684625,209.9454637575315,14.3733913125
1633122000000.0,2021-10-01 21:00:00,ETH/BTC,0.0684125,0.0688875,0.068245,0.068765,433.0427456554933,29.778184405
1633118400000.0,2021-10-01 20:00:00,ETH/BTC,0.0686525,0.06895,0.06841,0.0684125,149.56943358304403,10.232418875
1633114800000.0,2021-10-01 19:00:00,ETH/BTC,0.0689775,0.069,0.0686375,0.0686525,216.07446178216378,14.8340519875
1633111200000.0,2021-10-01 18:00:00,ETH/BTC,0.068805,0.0689975,0.06858,0.0689775,431.8072059004748,29.784981545
1633107600000.0,2021-10-01 17:00:00,ETH/BTC,0.0688925,0.06898,0.06876,0.068805,181.02902801395246,12.4557022725
1633104000000.0,2021-10-01 16:00:00,ETH/BTC,0.0683275,0.0689,0.0682275,0.0688925,630.2922131218928,43.4224062925
1633100400000.0,2021-10-01 15:00:00,ETH/BTC,0.0681375,0.06845,0.0680175,0.0683275,201.0748548900516,13.7389421475
1633096800000.0,2021-10-01 14:00:00,ETH/BTC,0.0681325,0.0682225,0.067915,0.0681375,603.1079910108236,41.0942707375
1633093200000.0,2021-10-01 13:00:00,ETH/BTC,0.0682125,0.0683675,0.0679975,0.0681325,221.92000895314277,15.11996501
1633089600000.0,2021-10-01 12:00:00,ETH/BTC,0.0681225,0.068735,0.068115,0.0682125,578.2028043613708,39.4406587925
1633086000000.0,2021-10-01 11:00:00,ETH/BTC,0.0680875,0.0684725,0.06783,0.0681225,445.67073444897056,30.3602046075
1633082400000.0,2021-10-01 10:00:00,ETH/BTC,0.0693775,0.06944,0.06739,0.0680875,1254.5374640719665,85.418319585
1633078800000.0,2021-10-01 09:00:00,ETH/BTC,0.0694625,0.069665,0.06931,0.0693775,207.47987517566935,14.39443504
1633075200000.0,2021-10-01 08:00:00,ETH/BTC,0.0690475,0.0695675,0.0690475,0.0694625,479.7935781176894,33.32766142
1633071600000.0,2021-10-01 07:00:00,ETH/BTC,0.0687925,0.0691025,0.0685475,0.0690475,311.6683234729715,21.519918565
1633068000000.0,2021-10-01 06:00:00,ETH/BTC,0.0688025,0.06886,0.0686375,0.0687925,96.47779267361993,6.6369485525
1633064400000.0,2021-10-01 05:00:00,ETH/BTC,0.0687675,0.0688375,0.0687025,0.0688025,74.05080600268884,5.09488058
1633060800000.0,2021-10-01 04:00:00,ETH/BTC,0.0688275,0.0690725,0.0687625,0.0687675,71.29837365034355,4.90301091
1633057200000.0,2021-10-01 03:00:00,ETH/BTC,0.0688925,0.0690175,0.0683675,0.0688275,106.58120380661799,7.335717805
1633053600000.0,2021-10-01 02:00:00,ETH/BTC,0.0690825,0.0691825,0.06881,0.0688925,74.2161188445767,5.1129339675
1633050000000.0,2021-10-01 01:00:00,ETH/BTC,0.069115,0.0693,0.06903,0.0690825,219.81874646256287,15.1856285525
1633046400000.0,2021-10-01 00:00:00,ETH/BTC,0.068455,0.0691275,0.0684025,0.069115,411.32149866165093,28.42848538
1633042800000.0,2021-09-30 23:00:00,ETH/BTC,0.068675,0.0687125,0.06845,0.068455,92.35413059674238,6.32210201
1633039200000.0,2021-09-30 22:00:00,ETH/BTC,0.0687,0.068825,0.0686,0.068675,40.80255384055333,2.802115385
1633035600000.0,2021-09-30 21:00:00,ETH/BTC,0.06843,0.06875,0.0683575,0.068695,190.48899847150446,13.08564175
1633032000000.0,2021-09-30 20:00:00,ETH/BTC,0.0687475,0.0689775,0.068375,0.06843,337.86632105801544,23.12019235
1633028400000.0,2021-09-30 19:00:00,ETH/BTC,0.069045,0.0690475,0.0687175,0.0687475,181.2324655442016,12.459278925
1633024800000.0,2021-09-30 18:00:00,ETH/BTC,0.069095,0.069285,0.06896,0.06902,323.9694154230658,22.3603690525
1633021200000.0,2021-09-30 17:00:00,ETH/BTC,0.069445,0.069555,0.0690175,0.069095,297.0069190968956,20.521693075
1633017600000.0,2021-09-30 16:00:00,ETH/BTC,0.0691875,0.069445,0.0690825,0.069445,111.28128461372307,7.72792881
1633014000000.0,2021-09-30 15:00:00,ETH/BTC,0.06908,0.069465,0.0690325,0.0691875,1751.1990453116532,121.1610839475
1633010400000.0,2021-09-30 14:00:00,ETH/BTC,0.0690325,0.0691275,0.06882,0.06908,415.8336252895194,28.725786835
1633006800000.0,2021-09-30 13:00:00,ETH/BTC,0.0692925,0.0693475,0.0688575,0.0690325,318.4928972947525,21.9863609325
1633003200000.0,2021-09-30 12:00:00,ETH/BTC,0.068785,0.06948,0.0687675,0.0692925,309.59684641194934,21.45273948
1632999600000.0,2021-09-30 11:00:00,ETH/BTC,0.0688875,0.068915,0.06868,0.068785,304.78051442901796,20.964327685
1632996000000.0,2021-09-30 10:00:00,ETH/BTC,0.0690825,0.0694475,0.0688075,0.0688875,102.98138551986935,7.094130195
1632992400000.0,2021-09-30 09:00:00,ETH/BTC,0.06911,0.0693725,0.069005,0.0690825,151.80651246697786,10.4871733975
1632988800000.0,2021-09-30 08:00:00,ETH/BTC,0.0693475,0.069375,0.0690125,0.06911,168.8598261467226,11.669902585
1632985200000.0,2021-09-30 07:00:00,ETH/BTC,0.0696625,0.0696975,0.069235,0.0693475,189.43478550055877,13.1368287875
1632981600000.0,2021-09-30 06:00:00,ETH/BTC,0.0695975,0.0697725,0.0694025,0.0696625,213.21151799748787,14.8528473725
1632978000000.0,2021-09-30 05:00:00,ETH/BTC,0.069375,0.0698,0.0693025,0.0695975,391.477780667409,27.24587484
1632974400000.0,2021-09-30 04:00:00,ETH/BTC,0.0694575,0.0696475,0.0693525,0.069375,262.30469275675676,18.19738806
1632970800000.0,2021-09-30 03:00:00,ETH/BTC,0.06891,0.06959,0.068885,0.0694575,966.9129127883958,67.15935364
1632967200000.0,2021-09-30 02:00:00,ETH/BTC,0.0689125,0.069075,0.0687125,0.06891,543.6770905166159,37.4647883075
1632963600000.0,2021-09-30 01:00:00,ETH/BTC,0.0692675,0.06935,0.0686775,0.0689125,676.9922083439144,46.6532255575
1632960000000.0,2021-09-30 00:00:00,ETH/BTC,0.0686325,0.0693075,0.0685025,0.0692675,480.1208570397373,33.256771465
1632956400000.0,2021-09-29 23:00:00,ETH/BTC,0.06859,0.06874,0.0684575,0.0686325,308.0704637015991,21.1436461
1632952800000.0,2021-09-29 22:00:00,ETH/BTC,0.0684275,0.0687,0.0684175,0.06859,172.96017961802013,11.86333872
1632949200000.0,2021-09-29 21:00:00,ETH/BTC,0.068615,0.0687,0.0683325,0.0684275,234.74460512951663,16.0629864675
1632945600000.0,2021-09-29 20:00:00,ETH/BTC,0.0681925,0.0686475,0.067945,0.068615,621.084030059025,42.6156807225
1632942000000.0,2021-09-29 19:00:00,ETH/BTC,0.0682425,0.0683125,0.06814,0.0681925,118.59135172489643,8.0870407525
1632938400000.0,2021-09-29 18:00:00,ETH/BTC,0.0682775,0.068465,0.0681075,0.0682425,149.34506828589224,10.1916808225
1632934800000.0,2021-09-29 17:00:00,ETH/BTC,0.068565,0.0686325,0.06813,0.0682775,132.5971854197942,9.0534043275
1632931200000.0,2021-09-29 16:00:00,ETH/BTC,0.06862,0.068785,0.06845,0.068565,384.1902708743528,26.3420059225
1632927600000.0,2021-09-29 15:00:00,ETH/BTC,0.069285,0.0694475,0.068505,0.06862,472.57927892742646,32.42839012
1632924000000.0,2021-09-29 14:00:00,ETH/BTC,0.0692475,0.0695325,0.069155,0.069285,154.74323082196724,10.7213847475
1632920400000.0,2021-09-29 13:00:00,ETH/BTC,0.069215,0.0693675,0.0690125,0.069255,325.66434297162664,22.5538840725
1632916800000.0,2021-09-29 12:00:00,ETH/BTC,0.0691875,0.069365,0.068735,0.069215,229.35347623347542,15.8747008575
1632913200000.0,2021-09-29 11:00:00,ETH/BTC,0.068995,0.069255,0.068915,0.0691875,57.57988415537489,3.983808235
1632909600000.0,2021-09-29 10:00:00,ETH/BTC,0.06887,0.06946,0.0688675,0.0689925,253.31070565641195,17.47653886
1632906000000.0,2021-09-29 09:00:00,ETH/BTC,0.068855,0.0689075,0.06863,0.06887,191.05359242050238,13.15786091
1632902400000.0,2021-09-29 08:00:00,ETH/BTC,0.06886,0.06894,0.0688075,0.068855,149.24349945537725,10.276161155
1632898800000.0,2021-09-29 07:00:00,ETH/BTC,0.0690075,0.0690075,0.0688275,0.06886,424.56926633749634,29.23583968
1632895200000.0,2021-09-29 06:00:00,ETH/BTC,0.0687825,0.069135,0.0687825,0.0690075,257.0272696808318,17.7368093125
1632891600000.0,2021-09-29 05:00:00,ETH/BTC,0.06884,0.0690175,0.06873,0.0687825,133.70675131755897,9.1966846225
1632888000000.0,2021-09-29 04:00:00,ETH/BTC,0.0686175,0.0722,0.068585,0.0688375,1182.9909419284547,81.434138965
1632884400000.0,2021-09-29 03:00:00,ETH/BTC,0.0687575,0.06883,0.068385,0.0686175,260.3541180092542,17.8648486925
1632880800000.0,2021-09-29 02:00:00,ETH/BTC,0.0686325,0.068845,0.0685875,0.0687575,767.6304159909828,52.7803483275
1632877200000.0,2021-09-29 01:00:00,ETH/BTC,0.0683775,0.06872,0.0683225,0.0686325,126.37990394492405,8.6737687575
1632873600000.0,2021-09-29 00:00:00,ETH/BTC,0.068385,0.0687075,0.06822,0.0683775,432.4156738693284,29.56750274
1632870000000.0,2021-09-28 23:00:00,ETH/BTC,0.0681925,0.06843,0.0680875,0.068385,312.7739306134386,21.389045245
1632866400000.0,2021-09-28 22:00:00,ETH/BTC,0.0688575,0.068885,0.068125,0.0681925,109.75610316383766,7.484543065
1632862800000.0,2021-09-28 21:00:00,ETH/BTC,0.0685225,0.06886,0.0684925,0.0688575,162.04421097919615,11.1579592575
1632859200000.0,2021-09-28 20:00:00,ETH/BTC,0.0682375,0.068945,0.06821,0.0685225,196.80651300667665,13.4856742875
1632855600000.0,2021-09-28 19:00:00,ETH/BTC,0.0682475,0.0685375,0.068125,0.0682375,106.00239183000548,7.2333382125
1632852000000.0,2021-09-28 18:00:00,ETH/BTC,0.0683475,0.0685925,0.0679775,0.0682475,237.65168965896186,16.21913369
1632848400000.0,2021-09-28 17:00:00,ETH/BTC,0.0683625,0.0684625,0.0681925,0.0683475,285.7264002340978,19.52868514
1632844800000.0,2021-09-28 16:00:00,ETH/BTC,0.068625,0.06899,0.0683625,0.0683625,156.06751248857194,10.6691653225
1632841200000.0,2021-09-28 15:00:00,ETH/BTC,0.0689075,0.0689425,0.0685775,0.068625,275.5214200728597,18.9076574525
1632837600000.0,2021-09-28 14:00:00,ETH/BTC,0.0694,0.069765,0.0688625,0.0689075,437.97481892391977,30.179749835
1632834000000.0,2021-09-28 13:00:00,ETH/BTC,0.069325,0.0695975,0.0692525,0.0694,143.82798976945244,9.98166249
1632830400000.0,2021-09-28 12:00:00,ETH/BTC,0.069525,0.069695,0.069275,0.069325,135.73799231878832,9.4100363175
1632826800000.0,2021-09-28 11:00:00,ETH/BTC,0.069405,0.0699375,0.069365,0.069525,60.99641679252067,4.2407758775
1632823200000.0,2021-09-28 10:00:00,ETH/BTC,0.0694675,0.0696425,0.0692925,0.069405,38.85209044737411,2.6965293375
1632819600000.0,2021-09-28 09:00:00,ETH/BTC,0.0694725,0.0696325,0.0693775,0.0694675,156.29013880591643,10.8570852175
1632816000000.0,2021-09-28 08:00:00,ETH/BTC,0.0693,0.069855,0.069215,0.0694725,344.85212015545716,23.9577389175
1632812400000.0,2021-09-28 07:00:00,ETH/BTC,0.0694275,0.069455,0.0690375,0.0693,313.581923051948,21.7312272675
1632808800000.0,2021-09-28 06:00:00,ETH/BTC,0.069395,0.0694375,0.0692125,0.0694275,399.5917254690144,27.74265452
1632805200000.0,2021-09-28 05:00:00,ETH/BTC,0.06946,0.0695475,0.069235,0.069395,167.51211499387563,11.62450322
1632801600000.0,2021-09-28 04:00:00,ETH/BTC,0.0692925,0.0694825,0.069175,0.06946,319.2706695220271,22.176540705
1632798000000.0,2021-09-28 03:00:00,ETH/BTC,0.06928,0.0693675,0.06912,0.0692925,207.44122935382615,14.374121385
1632794400000.0,2021-09-28 02:00:00,ETH/BTC,0.06915,0.069515,0.0690875,0.06928,123.1343701284642,8.5307491625
1632790800000.0,2021-09-28 01:00:00,ETH/BTC,0.06925,0.06948,0.0688475,0.06915,345.5758430585683,23.8965695475
1632787200000.0,2021-09-28 00:00:00,ETH/BTC,0.069415,0.069635,0.06908,0.06925,261.5765919133574,18.11417899
1632783600000.0,2021-09-27 23:00:00,ETH/BTC,0.06957,0.06976,0.0691775,0.069415,512.4769564215227,35.57358793
1632780000000.0,2021-09-27 22:00:00,ETH/BTC,0.0695575,0.0698975,0.06933,0.06957,142.74031863590628,9.9304439675
1632776400000.0,2021-09-27 21:00:00,ETH/BTC,0.0692175,0.0695575,0.06917,0.0695575,152.74848955899796,10.6248030625
1632772800000.0,2021-09-27 20:00:00,ETH/BTC,0.06959,0.0695975,0.06918,0.0692175,174.85892541626035,12.10329767
1632769200000.0,2021-09-27 19:00:00,ETH/BTC,0.0697,0.069725,0.0695,0.0695825,421.4800345273596,29.3276345025
1632765600000.0,2021-09-27 18:00:00,ETH/BTC,0.069695,0.0697825,0.0695,0.0696825,256.18562221504686,17.85165462
1632762000000.0,2021-09-27 17:00:00,ETH/BTC,0.0698525,0.0700475,0.0695375,0.069695,356.6229355405697,24.8548354925
1632758400000.0,2021-09-27 16:00:00,ETH/BTC,0.07067,0.070675,0.069625,0.0698525,416.5559413406821,29.0974738925
1632754800000.0,2021-09-27 15:00:00,ETH/BTC,0.070625,0.07074,0.0699,0.07067,371.4711042875336,26.25186294
1632751200000.0,2021-09-27 14:00:00,ETH/BTC,0.0705675,0.0710525,0.0704275,0.070625,239.05347486725668,16.8831516625
1632747600000.0,2021-09-27 13:00:00,ETH/BTC,0.0705875,0.0707975,0.0705,0.0705675,63.206961597052455,4.4603572625
1632744000000.0,2021-09-27 12:00:00,ETH/BTC,0.070685,0.07077,0.0703575,0.0705875,259.1676997697893,18.2940000075
1632740400000.0,2021-09-27 11:00:00,ETH/BTC,0.0708125,0.0709425,0.070615,0.070685,111.21413411614911,7.86117107
1632736800000.0,2021-09-27 10:00:00,ETH/BTC,0.0709425,0.071035,0.070775,0.0708125,122.17015096204766,8.651173815
1632733200000.0,2021-09-27 09:00:00,ETH/BTC,0.07096,0.0712,0.07091,0.0709425,109.57745064665045,7.7736982925
1632729600000.0,2021-09-27 08:00:00,ETH/BTC,0.0707625,0.071075,0.0706425,0.07096,198.47843327226607,14.084029625
1632726000000.0,2021-09-27 07:00:00,ETH/BTC,0.0706775,0.07081,0.0703925,0.0707625,186.90385218159335,13.22578384
1632722400000.0,2021-09-27 06:00:00,ETH/BTC,0.07099,0.07125,0.07056,0.0706775,82.19635700894911,5.8094330225
1632718800000.0,2021-09-27 05:00:00,ETH/BTC,0.0709175,0.0710575,0.0708125,0.07099,118.22270133117341,8.3926295675
1632715200000.0,2021-09-27 04:00:00,ETH/BTC,0.0711325,0.0714275,0.0708975,0.0709175,117.21633031339233,8.312689105
1632711600000.0,2021-09-27 03:00:00,ETH/BTC,0.07107,0.0712525,0.07085,0.0711325,151.77441162619056,10.796093335
1632708000000.0,2021-09-27 02:00:00,ETH/BTC,0.071365,0.07154,0.07075,0.07107,337.50051709582107,23.98616175
1632704400000.0,2021-09-27 01:00:00,ETH/BTC,0.071505,0.07164,0.0712275,0.071365,204.15031601625446,14.5691873025
1632700800000.0,2021-09-27 00:00:00,ETH/BTC,0.070865,0.0718,0.07051,0.071505,386.8061910705545,27.6585766925
1632697200000.0,2021-09-26 23:00:00,ETH/BTC,0.0703675,0.0709325,0.0703325,0.0709175,361.81887351499984,25.6592899625
1632693600000.0,2021-09-26 22:00:00,ETH/BTC,0.0708475,0.0709525,0.0703675,0.0703675,164.86421490745016,11.6010826425
1632690000000.0,2021-09-26 21:00:00,ETH/BTC,0.070755,0.070915,0.07066,0.0708475,218.01514270087162,15.4458278225
1632686400000.0,2021-09-26 20:00:00,ETH/BTC,0.070705,0.0711825,0.0707025,0.070755,398.4519289449509,28.1924662325
1632682800000.0,2021-09-26 19:00:00,ETH/BTC,0.07043,0.070755,0.0703975,0.070705,93.98816872922707,6.64543347
1632679200000.0,2021-09-26 18:00:00,ETH/BTC,0.0703875,0.0706525,0.0703725,0.07043,69.16827218514837,4.87152141
1632675600000.0,2021-09-26 17:00:00,ETH/BTC,0.07025,0.070655,0.07023,0.0703875,214.82420571834484,15.12093878
1632672000000.0,2021-09-26 16:00:00,ETH/BTC,0.07044,0.07061,0.0701975,0.07025,296.1185002135231,20.80232464
1632668400000.0,2021-09-26 15:00:00,ETH/BTC,0.0699325,0.07044,0.0697875,0.07044,475.80264895655876,33.5155385925
1632664800000.0,2021-09-26 14:00:00,ETH/BTC,0.06945,0.0700775,0.0693325,0.0699325,374.67677435384127,26.2020835225
1632661200000.0,2021-09-26 13:00:00,ETH/BTC,0.0695975,0.069675,0.069155,0.06945,207.35000791936645,14.40045805
1632657600000.0,2021-09-26 12:00:00,ETH/BTC,0.0690425,0.0697075,0.0690425,0.0695975,201.0963191924997,13.995801075
1632654000000.0,2021-09-26 11:00:00,ETH/BTC,0.06867,0.0690475,0.06857,0.0690425,343.6178326393163,23.72423421
1632650400000.0,2021-09-26 10:00:00,ETH/BTC,0.0689275,0.0692,0.0684425,0.06867,320.94845998980634,22.0395307475
1632646800000.0,2021-09-26 09:00:00,ETH/BTC,0.0669575,0.0692675,0.066925,0.0689275,427.8127809655072,29.48806546
1632643200000.0,2021-09-26 08:00:00,ETH/BTC,0.067255,0.0673025,0.06668,0.0669625,148.62314004106778,9.952177015
1632639600000.0,2021-09-26 07:00:00,ETH/BTC,0.06711,0.067565,0.066885,0.067255,405.5472379748718,27.27507949
1632636000000.0,2021-09-26 06:00:00,ETH/BTC,0.06751,0.06757,0.06711,0.06711,140.32401769482937,9.4171448275
1632632400000.0,2021-09-26 05:00:00,ETH/BTC,0.0674325,0.0677525,0.0673925,0.06751,20.155879166049473,1.3607234025
1632628800000.0,2021-09-26 04:00:00,ETH/BTC,0.0678875,0.06789,0.06728,0.0674325,166.2826485374263,11.2128546975
1632625200000.0,2021-09-26 03:00:00,ETH/BTC,0.0679125,0.06804,0.0677825,0.0678875,12.743529663045479,0.86512637
1632621600000.0,2021-09-26 02:00:00,ETH/BTC,0.0678575,0.0680875,0.0676275,0.0679125,64.32644030922143,4.3685693775
1632618000000.0,2021-09-26 01:00:00,ETH/BTC,0.0680325,0.0681825,0.0678125,0.0678575,113.18858972847511,7.6806947275
1632614400000.0,2021-09-26 00:00:00,ETH/BTC,0.0684625,0.0685825,0.067865,0.0680325,435.0283612979091,29.59606699
1632610800000.0,2021-09-25 23:00:00,ETH/BTC,0.06867,0.06888,0.06828,0.0684625,141.26134935183498,9.67110513
1632607200000.0,2021-09-25 22:00:00,ETH/BTC,0.0682375,0.06879,0.0682325,0.06867,478.2693883427989,32.8427588975
1632603600000.0,2021-09-25 21:00:00,ETH/BTC,0.0685,0.0685525,0.06811,0.0682375,405.6646631983879,27.681542455
1632600000000.0,2021-09-25 20:00:00,ETH/BTC,0.0683775,0.068695,0.068195,0.0685,131.19907941605837,8.98713694
1632596400000.0,2021-09-25 19:00:00,ETH/BTC,0.06805,0.068505,0.0679625,0.0683775,139.23400113341378,9.5204729125
1632592800000.0,2021-09-25 18:00:00,ETH/BTC,0.06806,0.068125,0.06793,0.06805,19.20356293166789,1.3068024575
1632589200000.0,2021-09-25 17:00:00,ETH/BTC,0.06804,0.06818,0.06791,0.06806,39.939394064061126,2.71827516
1632585600000.0,2021-09-25 16:00:00,ETH/BTC,0.0685225,0.0685925,0.067335,0.06804,838.3108950249853,57.0386732975
1632582000000.0,2021-09-25 15:00:00,ETH/BTC,0.0678175,0.06897,0.06747,0.0685225,925.831651537816,63.4402993425
1632578400000.0,2021-09-25 14:00:00,ETH/BTC,0.0683175,0.0684775,0.06771,0.0678175,340.1902093486195,23.0708495225
1632574800000.0,2021-09-25 13:00:00,ETH/BTC,0.0685775,0.0688375,0.0683125,0.0683175,46.36733816372086,3.167700625
1632571200000.0,2021-09-25 12:00:00,ETH/BTC,0.068565,0.06867,0.0684225,0.0685775,42.36257052240166,2.90511918
1632567600000.0,2021-09-25 11:00:00,ETH/BTC,0.0688675,0.0689025,0.068345,0.068565,143.35349989061476,9.82903272
1632564000000.0,2021-09-25 10:00:00,ETH/BTC,0.068895,0.06917,0.06881,0.0688675,277.43141242240534,19.106007795
1632560400000.0,2021-09-25 09:00:00,ETH/BTC,0.0681975,0.06892,0.0678575,0.068895,381.43896273314465,26.2792373375
1632556800000.0,2021-09-25 08:00:00,ETH/BTC,0.068125,0.0683975,0.06728,0.0681975,3489.549278272664,237.978536905
1632553200000.0,2021-09-25 07:00:00,ETH/BTC,0.0685725,0.068625,0.068075,0.068125,68.48982535779815,4.6658693525
1632549600000.0,2021-09-25 06:00:00,ETH/BTC,0.068525,0.0685925,0.0684025,0.0685725,34.978721717889826,2.398578395
1632546000000.0,2021-09-25 05:00:00,ETH/BTC,0.0686275,0.068795,0.068475,0.068525,64.95961579715433,4.4513576725
1632542400000.0,2021-09-25 04:00:00,ETH/BTC,0.06836,0.0687175,0.0683575,0.0686275,140.65923525554626,9.6530916675
1632538800000.0,2021-09-25 03:00:00,ETH/BTC,0.0684225,0.0685675,0.068185,0.06836,193.45878148771212,13.2248423025
1632535200000.0,2021-09-25 02:00:00,ETH/BTC,0.068715,0.06873,0.0684125,0.0684225,425.68486020680336,29.1264223475
1632531600000.0,2021-09-25 01:00:00,ETH/BTC,0.0689025,0.0689325,0.0682925,0.0687175,467.8103090188089,32.14675491
1632528000000.0,2021-09-25 00:00:00,ETH/BTC,0.0684125,0.0689325,0.068365,0.0689025,634.7961436087224,43.739041285
1632524400000.0,2021-09-24 23:00:00,ETH/BTC,0.06878,0.06884,0.068335,0.0684125,499.42550897131366,34.1669476325
1632520800000.0,2021-09-24 22:00:00,ETH/BTC,0.0689,0.0690925,0.06875,0.06878,301.92180833817974,20.7661819775
1632517200000.0,2021-09-24 21:00:00,ETH/BTC,0.068555,0.06913,0.0684125,0.0689,127.78137086357039,8.8041364525
1632513600000.0,2021-09-24 20:00:00,ETH/BTC,0.06847,0.068845,0.0684025,0.068555,149.56823090948873,10.25365007
1632510000000.0,2021-09-24 19:00:00,ETH/BTC,0.0686325,0.06876,0.0683125,0.06847,108.50236921279391,7.42915722
1632506400000.0,2021-09-24 18:00:00,ETH/BTC,0.06862,0.0688725,0.068535,0.0686325,85.73621141587441,5.88429053
1632502800000.0,2021-09-24 17:00:00,ETH/BTC,0.0689,0.068915,0.068485,0.06862,97.51917050422617,6.69176548
1632499200000.0,2021-09-24 16:00:00,ETH/BTC,0.0685725,0.06893,0.06854,0.0689,589.1658195936138,40.59352497
1632495600000.0,2021-09-24 15:00:00,ETH/BTC,0.06826,0.06859,0.06822,0.0685725,173.34038863976087,11.8863838
1632492000000.0,2021-09-24 14:00:00,ETH/BTC,0.0684325,0.06892,0.0680225,0.06826,823.8887881629065,56.23864868
1632488400000.0,2021-09-24 13:00:00,ETH/BTC,0.068115,0.06853,0.06773,0.0684325,285.0541722500274,19.5069696425
1632484800000.0,2021-09-24 12:00:00,ETH/BTC,0.0681,0.0685625,0.0679325,0.068115,342.89390046245325,23.35621803
1632481200000.0,2021-09-24 11:00:00,ETH/BTC,0.0672425,0.0684625,0.06652,0.0680975,1400.210812695033,95.3508558175
1632477600000.0,2021-09-24 10:00:00,ETH/BTC,0.0675275,0.0680775,0.06698,0.0672425,563.2936515596535,37.877273365
1632474000000.0,2021-09-24 09:00:00,ETH/BTC,0.068695,0.0687775,0.0670575,0.0675275,1837.0655890192882,124.0524465625
1632470400000.0,2021-09-24 08:00:00,ETH/BTC,0.068875,0.0692325,0.0685625,0.0686975,255.22522977546492,17.5333352225
1632466800000.0,2021-09-24 07:00:00,ETH/BTC,0.0693225,0.0695925,0.0688125,0.068875,458.1505558257713,31.5551195325
1632463200000.0,2021-09-24 06:00:00,ETH/BTC,0.069505,0.0696775,0.0692825,0.0693225,713.9610433841826,49.49356443
1632459600000.0,2021-09-24 05:00:00,ETH/BTC,0.069565,0.0695975,0.0692375,0.069505,121.01619441047409,8.4112305925
1632456000000.0,2021-09-24 04:00:00,ETH/BTC,0.0694475,0.0697025,0.06938,0.069565,412.1456046143894,28.670908985
1632452400000.0,2021-09-24 03:00:00,ETH/BTC,0.06978,0.0699125,0.069445,0.0694475,189.1573196299363,13.136502955
1632448800000.0,2021-09-24 02:00:00,ETH/BTC,0.0696575,0.0697975,0.06953,0.06978,443.13303070364003,30.9218228825
1632445200000.0,2021-09-24 01:00:00,ETH/BTC,0.07003,0.0701025,0.0696,0.0696575,318.740013351039,22.20263248
1632441600000.0,2021-09-24 00:00:00,ETH/BTC,0.0702775,0.0703175,0.070025,0.07003,152.7287049121805,10.695591205
1632438000000.0,2021-09-23 23:00:00,ETH/BTC,0.0701275,0.070325,0.06987,0.0702825,365.7534089567104,25.706063965
1632434400000.0,2021-09-23 22:00:00,ETH/BTC,0.070385,0.0705975,0.070055,0.0701275,248.9431329720866,17.4577595575
1632430800000.0,2021-09-23 21:00:00,ETH/BTC,0.070295,0.07062,0.0702225,0.070385,134.39003704624565,9.4590427575
1632427200000.0,2021-09-23 20:00:00,ETH/BTC,0.070305,0.0703175,0.07016,0.07029,170.5994452980509,11.99143501
1632423600000.0,2021-09-23 19:00:00,ETH/BTC,0.070335,0.0704475,0.070305,0.070305,52.73783379560486,3.707733405
1632420000000.0,2021-09-23 18:00:00,ETH/BTC,0.07057,0.070655,0.0701125,0.070335,303.9400979242198,21.3776267875
1632416400000.0,2021-09-23 17:00:00,ETH/BTC,0.0708225,0.0709125,0.07043,0.07057,728.2675716310048,51.39384253
1632412800000.0,2021-09-23 16:00:00,ETH/BTC,0.0706875,0.0710125,0.070675,0.0708225,186.40043827879558,13.20134504
1632409200000.0,2021-09-23 15:00:00,ETH/BTC,0.071015,0.071085,0.0706575,0.0706875,108.8434292484527,7.693869905
1632405600000.0,2021-09-23 14:00:00,ETH/BTC,0.0706575,0.071165,0.0706425,0.071015,355.825295395339,25.2689333525
1632402000000.0,2021-09-23 13:00:00,ETH/BTC,0.070545,0.07072,0.0704075,0.070655,142.4478725850966,10.0646544375
1632398400000.0,2021-09-23 12:00:00,ETH/BTC,0.07011,0.07065,0.070055,0.070545,79.9797451981005,5.642171125
1632394800000.0,2021-09-23 11:00:00,ETH/BTC,0.07051,0.0705525,0.070065,0.07011,200.63686335758095,14.06665049
1632391200000.0,2021-09-23 10:00:00,ETH/BTC,0.07076,0.070905,0.0704125,0.07051,189.66250893490283,13.373103505
1632387600000.0,2021-09-23 09:00:00,ETH/BTC,0.0711,0.0711075,0.0707375,0.07076,198.7460045576597,14.0632672825
1632384000000.0,2021-09-23 08:00:00,ETH/BTC,0.0711175,0.0712625,0.0709375,0.0711,193.3823397679325,13.7494843575
1632380400000.0,2021-09-23 07:00:00,ETH/BTC,0.070745,0.071145,0.0707025,0.0711175,177.71169645305307,12.6384115725
1632376800000.0,2021-09-23 06:00:00,ETH/BTC,0.0709225,0.07098,0.0706825,0.070745,90.03062135133226,6.3692163075
1632373200000.0,2021-09-23 05:00:00,ETH/BTC,0.0707025,0.07108,0.070655,0.0709225,163.77402742430118,11.61526346
1632369600000.0,2021-09-23 04:00:00,ETH/BTC,0.07075,0.0708225,0.0704025,0.0707025,105.35040978041795,7.4485373475
1632366000000.0,2021-09-23 03:00:00,ETH/BTC,0.0704,0.0710775,0.070195,0.07075,202.40858964664312,14.3204077175
1632362400000.0,2021-09-23 02:00:00,ETH/BTC,0.0703575,0.07053,0.0702075,0.0703975,47.04704765794239,3.3119945375
1632358800000.0,2021-09-23 01:00:00,ETH/BTC,0.07045,0.07069,0.070305,0.0703575,73.39587524428809,5.1639502925
1632355200000.0,2021-09-23 00:00:00,ETH/BTC,0.070665,0.07074,0.07044,0.07045,263.93731863023424,18.5943840975
1632351600000.0,2021-09-22 23:00:00,ETH/BTC,0.07055,0.070665,0.0700425,0.070665,258.02970958041465,18.2336694275
1632348000000.0,2021-09-22 22:00:00,ETH/BTC,0.0701725,0.070635,0.0701225,0.07055,323.4136982636428,22.8168364125
1632344400000.0,2021-09-22 21:00:00,ETH/BTC,0.069685,0.0702175,0.069545,0.0701725,142.15641871815882,9.9754712925
1632340800000.0,2021-09-22 20:00:00,ETH/BTC,0.06969,0.06985,0.0695775,0.069685,88.00364486618355,6.1325339925
1632337200000.0,2021-09-22 19:00:00,ETH/BTC,0.0698525,0.0699825,0.06957,0.06969,107.47548504089539,7.4899665525
1632333600000.0,2021-09-22 18:00:00,ETH/BTC,0.0699675,0.0706625,0.069745,0.0698525,332.15135904226764,23.2016028075
1632330000000.0,2021-09-22 17:00:00,ETH/BTC,0.070205,0.0703525,0.06974,0.0699675,141.5981512130632,9.907268645
1632326400000.0,2021-09-22 16:00:00,ETH/BTC,0.0695725,0.07026,0.0695225,0.070205,266.84528744391423,18.733873405
1632322800000.0,2021-09-22 15:00:00,ETH/BTC,0.069325,0.0697775,0.0691025,0.0695725,465.0988020410364,32.358086405
1632319200000.0,2021-09-22 14:00:00,ETH/BTC,0.0696275,0.06984,0.06911,0.069325,329.521124341868,22.844051945
1632315600000.0,2021-09-22 13:00:00,ETH/BTC,0.0692025,0.06987,0.06916,0.0696275,366.1407720728161,25.4934666075
1632312000000.0,2021-09-22 12:00:00,ETH/BTC,0.06903,0.06922,0.068825,0.0692025,90.40476196669195,6.25623554
1632308400000.0,2021-09-22 11:00:00,ETH/BTC,0.0695125,0.069575,0.06889,0.0690325,527.996359323507,36.448908675
1632304800000.0,2021-09-22 10:00:00,ETH/BTC,0.0694775,0.06953,0.06929,0.0695125,69.87939331055566,4.8574913275
1632301200000.0,2021-09-22 09:00:00,ETH/BTC,0.0692175,0.069505,0.0690125,0.0694775,66.88509204418698,4.6470089825
1632297600000.0,2021-09-22 08:00:00,ETH/BTC,0.0691925,0.0695175,0.0690825,0.0692175,83.09306494022465,5.7514942225
1632294000000.0,2021-09-22 07:00:00,ETH/BTC,0.069215,0.06955,0.069015,0.0691925,178.33286309932433,12.33929663
1632290400000.0,2021-09-22 06:00:00,ETH/BTC,0.068385,0.0693625,0.0681475,0.069215,312.8618993715235,21.654736365
1632286800000.0,2021-09-22 05:00:00,ETH/BTC,0.067885,0.0686075,0.067885,0.068385,86.59331754039628,5.92168402
1632283200000.0,2021-09-22 04:00:00,ETH/BTC,0.068185,0.0682325,0.0677075,0.067885,143.3559723797599,9.731720185
1632279600000.0,2021-09-22 03:00:00,ETH/BTC,0.0680625,0.0683775,0.067925,0.068185,89.73428701327272,6.11853236
1632276000000.0,2021-09-22 02:00:00,ETH/BTC,0.0679775,0.06815,0.0678725,0.068065,49.60704528759274,3.3765035375
1632272400000.0,2021-09-22 01:00:00,ETH/BTC,0.06763,0.06829,0.067535,0.0679775,274.1013786914788,18.63272647
1632268800000.0,2021-09-22 00:00:00,ETH/BTC,0.0678925,0.0683225,0.0674325,0.06763,248.75209381931094,16.823104105
1632265200000.0,2021-09-21 23:00:00,ETH/BTC,0.0672325,0.0679925,0.067175,0.0678925,133.28885506499248,9.0493135925
1632261600000.0,2021-09-21 22:00:00,ETH/BTC,0.0680975,0.068215,0.06712,0.0672325,330.5241772580226,22.2219667475
1632258000000.0,2021-09-21 21:00:00,ETH/BTC,0.06757,0.0693475,0.06695,0.0680975,970.9725628694151,66.1208041
1632254400000.0,2021-09-21 20:00:00,ETH/BTC,0.0687175,0.0690125,0.067475,0.06757,1133.572533298801,76.595496075
1632250800000.0,2021-09-21 19:00:00,ETH/BTC,0.0687375,0.068875,0.06838,0.0687175,240.7325539709681,16.5425392775
1632247200000.0,2021-09-21 18:00:00,ETH/BTC,0.06952,0.0696125,0.06866,0.0687375,336.80804244408074,23.1513428175
1632243600000.0,2021-09-21 17:00:00,ETH/BTC,0.06936,0.069595,0.0687075,0.06952,630.007506293153,43.7981218375
1632240000000.0,2021-09-21 16:00:00,ETH/BTC,0.070465,0.0704725,0.0693025,0.06936,500.69088664215684,34.7279198975
1632236400000.0,2021-09-21 15:00:00,ETH/BTC,0.0704725,0.0706575,0.07029,0.070465,341.8655351947776,24.0895549375
1632232800000.0,2021-09-21 14:00:00,ETH/BTC,0.0702875,0.0705175,0.070065,0.070475,559.3191532813055,39.4180173275
1632229200000.0,2021-09-21 13:00:00,ETH/BTC,0.0701325,0.070725,0.070125,0.0702875,167.2388648408323,11.7548017125
1632225600000.0,2021-09-21 12:00:00,ETH/BTC,0.070735,0.07083,0.0701325,0.0701325,265.1281942751221,18.594103085
1632222000000.0,2021-09-21 11:00:00,ETH/BTC,0.0709325,0.0709725,0.070595,0.070735,143.40418537499116,10.1436950525
1632218400000.0,2021-09-21 10:00:00,ETH/BTC,0.0707,0.0711725,0.070605,0.0709325,158.71195266626725,11.2578355825
1632214800000.0,2021-09-21 09:00:00,ETH/BTC,0.0711075,0.0711375,0.0705375,0.0707,293.4403573196605,20.7462332625
1632211200000.0,2021-09-21 08:00:00,ETH/BTC,0.07101,0.071185,0.070915,0.0711075,232.4856100622297,16.5314705175
1632207600000.0,2021-09-21 07:00:00,ETH/BTC,0.0708475,0.07103,0.070555,0.07101,346.62403767075057,24.613772915
1632204000000.0,2021-09-21 06:00:00,ETH/BTC,0.0703775,0.07092,0.0703625,0.0708475,274.5862510674336,19.4537494225
1632200400000.0,2021-09-21 05:00:00,ETH/BTC,0.0701175,0.07042,0.069895,0.0703725,160.09526587090127,11.2663040975
1632196800000.0,2021-09-21 04:00:00,ETH/BTC,0.070245,0.07052,0.0700525,0.0701175,114.17003561878276,8.0053174725
1632193200000.0,2021-09-21 03:00:00,ETH/BTC,0.070345,0.0703625,0.0699725,0.070245,145.92425802548226,10.250449505
1632189600000.0,2021-09-21 02:00:00,ETH/BTC,0.06999,0.0706175,0.06999,0.070345,419.43427390006394,29.5051039975
1632186000000.0,2021-09-21 01:00:00,ETH/BTC,0.0691925,0.0702175,0.06909,0.06999,361.79873717673956,25.322293615
1632182400000.0,2021-09-21 00:00:00,ETH/BTC,0.06923,0.0704425,0.068675,0.0691925,1133.0446604762076,78.39819267
1632178800000.0,2021-09-20 23:00:00,ETH/BTC,0.0690425,0.0694375,0.0688075,0.06923,1160.9359977249746,80.3715991225
1632175200000.0,2021-09-20 22:00:00,ETH/BTC,0.06934,0.06977,0.068815,0.0690425,333.6421277836115,23.0354866075
1632171600000.0,2021-09-20 21:00:00,ETH/BTC,0.0693475,0.06955,0.069215,0.06934,306.8597051485434,21.277651955
1632168000000.0,2021-09-20 20:00:00,ETH/BTC,0.070055,0.070175,0.0691375,0.0693475,585.8967413749594,40.6304742725
1632164400000.0,2021-09-20 19:00:00,ETH/BTC,0.0695925,0.0701925,0.069245,0.070055,714.9297185782598,50.084401435
1632160800000.0,2021-09-20 18:00:00,ETH/BTC,0.0703675,0.0704125,0.069495,0.0695925,185.24480418148508,12.891649035
1632157200000.0,2021-09-20 17:00:00,ETH/BTC,0.0705225,0.0706875,0.07027,0.07034,170.49321058430482,11.9924924325
1632153600000.0,2021-09-20 16:00:00,ETH/BTC,0.0704275,0.0708925,0.07012,0.0705225,296.1650517919813,20.886299865
1632150000000.0,2021-09-20 15:00:00,ETH/BTC,0.06983,0.0704575,0.069745,0.0704275,304.4383098221575,21.440829065
1632146400000.0,2021-09-20 14:00:00,ETH/BTC,0.07009,0.0702,0.06966,0.06983,342.77610811971925,23.93605563
1632142800000.0,2021-09-20 13:00:00,ETH/BTC,0.06946,0.070115,0.06916,0.07009,985.6974152874875,69.0875318375
1632139200000.0,2021-09-20 12:00:00,ETH/BTC,0.0695675,0.06988,0.068665,0.06946,1573.7994723941838,109.3161113525
1632135600000.0,2021-09-20 11:00:00,ETH/BTC,0.070035,0.0702025,0.068015,0.0695675,1502.0696770043483,104.495232255
1632132000000.0,2021-09-20 10:00:00,ETH/BTC,0.06988,0.070405,0.0698725,0.070035,267.41126640251304,18.7281480425
1632128400000.0,2021-09-20 09:00:00,ETH/BTC,0.070085,0.07029,0.0698375,0.06988,432.8585159917001,30.2481530975
1632124800000.0,2021-09-20 08:00:00,ETH/BTC,0.069705,0.0701525,0.069335,0.070085,678.2116038738675,47.5324602575
1632121200000.0,2021-09-20 07:00:00,ETH/BTC,0.06978,0.06999,0.0692825,0.069715,553.55195772072,38.5908747325
1632117600000.0,2021-09-20 06:00:00,ETH/BTC,0.070055,0.070125,0.069605,0.06978,286.82716433791916,20.0147995275
1632114000000.0,2021-09-20 05:00:00,ETH/BTC,0.0701025,0.0702625,0.069955,0.070055,108.03242238241381,7.56821135
1632110400000.0,2021-09-20 04:00:00,ETH/BTC,0.0699975,0.0702825,0.0697375,0.0701025,143.3331253521629,10.04801042
1632106800000.0,2021-09-20 03:00:00,ETH/BTC,0.0697875,0.070365,0.0692675,0.0699975,591.7064829101039,41.4179745375
1632103200000.0,2021-09-20 02:00:00,ETH/BTC,0.07014,0.0701825,0.069715,0.0697875,1016.4282142933906,70.933984005
1632099600000.0,2021-09-20 01:00:00,ETH/BTC,0.069895,0.0702025,0.06983,0.07014,335.9305178571429,23.5621665225
1632096000000.0,2021-09-20 00:00:00,ETH/BTC,0.070445,0.0707175,0.06978,0.069895,331.37773231275486,23.1616466
1632092400000.0,2021-09-19 23:00:00,ETH/BTC,0.070105,0.070475,0.0699575,0.070445,128.24259915536945,9.0340498975
1632088800000.0,2021-09-19 22:00:00,ETH/BTC,0.07045,0.070595,0.0680025,0.070105,756.1114030739606,53.0071899125
1632085200000.0,2021-09-19 21:00:00,ETH/BTC,0.070585,0.0706075,0.07041,0.07045,1375.902574378992,96.932336365
1632081600000.0,2021-09-19 20:00:00,ETH/BTC,0.0704525,0.0707325,0.0704,0.0705875,249.67819592704092,17.624159655
1632078000000.0,2021-09-19 19:00:00,ETH/BTC,0.07055,0.07055,0.0702575,0.0704525,100.64815978850999,7.0909144775
1632074400000.0,2021-09-19 18:00:00,ETH/BTC,0.070575,0.070705,0.0703825,0.07055,58.65852065910702,4.1383586325
1632070800000.0,2021-09-19 17:00:00,ETH/BTC,0.0705975,0.0707075,0.0703275,0.0705725,187.66028587622657,13.243655525
1632067200000.0,2021-09-19 16:00:00,ETH/BTC,0.07058,0.07081,0.0705125,0.0705975,71.8531543255781,5.0726530625
1632063600000.0,2021-09-19 15:00:00,ETH/BTC,0.0702475,0.07073,0.0702,0.07058,664.0156243978464,46.86622277
1632060000000.0,2021-09-19 14:00:00,ETH/BTC,0.0708325,0.0708325,0.0702325,0.0702475,725.3174299797145,50.9517361625
1632056400000.0,2021-09-19 13:00:00,ETH/BTC,0.0706325,0.070855,0.0706225,0.0708325,128.2838521864963,9.08666596
1632052800000.0,2021-09-19 12:00:00,ETH/BTC,0.070275,0.07073,0.0702025,0.070625,450.3550606725664,31.80632616
1632049200000.0,2021-09-19 11:00:00,ETH/BTC,0.0709025,0.070985,0.070035,0.070275,810.9313562433298,56.98820106
1632045600000.0,2021-09-19 10:00:00,ETH/BTC,0.071155,0.0712325,0.0708775,0.0709025,607.396741193893,43.0659474425
1632042000000.0,2021-09-19 09:00:00,ETH/BTC,0.0713175,0.071395,0.07106,0.071155,242.03332492446071,17.221881235
1632038400000.0,2021-09-19 08:00:00,ETH/BTC,0.0714325,0.071535,0.071315,0.0713175,306.9747192133768,21.8926695375
1632034800000.0,2021-09-19 07:00:00,ETH/BTC,0.0713675,0.0717,0.071345,0.0714325,588.695872292024,42.0520178975
1632031200000.0,2021-09-19 06:00:00,ETH/BTC,0.0713325,0.0714175,0.0712525,0.0713575,523.9587359772974,37.3883855025
1632027600000.0,2021-09-19 05:00:00,ETH/BTC,0.0712925,0.071475,0.0712325,0.0713375,96.7184686174873,6.899653755
1632024000000.0,2021-09-19 04:00:00,ETH/BTC,0.0713425,0.0714875,0.07112,0.0712925,176.81562026159835,12.6056276075
1632020400000.0,2021-09-19 03:00:00,ETH/BTC,0.07125,0.07146,0.071155,0.071335,164.21984940772413,11.7146229575
1632016800000.0,2021-09-19 02:00:00,ETH/BTC,0.0713625,0.071615,0.0711925,0.07125,377.2119030526316,26.8763480925
1632013200000.0,2021-09-19 01:00:00,ETH/BTC,0.071025,0.07143,0.0708525,0.0713725,431.8576965217695,30.822763445
1632009600000.0,2021-09-19 00:00:00,ETH/BTC,0.0711425,0.0711775,0.07092,0.071025,349.38900468145016,24.8153540575
1632006000000.0,2021-09-18 23:00:00,ETH/BTC,0.07114,0.0711625,0.0709125,0.0711425,246.05246434972065,17.504787445
1632002400000.0,2021-09-18 22:00:00,ETH/BTC,0.07079,0.071175,0.070725,0.071145,451.1787009628224,32.09910868
1631998800000.0,2021-09-18 21:00:00,ETH/BTC,0.07077,0.0708475,0.070625,0.070795,472.74613666219363,33.468062745
1631995200000.0,2021-09-18 20:00:00,ETH/BTC,0.071375,0.0714125,0.070635,0.07077,2893.0991125830155,204.7446241975
1631991600000.0,2021-09-18 19:00:00,ETH/BTC,0.07142,0.07142,0.07108,0.071375,245.35018809106833,17.511869675
1631988000000.0,2021-09-18 18:00:00,ETH/BTC,0.0714625,0.0714625,0.07113,0.07142,625.5628644637357,44.67769978
1631984400000.0,2021-09-18 17:00:00,ETH/BTC,0.0714075,0.0716175,0.07121,0.0714625,846.487550288613,60.4921165625
1631980800000.0,2021-09-18 16:00:00,ETH/BTC,0.0717625,0.071925,0.07101,0.0714075,628.3011442425516,44.8654139575
1631977200000.0,2021-09-18 15:00:00,ETH/BTC,0.0718325,0.0718725,0.07167,0.0717625,271.42687577077163,19.4782711725
1631973600000.0,2021-09-18 14:00:00,ETH/BTC,0.07186,0.071995,0.071715,0.07184,217.02664267817372,15.59119401
1631970000000.0,2021-09-18 13:00:00,ETH/BTC,0.0721475,0.0722975,0.07168,0.07186,221.61701238519348,15.92539851
1631966400000.0,2021-09-18 12:00:00,ETH/BTC,0.0722775,0.0723725,0.072125,0.0721475,186.9678152396133,13.48926045
1631962800000.0,2021-09-18 11:00:00,ETH/BTC,0.0725375,0.0726925,0.0721875,0.0722725,158.30008803486803,11.4407431125
1631959200000.0,2021-09-18 10:00:00,ETH/BTC,0.0723775,0.072745,0.072315,0.0725375,337.7120318111322,24.4967865075
1631955600000.0,2021-09-18 09:00:00,ETH/BTC,0.072225,0.07244,0.0721525,0.0723775,220.1535139373424,15.934160955
1631952000000.0,2021-09-18 08:00:00,ETH/BTC,0.072015,0.07246,0.071995,0.072225,412.1567200761509,29.7680191075
1631948400000.0,2021-09-18 07:00:00,ETH/BTC,0.071935,0.072185,0.0718425,0.0719975,251.50725219625681,18.10789339
1631944800000.0,2021-09-18 06:00:00,ETH/BTC,0.0721325,0.0722325,0.0717825,0.071935,126.67960099395287,9.1126970975
1631941200000.0,2021-09-18 05:00:00,ETH/BTC,0.07202,0.0722,0.0716775,0.072115,577.5498051376275,41.6500041975
1631937600000.0,2021-09-18 04:00:00,ETH/BTC,0.072005,0.0723425,0.0719275,0.07202,150.38596903637878,10.83079749
1631934000000.0,2021-09-18 03:00:00,ETH/BTC,0.0717375,0.072045,0.07166,0.072005,112.81654892021388,8.123355605
1631930400000.0,2021-09-18 02:00:00,ETH/BTC,0.071635,0.072125,0.071635,0.0717375,154.6309694023349,11.0928391675
1631926800000.0,2021-09-18 01:00:00,ETH/BTC,0.07193,0.0720275,0.0716325,0.071635,85.78011418999093,6.14485848
1631923200000.0,2021-09-18 00:00:00,ETH/BTC,0.0718675,0.072005,0.0715025,0.07193,397.350619491172,28.58143006
1631919600000.0,2021-09-17 23:00:00,ETH/BTC,0.0718,0.072275,0.0717925,0.071855,728.2651782061095,52.32949438
1631916000000.0,2021-09-17 22:00:00,ETH/BTC,0.0720875,0.07215,0.07175,0.071785,314.1717386988925,22.5528182625
1631912400000.0,2021-09-17 21:00:00,ETH/BTC,0.071865,0.0720875,0.0715,0.0720875,302.07595425697934,21.7759003525
1631908800000.0,2021-09-17 20:00:00,ETH/BTC,0.0721,0.0721,0.071705,0.071865,325.7023695470674,23.4066007875
1631905200000.0,2021-09-17 19:00:00,ETH/BTC,0.07201,0.0721175,0.0718025,0.072105,342.4036454476111,24.689014855
1631901600000.0,2021-09-17 18:00:00,ETH/BTC,0.0722,0.07243,0.07177,0.07201,1227.5575011109568,88.396415655
1631898000000.0,2021-09-17 17:00:00,ETH/BTC,0.0726075,0.072715,0.0722,0.0722,393.2430386426593,28.39214739
1631894400000.0,2021-09-17 16:00:00,ETH/BTC,0.07256,0.0727525,0.07231,0.0726075,422.80435857177287,30.698767465
1631890800000.0,2021-09-17 15:00:00,ETH/BTC,0.0731725,0.07318,0.0724625,0.07256,552.4603264195149,40.086521285
1631887200000.0,2021-09-17 14:00:00,ETH/BTC,0.073045,0.073215,0.0729575,0.07317,245.6008241765751,17.970612305
1631883600000.0,2021-09-17 13:00:00,ETH/BTC,0.0727775,0.07324,0.072525,0.0730575,381.1222672552442,27.84384004
1631880000000.0,2021-09-17 12:00:00,ETH/BTC,0.07275,0.07281,0.0720975,0.0727775,267.3068198619079,19.4539220825
1631876400000.0,2021-09-17 11:00:00,ETH/BTC,0.07294,0.072985,0.0724525,0.0727525,389.7792189959108,28.35741263
1631872800000.0,2021-09-17 10:00:00,ETH/BTC,0.07345,0.07367,0.0723175,0.0729425,850.1903947287248,62.0150128675
1631869200000.0,2021-09-17 09:00:00,ETH/BTC,0.073695,0.07379,0.0733625,0.07345,591.2188609938734,43.42502534
1631865600000.0,2021-09-17 08:00:00,ETH/BTC,0.0737825,0.0737925,0.0735225,0.073695,443.28550142479133,32.6679250275
1631862000000.0,2021-09-17 07:00:00,ETH/BTC,0.0742,0.0742825,0.0737125,0.0737825,629.9629451767019,46.4802410025
1631858400000.0,2021-09-17 06:00:00,ETH/BTC,0.074115,0.0742275,0.0739575,0.0741875,380.58935524852564,28.2349727925
1631854800000.0,2021-09-17 05:00:00,ETH/BTC,0.0743975,0.074445,0.074005,0.074115,219.09305504958513,16.238081775
1631851200000.0,2021-09-17 04:00:00,ETH/BTC,0.074395,0.0744675,0.074195,0.0743975,615.9248368896804,45.8232680525
1631847600000.0,2021-09-17 03:00:00,ETH/BTC,0.074515,0.0746175,0.07435,0.074395,315.5576609651186,23.4759121875
1631844000000.0,2021-09-17 02:00:00,ETH/BTC,0.0747,0.074755,0.0744275,0.074515,74.13481117895725,5.524155455
1631840400000.0,2021-09-17 01:00:00,ETH/BTC,0.0744,0.0748925,0.07428,0.0747,265.82431161311916,19.8570760775
1631836800000.0,2021-09-17 00:00:00,ETH/BTC,0.074735,0.0748975,0.0744,0.0744,621.8318788642473,46.2642917875
1631833200000.0,2021-09-16 23:00:00,ETH/BTC,0.0745925,0.0748075,0.07433,0.074735,538.9683803104302,40.2798019025
1631829600000.0,2021-09-16 22:00:00,ETH/BTC,0.0746575,0.07472,0.0742575,0.0745925,82.31966229848845,6.14042941
1631826000000.0,2021-09-16 21:00:00,ETH/BTC,0.07417,0.07466,0.074105,0.0746575,189.4524246391856,14.1440443925
1631822400000.0,2021-09-16 20:00:00,ETH/BTC,0.0751175,0.0753,0.073965,0.07417,1014.9941900026964,75.2821190725
1631818800000.0,2021-09-16 19:00:00,ETH/BTC,0.07517,0.0752375,0.075005,0.0751175,343.05987419709123,25.7698001
1631815200000.0,2021-09-16 18:00:00,ETH/BTC,0.074835,0.07516,0.07476,0.07516,268.3210913384779,20.167013225
1631811600000.0,2021-09-16 17:00:00,ETH/BTC,0.0751125,0.075345,0.074705,0.074835,278.03820561902853,20.8069891175
1631808000000.0,2021-09-16 16:00:00,ETH/BTC,0.0753475,0.0754775,0.0750825,0.075115,367.5321344937762,27.6071762825
1631804400000.0,2021-09-16 15:00:00,ETH/BTC,0.0751575,0.075485,0.0750175,0.0753575,410.1415154098796,30.9072392475
1631800800000.0,2021-09-16 14:00:00,ETH/BTC,0.07502,0.075335,0.07478,0.0751575,339.5192158799854,25.5174154675
1631797200000.0,2021-09-16 13:00:00,ETH/BTC,0.0755425,0.075765,0.0748525,0.07502,867.8232614302852,65.1041010725
1631793600000.0,2021-09-16 12:00:00,ETH/BTC,0.0755475,0.07583,0.07537,0.0755475,341.0620973559681,25.7663888
1631790000000.0,2021-09-16 11:00:00,ETH/BTC,0.07516,0.0755475,0.075085,0.0755475,57.29001753863463,4.3281176
1631786400000.0,2021-09-16 10:00:00,ETH/BTC,0.0753475,0.07543,0.07486,0.07516,554.4275969265567,41.670778185
1631782800000.0,2021-09-16 09:00:00,ETH/BTC,0.0754,0.0754075,0.075145,0.0753475,146.5282134111948,11.04053456
1631779200000.0,2021-09-16 08:00:00,ETH/BTC,0.0751725,0.0754125,0.07483,0.0754,244.82404990053053,18.4597333625
1631775600000.0,2021-09-16 07:00:00,ETH/BTC,0.07511,0.07524,0.0750325,0.0751725,59.98383275133858,4.5091346675
1631772000000.0,2021-09-16 06:00:00,ETH/BTC,0.0751725,0.0754025,0.0750375,0.07511,561.741690786846,42.192418395
1631768400000.0,2021-09-16 05:00:00,ETH/BTC,0.075595,0.0756875,0.0751125,0.0751575,915.3026837973589,68.7918614575
1631764800000.0,2021-09-16 04:00:00,ETH/BTC,0.07441,0.076205,0.0743925,0.075595,1406.804909815464,106.3474171575
1631761200000.0,2021-09-16 03:00:00,ETH/BTC,0.07481,0.0749175,0.074395,0.07441,349.9469496035479,26.03955252
1631757600000.0,2021-09-16 02:00:00,ETH/BTC,0.0748675,0.07502,0.07479,0.07481,55.443896036626114,4.1477578625
1631754000000.0,2021-09-16 01:00:00,ETH/BTC,0.07477,0.075005,0.0747575,0.0748675,77.50340641800514,5.80248628
1631750400000.0,2021-09-16 00:00:00,ETH/BTC,0.07508,0.0751875,0.07464,0.07477,466.66534231643703,34.892567645
1631746800000.0,2021-09-15 23:00:00,ETH/BTC,0.074435,0.0750925,0.07422,0.0750925,309.9484256750008,23.274802155
1631743200000.0,2021-09-15 22:00:00,ETH/BTC,0.0739575,0.074655,0.073955,0.0744325,285.57989990931384,21.2564259
1631739600000.0,2021-09-15 21:00:00,ETH/BTC,0.074185,0.0743925,0.07379,0.0739575,290.61252611297033,21.4929759
1631736000000.0,2021-09-15 20:00:00,ETH/BTC,0.0735225,0.0742,0.0735225,0.074185,251.53513752780214,18.6601341775
1631732400000.0,2021-09-15 19:00:00,ETH/BTC,0.073735,0.0738225,0.0733625,0.0735225,140.02291403991975,10.2948346975
1631728800000.0,2021-09-15 18:00:00,ETH/BTC,0.07379,0.0739125,0.073665,0.073735,589.8185142062794,43.490268145
1631725200000.0,2021-09-15 17:00:00,ETH/BTC,0.0730475,0.0757325,0.0729875,0.07379,1155.4864008673262,85.26334152
1631721600000.0,2021-09-15 16:00:00,ETH/BTC,0.0724475,0.07308,0.0724275,0.0730475,1303.5247949279578,95.2192274575
1631718000000.0,2021-09-15 15:00:00,ETH/BTC,0.0717725,0.07273,0.0717625,0.0724475,696.7879584526727,50.48054562
1631714400000.0,2021-09-15 14:00:00,ETH/BTC,0.0718525,0.072005,0.071745,0.07177,178.61622331754216,12.8192863475
1631710800000.0,2021-09-15 13:00:00,ETH/BTC,0.0718575,0.071955,0.0704475,0.0718525,1417.3350499286732,101.839066675
1631707200000.0,2021-09-15 12:00:00,ETH/BTC,0.07171,0.0722575,0.0716475,0.0718575,160.31415488988623,11.519774385
1631703600000.0,2021-09-15 11:00:00,ETH/BTC,0.0719125,0.0719125,0.0717075,0.07171,166.38598671733374,11.9315391075
1631700000000.0,2021-09-15 10:00:00,ETH/BTC,0.0717875,0.0723225,0.071715,0.071915,181.5398248626851,13.055436505
1631696400000.0,2021-09-15 09:00:00,ETH/BTC,0.0721425,0.0721675,0.0717675,0.0717875,233.32036691624583,16.74948584
1631692800000.0,2021-09-15 08:00:00,ETH/BTC,0.0721575,0.0722575,0.0720475,0.0721525,284.99106960950763,20.56281815
1631689200000.0,2021-09-15 07:00:00,ETH/BTC,0.0720525,0.0721925,0.0719725,0.0721575,246.3596669438381,17.7766976675
1631685600000.0,2021-09-15 06:00:00,ETH/BTC,0.0723425,0.072345,0.0718475,0.0720425,481.942802894125,34.7203643775
1631682000000.0,2021-09-15 05:00:00,ETH/BTC,0.072435,0.072435,0.07219,0.0723425,524.7937387773438,37.9648910475
1631678400000.0,2021-09-15 04:00:00,ETH/BTC,0.07215,0.072435,0.0720225,0.072435,256.0786495478705,18.54905698
1631674800000.0,2021-09-15 03:00:00,ETH/BTC,0.072385,0.072385,0.0720975,0.07215,113.85392720027718,8.2145608475
1631671200000.0,2021-09-15 02:00:00,ETH/BTC,0.0722625,0.0725075,0.072105,0.072385,219.3601518615735,15.8783845925
1631667600000.0,2021-09-15 01:00:00,ETH/BTC,0.072135,0.0722625,0.072,0.0722625,382.69541176267086,27.6545271925
1631664000000.0,2021-09-15 00:00:00,ETH/BTC,0.0728925,0.07315,0.072135,0.072135,2711.3991458723226,195.5867773875
1631660400000.0,2021-09-14 23:00:00,ETH/BTC,0.0725025,0.0729,0.0725,0.0728925,894.8191349247179,65.2256037925
1631656800000.0,2021-09-14 22:00:00,ETH/BTC,0.0717675,0.0728,0.0715925,0.07249,439.2740355566285,31.8429748375
1631653200000.0,2021-09-14 21:00:00,ETH/BTC,0.0721275,0.0721325,0.071755,0.0717675,378.36432866548233,27.1542619575
1631649600000.0,2021-09-14 20:00:00,ETH/BTC,0.072085,0.0721875,0.072,0.0721175,324.56317981072556,23.40668512
1631646000000.0,2021-09-14 19:00:00,ETH/BTC,0.0721475,0.07231,0.07207,0.072085,148.614808351252,10.71289846
1631642400000.0,2021-09-14 18:00:00,ETH/BTC,0.0723525,0.0723575,0.0720825,0.0721475,510.23939343012574,36.8124966375
1631638800000.0,2021-09-14 17:00:00,ETH/BTC,0.0723725,0.0724875,0.0722675,0.0723425,125.36387631751735,9.0691362225
1631635200000.0,2021-09-14 16:00:00,ETH/BTC,0.072435,0.0726025,0.0722475,0.0723825,398.29599357579525,28.829659755
1631631600000.0,2021-09-14 15:00:00,ETH/BTC,0.071825,0.07275,0.0716925,0.072435,869.4198766135156,62.9764287625
1631628000000.0,2021-09-14 14:00:00,ETH/BTC,0.071925,0.072045,0.0717525,0.071825,120.45100793595546,8.651393645
1631624400000.0,2021-09-14 13:00:00,ETH/BTC,0.072005,0.0721925,0.071775,0.071925,454.89889148418484,32.71860277
1631620800000.0,2021-09-14 12:00:00,ETH/BTC,0.0724225,0.0724325,0.0718875,0.072005,915.3435759669468,65.9093141875
1631617200000.0,2021-09-14 11:00:00,ETH/BTC,0.072615,0.072725,0.0722925,0.0724225,252.48985349856744,18.285946415
1631613600000.0,2021-09-14 10:00:00,ETH/BTC,0.07252,0.07262,0.0725075,0.072615,194.26714477036424,14.1067087175
1631610000000.0,2021-09-14 09:00:00,ETH/BTC,0.072745,0.0729075,0.0724825,0.0725175,390.21014468921294,28.2970641675
1631606400000.0,2021-09-14 08:00:00,ETH/BTC,0.0724175,0.0729175,0.0723175,0.072745,936.5387478177194,68.12851121
1631602800000.0,2021-09-14 07:00:00,ETH/BTC,0.0727675,0.0728125,0.072355,0.072415,401.67481057101435,29.0872814075
1631599200000.0,2021-09-14 06:00:00,ETH/BTC,0.0726575,0.07287,0.0725925,0.072775,374.5230244589488,27.255913105
1631595600000.0,2021-09-14 05:00:00,ETH/BTC,0.0726925,0.0728875,0.0726375,0.0726575,231.24786900870524,16.8018920425
1631592000000.0,2021-09-14 04:00:00,ETH/BTC,0.072825,0.072945,0.072605,0.0726925,101.70066440829522,7.3928755475
1631588400000.0,2021-09-14 03:00:00,ETH/BTC,0.0729175,0.0732075,0.072805,0.072825,39.676758805355306,2.88945996
1631584800000.0,2021-09-14 02:00:00,ETH/BTC,0.073205,0.073275,0.072885,0.072915,120.59940540355208,8.793505645
1631581200000.0,2021-09-14 01:00:00,ETH/BTC,0.0734,0.0735925,0.0731075,0.073205,122.92680482890512,8.9988567475
1631577600000.0,2021-09-14 00:00:00,ETH/BTC,0.073075,0.0737025,0.072945,0.0734,439.55745940054493,32.26351752
1631574000000.0,2021-09-13 23:00:00,ETH/BTC,0.07296,0.0732,0.0729575,0.073075,237.47724105371196,17.35364939
1631570400000.0,2021-09-13 22:00:00,ETH/BTC,0.0725975,0.07319,0.072505,0.07296,205.90343469024123,15.022714595
1631566800000.0,2021-09-13 21:00:00,ETH/BTC,0.0728075,0.0728475,0.0725475,0.0725975,493.57278363580014,35.83215016
1631563200000.0,2021-09-13 20:00:00,ETH/BTC,0.072725,0.073085,0.0727225,0.0728075,179.80556041616592,13.09119334
1631559600000.0,2021-09-13 19:00:00,ETH/BTC,0.07205,0.0727425,0.07201,0.072725,248.34700869714678,18.0610362075
1631556000000.0,2021-09-13 18:00:00,ETH/BTC,0.07241,0.07245,0.07201,0.07205,85.34437904233171,6.14906251
1631552400000.0,2021-09-13 17:00:00,ETH/BTC,0.07221,0.072515,0.072135,0.07243,166.0842794422201,12.02948436
1631548800000.0,2021-09-13 16:00:00,ETH/BTC,0.07218,0.0722825,0.071975,0.07221,193.4089814083922,13.9660625475
1631545200000.0,2021-09-13 15:00:00,ETH/BTC,0.072385,0.07266,0.0721725,0.07218,204.19712489609313,14.738948475
1631541600000.0,2021-09-13 14:00:00,ETH/BTC,0.0718075,0.0726825,0.0713175,0.072385,1671.3389516819782,120.9798700175
1631538000000.0,2021-09-13 13:00:00,ETH/BTC,0.071945,0.07301,0.0718075,0.0718075,683.1702689482297,49.0567490875
1631534400000.0,2021-09-13 12:00:00,ETH/BTC,0.072455,0.072505,0.0719,0.071945,409.71699131280843,29.47708894
1631530800000.0,2021-09-13 11:00:00,ETH/BTC,0.072325,0.07257,0.07191,0.07245,278.3396540372671,20.165707935
1631527200000.0,2021-09-13 10:00:00,ETH/BTC,0.0720925,0.0725475,0.07204,0.072325,142.51718648461804,10.3075555125
1631523600000.0,2021-09-13 09:00:00,ETH/BTC,0.0721225,0.0724125,0.07205,0.0720925,232.73080743489265,16.778145735
1631520000000.0,2021-09-13 08:00:00,ETH/BTC,0.072015,0.0721675,0.071665,0.07212,621.6974231489185,44.8368181575
1631516400000.0,2021-09-13 07:00:00,ETH/BTC,0.0731625,0.0731725,0.0718375,0.072015,950.7302750815802,68.46684076
1631512800000.0,2021-09-13 06:00:00,ETH/BTC,0.073295,0.0733775,0.0730575,0.0731625,131.3621011447121,9.610779725
1631509200000.0,2021-09-13 05:00:00,ETH/BTC,0.0733225,0.0734825,0.0728925,0.073295,544.8604669145235,39.9355479225
1631505600000.0,2021-09-13 04:00:00,ETH/BTC,0.0729875,0.073475,0.072955,0.073325,259.6146410842141,19.0362435575
1631502000000.0,2021-09-13 03:00:00,ETH/BTC,0.0732,0.0734875,0.072905,0.0729875,136.9329077924302,9.9943906075
1631498400000.0,2021-09-13 02:00:00,ETH/BTC,0.0736725,0.0739225,0.07292,0.0731975,542.6603159943987,39.72137848
1631494800000.0,2021-09-13 01:00:00,ETH/BTC,0.07372,0.07382,0.0734,0.073675,167.82113033593484,12.3642217775
1631491200000.0,2021-09-13 00:00:00,ETH/BTC,0.0739725,0.0741475,0.07365,0.07372,248.32238151112318,18.306325965
1631487600000.0,2021-09-12 23:00:00,ETH/BTC,0.0738275,0.0743475,0.0737,0.073975,463.73165981750594,34.304549535
1631484000000.0,2021-09-12 22:00:00,ETH/BTC,0.0736725,0.0741575,0.07363,0.0738325,411.74608380455766,30.4002427325
1631480400000.0,2021-09-12 21:00:00,ETH/BTC,0.0736375,0.0738975,0.0734975,0.0736825,229.35108492518577,16.899161315
1631476800000.0,2021-09-12 20:00:00,ETH/BTC,0.074205,0.074515,0.073585,0.0736525,605.5757826278809,44.60217033
1631473200000.0,2021-09-12 19:00:00,ETH/BTC,0.0742,0.074315,0.07381,0.074205,355.482634795499,26.378588915
1631469600000.0,2021-09-12 18:00:00,ETH/BTC,0.0744375,0.0744975,0.074175,0.0742,147.2258618598383,10.92415895
1631466000000.0,2021-09-12 17:00:00,ETH/BTC,0.0743625,0.0745425,0.0742525,0.0744425,129.30646703831817,9.6258966725
1631462400000.0,2021-09-12 16:00:00,ETH/BTC,0.074465,0.0748525,0.07427,0.0743525,445.64206297703504,33.1346014875
1631458800000.0,2021-09-12 15:00:00,ETH/BTC,0.07452,0.07468,0.074045,0.07447,749.2978265744596,55.800209145
1631455200000.0,2021-09-12 14:00:00,ETH/BTC,0.07454,0.074885,0.0744925,0.07452,121.08330555555554,9.02312793
1631451600000.0,2021-09-12 13:00:00,ETH/BTC,0.0746975,0.0747025,0.07444,0.07454,253.47676059833648,18.894157735
1631448000000.0,2021-09-12 12:00:00,ETH/BTC,0.074605,0.0752575,0.074595,0.0746975,700.9060838381472,52.3559321975
1631444400000.0,2021-09-12 11:00:00,ETH/BTC,0.0745575,0.07473,0.07444,0.0745975,112.45509772445457,8.3888691525
1631440800000.0,2021-09-12 10:00:00,ETH/BTC,0.0744475,0.0747225,0.0744475,0.0745575,320.1639448747611,23.87062332
1631437200000.0,2021-09-12 09:00:00,ETH/BTC,0.0745625,0.0747275,0.07437,0.0744475,238.28127851841901,17.7394454825
1631433600000.0,2021-09-12 08:00:00,ETH/BTC,0.0732225,0.074725,0.073185,0.0745625,1273.3724692036883,94.945834735
1631430000000.0,2021-09-12 07:00:00,ETH/BTC,0.072985,0.07332,0.07298,0.0732225,203.12349916350848,14.8732104175
1631426400000.0,2021-09-12 06:00:00,ETH/BTC,0.073365,0.0735,0.072985,0.072985,337.1775813180791,24.6089057725
1631422800000.0,2021-09-12 05:00:00,ETH/BTC,0.0731475,0.073425,0.073145,0.073365,310.132142711102,22.75284465
1631419200000.0,2021-09-12 04:00:00,ETH/BTC,0.0734325,0.0734775,0.0730725,0.0731475,126.05038121603607,9.22027026
1631415600000.0,2021-09-12 03:00:00,ETH/BTC,0.0726475,0.0734725,0.0725675,0.0734325,1355.200689034147,99.5157745975
1631412000000.0,2021-09-12 02:00:00,ETH/BTC,0.072355,0.0727975,0.072355,0.0726475,101.85331766406277,7.399388895
1631408400000.0,2021-09-12 01:00:00,ETH/BTC,0.0724075,0.0725075,0.072225,0.072355,196.5009047405155,14.2178229625
1631404800000.0,2021-09-12 00:00:00,ETH/BTC,0.072305,0.0724075,0.072045,0.0724075,223.59504640403276,16.1899583225
1631401200000.0,2021-09-11 23:00:00,ETH/BTC,0.0721575,0.07235,0.072055,0.072305,479.57778307171014,34.675871605
1631397600000.0,2021-09-11 22:00:00,ETH/BTC,0.072675,0.0726775,0.072135,0.0721575,2654.1064583030175,191.513686765
1631394000000.0,2021-09-11 21:00:00,ETH/BTC,0.0727225,0.072805,0.072525,0.0726675,59.0088656208071,4.2880267425
1631390400000.0,2021-09-11 20:00:00,ETH/BTC,0.0727325,0.072845,0.07251,0.0727225,148.11301131011723,10.771148465
1631386800000.0,2021-09-11 19:00:00,ETH/BTC,0.0726275,0.0728,0.0724425,0.0727325,137.86152785893512,10.027013575
1631383200000.0,2021-09-11 18:00:00,ETH/BTC,0.07267,0.0727125,0.07249,0.0726275,106.38306863791264,7.7263363175
1631379600000.0,2021-09-11 17:00:00,ETH/BTC,0.0725525,0.0727875,0.07239,0.07267,1271.8817902504472,92.4276496975
1631376000000.0,2021-09-11 16:00:00,ETH/BTC,0.0726425,0.072695,0.072265,0.0725525,999.3241024775161,72.503461945
1631372400000.0,2021-09-11 15:00:00,ETH/BTC,0.07284,0.07284,0.0725425,0.0726425,406.0737237498709,29.4982104775
1631368800000.0,2021-09-11 14:00:00,ETH/BTC,0.0728625,0.07314,0.072725,0.07284,221.71493753432176,16.14971605
1631365200000.0,2021-09-11 13:00:00,ETH/BTC,0.07283,0.07309,0.0726775,0.0728625,140.5482180476926,10.2406945375
1631361600000.0,2021-09-11 12:00:00,ETH/BTC,0.0722775,0.07313,0.07223,0.07283,851.671343333791,62.027223935
1631358000000.0,2021-09-11 11:00:00,ETH/BTC,0.0724625,0.07252,0.0721425,0.0722775,149.60866538687696,10.8133403125
1631354400000.0,2021-09-11 10:00:00,ETH/BTC,0.07209,0.07263,0.071915,0.0724625,487.05143691564604,35.2929647475
1631350800000.0,2021-09-11 09:00:00,ETH/BTC,0.072095,0.072195,0.0716225,0.07209,275.59581776251906,19.8677025025
1631347200000.0,2021-09-11 08:00:00,ETH/BTC,0.0720575,0.072225,0.0718425,0.072095,563.5812223801927,40.6313882275
1631343600000.0,2021-09-11 07:00:00,ETH/BTC,0.07218,0.0722425,0.07185,0.0720575,214.9010871526212,15.4852350875
1631340000000.0,2021-09-11 06:00:00,ETH/BTC,0.07199,0.0722425,0.071865,0.07218,191.45675744666113,13.8193487525
1631336400000.0,2021-09-11 05:00:00,ETH/BTC,0.072085,0.0721975,0.0716025,0.07199,273.30269072093347,19.675060705
1631332800000.0,2021-09-11 04:00:00,ETH/BTC,0.0717075,0.072245,0.071645,0.072085,415.0369010543109,29.9179350125
1631329200000.0,2021-09-11 03:00:00,ETH/BTC,0.0721625,0.07218,0.0715025,0.0717075,396.77220388383364,28.45154281
1631325600000.0,2021-09-11 02:00:00,ETH/BTC,0.07219,0.072555,0.0720875,0.0721625,650.9192985276285,46.97196388
1631322000000.0,2021-09-11 01:00:00,ETH/BTC,0.07168,0.0723375,0.0716375,0.07219,264.23055783349497,19.07480397
1631318400000.0,2021-09-11 00:00:00,ETH/BTC,0.0715425,0.0721,0.0714925,0.07168,294.589618687221,21.1161838675
1631314800000.0,2021-09-10 23:00:00,ETH/BTC,0.0713225,0.0717575,0.0711175,0.0715425,290.2881825837789,20.7679423025
1631311200000.0,2021-09-10 22:00:00,ETH/BTC,0.0713375,0.07183,0.0711075,0.0713225,937.8460589575519,66.88952554
1631307600000.0,2021-09-10 21:00:00,ETH/BTC,0.0720725,0.0723325,0.0708625,0.0713375,633.8802207464518,45.2194302475
1631304000000.0,2021-09-10 20:00:00,ETH/BTC,0.0725225,0.0727125,0.0720675,0.0720725,216.56890402025738,15.608662335
1631300400000.0,2021-09-10 19:00:00,ETH/BTC,0.0727825,0.07287,0.0725,0.0725225,141.18208428418765,10.2388777075
1631296800000.0,2021-09-10 18:00:00,ETH/BTC,0.072915,0.073,0.0727475,0.0727825,154.57268028028716,11.2501861025
1631293200000.0,2021-09-10 17:00:00,ETH/BTC,0.0724825,0.073,0.07235,0.072915,277.41127244051296,20.22744293
1631289600000.0,2021-09-10 16:00:00,ETH/BTC,0.0726475,0.0726675,0.0723625,0.0724825,162.25714375883834,11.7608034225
1631286000000.0,2021-09-10 15:00:00,ETH/BTC,0.0720775,0.072685,0.0717325,0.0726475,367.72259871296325,26.71412749
1631282400000.0,2021-09-10 14:00:00,ETH/BTC,0.07254,0.07254,0.0715275,0.0720775,1113.5768062502166,80.2638322525
1631278800000.0,2021-09-10 13:00:00,ETH/BTC,0.0734725,0.0734725,0.0725325,0.07254,662.6802810862973,48.07082759
1631275200000.0,2021-09-10 12:00:00,ETH/BTC,0.073395,0.0736025,0.073315,0.0734725,216.48717578005378,15.9058540225
1631271600000.0,2021-09-10 11:00:00,ETH/BTC,0.0736025,0.0736175,0.0733025,0.073395,165.2973793855167,12.13200116
1631268000000.0,2021-09-10 10:00:00,ETH/BTC,0.07356,0.0737125,0.073355,0.0736025,223.99789426310247,16.4868050125
1631264400000.0,2021-09-10 09:00:00,ETH/BTC,0.0733825,0.0735675,0.07332,0.07356,229.6954254010332,16.8963954925
1631260800000.0,2021-09-10 08:00:00,ETH/BTC,0.0737025,0.074095,0.07333,0.0733825,223.6024590672163,16.4085074525
1631257200000.0,2021-09-10 07:00:00,ETH/BTC,0.07368,0.074045,0.0735,0.0737025,301.65678267358635,22.232859025
1631253600000.0,2021-09-10 06:00:00,ETH/BTC,0.07398,0.0740775,0.0736625,0.07368,673.1130334554832,49.594968305
1631250000000.0,2021-09-10 05:00:00,ETH/BTC,0.07414,0.0741725,0.073805,0.07398,283.6812645309543,20.98673995
1631246400000.0,2021-09-10 04:00:00,ETH/BTC,0.0741725,0.074355,0.0740825,0.07414,52.25658210817373,3.8743029975
1631242800000.0,2021-09-10 03:00:00,ETH/BTC,0.074395,0.0744375,0.0740625,0.0741725,93.65336094913883,6.946503915
1631239200000.0,2021-09-10 02:00:00,ETH/BTC,0.0746375,0.0746575,0.07439,0.074395,136.66590698299618,10.16726015
1631235600000.0,2021-09-10 01:00:00,ETH/BTC,0.07407,0.074755,0.07407,0.0746375,150.49944317534752,11.23290219
1631232000000.0,2021-09-10 00:00:00,ETH/BTC,0.07381,0.074215,0.073685,0.07407,750.3922743688404,55.5815557625
1631228400000.0,2021-09-09 23:00:00,ETH/BTC,0.074145,0.07454,0.07369,0.07381,301.65096277604664,22.2648575625
1631224800000.0,2021-09-09 22:00:00,ETH/BTC,0.0743925,0.074605,0.074055,0.074145,295.22179850293344,21.88922025
1631221200000.0,2021-09-09 21:00:00,ETH/BTC,0.07417,0.0749975,0.0740925,0.0743925,359.20911395638,26.72246401
1631217600000.0,2021-09-09 20:00:00,ETH/BTC,0.074375,0.074855,0.07389,0.07417,976.1374647431577,72.40011576
1631214000000.0,2021-09-09 19:00:00,ETH/BTC,0.07445,0.0746475,0.07419,0.074375,2002.188211092437,148.9127482
1631210400000.0,2021-09-09 18:00:00,ETH/BTC,0.075135,0.0751975,0.0742775,0.07445,1200.6125710543988,89.385605915
1631206800000.0,2021-09-09 17:00:00,ETH/BTC,0.0750075,0.07531,0.074945,0.075135,683.905017867838,51.3852035175
1631203200000.0,2021-09-09 16:00:00,ETH/BTC,0.07496,0.0753375,0.074785,0.0750075,197.95771546178713,14.8483133425
1631199600000.0,2021-09-09 15:00:00,ETH/BTC,0.0750675,0.0752475,0.07479,0.07496,149.4682577708111,11.2041406025
1631196000000.0,2021-09-09 14:00:00,ETH/BTC,0.0749075,0.0753525,0.0749025,0.0750675,446.28360239118126,33.5013943225
